16
0.785 0.440 -0.214
0.149 0.327 0.550
-0.072 0.994 0.086
1.729 0.471 0.080
1.170 0.219 0.870
-0.145 0.968 0.205
-0.006 0.387 -0.878
0.188 -0.277 -0.156
0.172 0.748 0.641
-0.872 0.132 -1.045
-0.304 -0.228 -0.304
0.219 0.933 0.286
-0.876 0.460 -1.349
-0.702 -0.180 -0.602
0.145 0.768 0.624
-1.676 0.284 0.755
-1.035 -0.321 1.226
0.488 0.796 0.358
0.974 0.304 -0.671
0.854 -0.345 0.081
-0.102 0.761 0.640
0.780 0.361 -0.202
0.159 -0.287 0.239
-0.529 0.761 0.375
2.062 0.430 -0.725
1.630 0.385 0.176
-0.020 0.999 0.041
-1.646 0.095 1.823
-0.698 -0.071 2.096
0.160 0.986 0.046
-0.173 0.416 -1.830
0.299 0.193 -0.977
0.108 0.975 0.195
0.922 0.315 0.427
0.087 -0.232 0.484
-0.545 0.837 0.038
-1.050 0.292 0.998
-0.228 -0.167 0.661
0.424 0.889 -0.174
-0.755 0.244 -1.641
-0.516 -0.386 -0.903
0.194 0.776 0.600
0.071 0.302 -1.062
-0.376 -0.356 -0.456
-0.390 0.753 0.530
0.575 0.352 1.349
-0.226 -0.213 1.154
-0.549 0.825 -0.133
