13
-1.073 0.140 -0.882
-1.531 0.012 -0.003
0.057 0.983 0.173
-1.545 0.006 -0.993
-1.163 -0.581 -0.278
0.412 0.800 0.436
-1.419 0.152 0.814
-1.128 -0.135 1.726
0.357 0.917 0.174
-0.245 0.170 2.092
0.278 0.023 2.932
0.230 0.973 0.027
0.385 0.077 1.845
1.353 -0.168 1.802
0.235 0.957 -0.172
0.983 -0.111 1.064
0.597 -0.616 0.292
-0.164 0.861 -0.480
1.113 -0.073 1.293
0.430 -0.506 0.705
-0.269 0.898 -0.348
1.812 -0.012 -0.057
2.040 -0.411 -0.945
0.042 0.915 -0.401
0.662 -0.062 -0.337
0.373 -0.635 -1.104
-0.147 0.818 -0.556
-0.658 -0.059 -1.724
0.044 -0.520 -2.268
0.364 0.888 -0.283
-0.570 0.142 -1.338
-0.877 -0.057 -2.269
-0.065 0.980 -0.188
-0.810 0.126 -1.308
-1.797 0.218 -1.437
0.072 0.985 0.154
-1.685 0.143 -1.587
-2.436 -0.116 -0.980
-0.082 0.949 0.303
-1.573 0.099 -0.491
-1.425 -0.444 0.336
0.236 0.831 0.504
