22
-1.642 -0.316 -1.166
-1.737 -0.291 -0.171
0.002 1.000 -0.025
0.835 -0.059 -1.434
-0.056 -0.233 -1.015
-0.157 0.985 0.074
0.528 -0.152 1.021
-0.296 -0.273 0.467
-0.100 0.993 -0.067
1.256 0.068 1.064
0.297 0.211 0.820
0.138 0.990 0.035
0.813 -0.186 -0.613
0.014 -0.292 -0.021
-0.085 0.994 0.063
1.307 0.038 -0.788
0.359 0.174 -0.500
0.131 0.991 -0.040
0.687 -0.101 0.412
-0.190 -0.557 0.564
-0.449 0.890 0.078
0.631 -0.129 0.409
-0.249 -0.601 0.367
-0.471 0.882 -0.022
1.558 -0.184 -1.392
0.715 -0.562 -1.010
-0.345 0.925 0.156
0.928 0.017 -1.429
0.240 -0.436 -0.862
-0.350 0.891 0.288
1.715 -0.012 -0.764
0.722 -0.072 -0.870
-0.060 0.998 -0.006
1.826 -0.246 0.952
1.025 -0.444 0.386
-0.162 0.980 -0.114
1.828 -0.160 0.827
1.126 0.046 0.145
0.148 0.978 0.144
1.221 -0.155 -0.175
0.378 -0.100 0.359
0.047 0.998 -0.030
1.829 -0.114 0.770
1.281 0.072 -0.046
0.104 0.983 0.154
1.209 0.032 0.903
0.748 -0.230 0.055
-0.125 0.965 -0.230
0.803 -0.247 -0.262
0.128 -0.471 0.441
-0.155 0.975 0.161
1.092 -0.304 -0.801
0.387 -0.118 -0.116
0.133 0.983 -0.129
1.221 -0.217 0.276
1.085 0.025 -0.685
0.034 0.970 0.240
-0.023 -0.214 0.790
0.554 0.036 0.013
-0.149 0.968 0.200
-1.358 -0.094 0.059
-0.436 -0.391 -0.189
0.287 0.955 -0.077
-0.637 -0.090 0.570
0.026 -0.264 -0.158
0.117 0.985 -0.129
