22
-0.343 -0.479 0.484
0.126 -1.043 -0.196
0.304 0.826 -0.475
-0.297 -0.349 -0.120
0.647 -0.591 -0.346
0.231 0.970 -0.074
-0.096 -0.285 0.123
0.773 -0.487 -0.329
0.173 0.979 -0.105
-0.226 -0.340 0.034
0.734 -0.565 0.201
0.232 0.972 -0.023
-0.229 -0.483 -0.251
0.344 -0.954 0.420
0.383 0.877 0.289
-0.260 -0.149 -0.260
0.529 0.103 0.300
-0.189 0.967 -0.169
-0.370 -0.338 -0.070
0.120 -0.636 0.750
0.116 0.954 0.277
-0.262 -0.172 -0.169
-0.130 -0.130 0.821
0.004 0.999 -0.043
-0.290 -0.222 -0.164
-0.489 -0.265 0.815
0.025 0.998 0.050
-0.206 -0.418 -0.070
-0.651 -0.857 0.710
-0.111 0.892 0.439
-0.033 -0.108 0.330
-0.826 0.054 0.917
0.153 0.986 -0.066
-0.043 -0.437 0.635
-0.919 -0.827 0.917
-0.329 0.913 0.241
-0.321 -0.331 1.115
-1.301 -0.408 0.932
-0.081 0.997 0.013
-0.292 -0.486 1.001
-1.055 -0.968 0.570
-0.434 0.876 -0.211
-0.073 -0.342 0.171
-1.033 -0.613 0.235
-0.270 0.962 0.031
-0.026 -0.386 -0.032
-0.945 -0.739 0.142
-0.342 0.935 0.089
-0.096 -0.404 0.257
-0.893 -0.788 -0.210
-0.354 0.922 -0.154
-0.022 -0.124 0.297
-0.934 0.123 -0.030
0.235 0.969 0.077
-0.457 -0.402 0.345
-0.817 -0.799 -0.499
-0.170 0.918 -0.359
-0.290 -0.371 0.534
-0.182 -0.664 -0.416
0.039 0.956 -0.290
-0.188 -0.243 0.523
0.098 -0.258 -0.435
0.055 0.998 0.000
-0.195 -0.364 0.282
0.440 -0.737 -0.394
0.269 0.928 -0.259
-0.198 -0.461 0.054
0.670 -0.950 -0.028
0.478 0.869 -0.125
