10
-1.899 0.088 -0.892
-1.074 0.169 -0.333
-0.068 0.997 -0.046
-1.950 0.354 -0.952
-1.388 0.136 -0.154
0.125 0.976 0.178
-1.802 0.188 -2.043
-0.857 0.195 -2.370
-0.007 1.000 0.002
-1.045 0.302 -1.810
-0.870 0.318 -0.826
-0.003 1.000 -0.016
-2.378 0.377 -1.489
-2.365 0.125 -0.521
0.003 0.968 0.252
-1.101 0.063 -1.719
-0.532 0.289 -0.928
-0.132 0.974 -0.184
2.033 0.304 0.613
1.097 -0.029 0.500
-0.331 0.943 -0.040
-1.942 0.290 -1.945
-1.005 -0.020 -2.109
0.306 0.951 -0.054
-0.984 0.105 -1.857
-1.151 -0.056 -0.884
-0.027 0.987 0.159
0.581 0.037 1.729
0.201 0.176 0.815
0.053 0.990 0.128
