10
-0.453 0.118 0.048
0.372 -0.340 -0.282
0.428 0.889 -0.165
0.401 0.102 0.773
1.283 -0.367 0.829
0.469 0.883 0.010
-0.034 0.071 0.264
-0.069 -0.431 1.128
-0.013 0.865 0.502
-0.421 0.279 -0.042
-1.336 0.163 -0.429
-0.102 0.993 -0.056
-0.893 0.180 -0.398
-0.925 -0.289 -1.281
0.094 0.878 -0.470
-0.790 0.023 -0.264
-0.367 -0.679 -0.837
0.429 0.712 -0.556
-0.485 0.105 0.175
0.388 -0.382 0.165
0.487 0.872 0.054
0.591 0.112 1.014
1.529 -0.235 1.004
0.347 0.938 0.011
0.542 0.144 1.025
0.576 -0.315 1.913
0.070 0.887 0.456
-0.110 0.222 0.350
-0.974 -0.064 -0.063
-0.256 0.958 -0.127
-0.921 0.061 -0.416
-0.130 -0.517 -0.614
0.575 0.814 -0.076
