23
0.732 0.348 0.273
0.201 -0.017 1.037
-0.208 0.931 0.300
0.291 0.414 -0.036
-0.274 0.163 0.750
-0.146 0.968 0.204
-0.150 0.280 0.397
0.045 -0.446 1.057
0.206 0.688 0.696
-0.603 0.240 0.731
0.075 0.185 1.465
0.037 0.998 0.040
-0.145 0.170 0.278
0.087 -0.439 1.037
0.178 0.794 0.582
0.057 0.154 -0.568
0.266 0.057 0.405
0.020 0.995 0.095
0.289 0.368 0.376
0.047 -0.502 0.806
-0.426 0.494 0.758
-1.239 0.218 0.291
-0.390 0.405 0.784
-0.162 0.982 -0.094
-1.067 0.258 0.501
-0.554 -0.234 1.204
0.290 0.871 0.397
0.272 0.407 0.793
-0.264 -0.427 0.923
-0.810 0.552 0.197
0.751 0.146 -0.202
0.601 -0.155 0.740
-0.047 0.954 0.297
0.350 0.405 0.963
-0.497 -0.127 0.952
-0.532 0.847 -0.007
-0.137 0.432 0.080
0.335 -0.243 0.646
0.433 0.737 0.518
-0.582 0.225 0.235
0.175 -0.202 0.730
0.358 0.904 0.233
-1.509 0.264 0.537
-0.737 -0.172 1.000
0.374 0.900 0.224
0.197 0.245 -0.475
-0.102 -0.374 0.252
-0.235 0.785 0.573
-0.571 0.176 -0.038
-0.013 -0.508 0.432
0.523 0.730 0.441
0.733 0.358 0.250
0.043 -0.331 0.471
-0.657 0.724 0.210
0.317 0.366 -0.298
0.300 -0.349 0.401
-0.017 0.699 0.715
-0.980 0.238 0.745
-0.173 -0.352 0.771
0.589 0.808 0.019
-1.500 0.388 0.397
-0.946 -0.318 0.839
0.552 0.708 0.440
0.129 0.452 -0.562
0.426 -0.297 0.030
0.336 0.662 0.670
0.881 0.142 0.402
-0.054 -0.201 0.488
-0.341 0.939 0.032
