620
-1.253 0.152 0.632
-0.724 -0.064 -0.188
0.105 0.976 -0.189
-0.994 0.248 1.123
-0.963 0.129 0.131
0.038 0.992 -0.118
-0.842 0.270 0.902
-1.730 0.303 0.443
0.059 0.997 -0.042
-0.656 0.082 0.791
-1.367 -0.147 1.455
-0.150 0.973 0.174
-0.972 0.089 0.417
-0.755 -0.224 1.341
0.174 0.945 0.278
-1.880 0.106 0.356
-1.070 -0.380 0.027
0.456 0.874 -0.168
-1.754 0.115 0.109
-0.955 -0.305 -0.322
0.387 0.907 -0.168
-1.012 0.100 0.643
-0.305 -0.233 1.267
0.273 0.942 0.194
0.037 0.050 0.635
0.839 -0.260 1.146
0.274 0.950 0.147
1.070 0.020 1.355
1.897 -0.360 0.938
0.284 0.919 -0.274
1.215 0.021 1.641
0.733 -0.372 0.858
-0.243 0.919 -0.311
0.727 -0.002 1.613
0.504 -0.419 0.733
-0.120 0.908 -0.401
1.334 0.090 0.354
1.775 -0.120 -0.519
0.071 0.977 -0.199
1.444 -0.127 0.057
1.971 -0.744 -0.527
0.411 0.787 -0.461
1.646 0.226 -0.256
1.698 0.177 -1.254
-0.011 0.999 -0.050
1.847 0.041 -0.417
1.078 -0.381 -0.897
-0.376 0.906 -0.193
1.333 -0.044 0.425
1.844 -0.645 -0.189
0.383 0.799 -0.463
0.823 -0.017 0.926
1.251 -0.541 1.662
0.294 0.851 0.435
0.060 0.054 0.893
-0.898 -0.229 0.862
-0.282 0.958 -0.049
