11
-0.161 0.487 1.257
-0.007 -0.044 0.424
0.097 0.847 -0.523
0.128 0.501 0.988
0.390 -0.120 0.250
0.207 0.783 -0.586
0.549 0.421 -0.629
0.303 -0.277 0.044
-0.239 0.716 0.656
0.514 0.307 -0.665
0.113 -0.304 0.018
-0.310 0.792 0.527
1.128 0.399 -0.004
0.326 -0.132 -0.279
-0.502 0.847 -0.172
-0.677 0.138 0.314
0.154 -0.212 -0.118
0.311 0.937 -0.162
0.940 0.376 -0.079
0.140 -0.208 -0.220
-0.575 0.812 -0.102
-0.957 0.346 0.811
-0.165 -0.194 0.527
0.508 0.842 -0.183
0.985 0.338 -0.025
0.253 -0.279 -0.312
-0.575 0.787 -0.226
1.517 0.361 -0.505
0.780 0.036 0.088
-0.254 0.946 0.204
-0.153 0.385 -0.747
-0.197 -0.342 -0.062
-0.047 0.687 0.725
