11
-0.428 0.185 0.005
-0.512 -0.117 0.955
-0.055 0.953 0.298
-0.588 0.237 0.298
-0.651 -0.017 1.263
-0.028 0.967 0.252
-0.106 0.079 -0.140
-0.659 -0.441 0.512
-0.345 0.854 0.389
-0.308 0.142 0.026
-1.231 -0.214 -0.117
-0.344 0.934 -0.097
-0.445 0.144 0.510
-0.614 -0.289 -0.375
-0.036 0.901 -0.433
-0.423 0.426 0.611
-0.834 0.570 -0.289
0.148 0.985 0.089
-0.400 0.117 0.095
-0.206 -0.348 -0.769
0.153 0.884 -0.441
-0.731 0.152 -0.119
0.129 -0.233 -0.453
0.360 0.923 -0.137
-0.944 0.243 0.106
0.041 0.142 0.248
0.095 0.994 0.049
-0.857 0.111 0.152
-0.031 -0.339 0.492
0.395 0.892 0.222
-0.797 0.119 0.067
-0.080 -0.266 0.647
0.329 0.922 0.206
-0.237 0.085 -0.124
-0.527 -0.414 0.692
-0.208 0.866 0.455
