19
1.188 0.219 -0.447
0.350 -0.323 -0.392
-0.543 0.839 -0.007
1.243 0.291 -0.376
0.514 -0.112 0.178
-0.354 0.914 0.198
1.125 0.356 -0.219
1.017 0.248 0.770
0.002 0.994 0.108
0.982 0.324 -0.087
1.904 -0.023 0.087
0.338 0.938 0.077
1.108 0.282 -0.305
1.348 -0.159 -1.170
0.148 0.897 -0.416
1.154 0.256 -0.125
0.427 -0.258 -0.580
-0.456 0.857 -0.240
0.922 0.082 0.220
0.280 -0.626 -0.075
-0.665 0.706 -0.244
0.836 0.316 -0.393
0.229 -0.045 0.315
-0.257 0.932 0.255
0.713 0.376 -0.373
0.422 0.028 0.519
-0.086 0.937 0.337
0.458 0.357 -0.368
0.269 -0.195 0.445
-0.079 0.833 0.548
0.645 0.563 -0.204
0.572 0.322 0.764
0.095 0.964 0.247
0.807 0.155 -0.275
1.159 -0.650 0.203
0.364 0.588 0.723
1.215 0.171 -0.271
1.347 -0.652 0.281
0.095 0.566 0.819
1.568 0.239 -0.142
1.440 -0.371 0.641
-0.152 0.792 0.592
0.850 0.356 -0.078
1.761 0.042 0.191
0.292 0.949 0.116
0.921 0.130 -0.148
1.240 -0.798 -0.341
0.906 0.358 -0.226
0.598 0.244 -0.481
1.371 -0.225 -0.906
0.362 0.878 -0.313
1.249 0.394 -0.294
1.471 0.232 -1.256
0.016 0.987 -0.163
1.395 0.246 -0.158
0.997 -0.397 -0.812
0.016 0.708 -0.706
1.293 0.357 -0.020
0.535 0.113 -0.625
-0.229 0.968 -0.104
