9
0.895 1.009 3.946
0.805 0.854 2.962
-0.014 0.988 -0.154
-4.475 1.097 0.859
-3.549 0.787 0.642
0.302 0.951 -0.071
-4.341 1.005 0.991
-3.347 0.929 1.066
0.076 0.997 0.006
4.430 1.078 -0.298
3.483 0.952 -0.595
-0.120 0.992 -0.038
-2.232 1.038 -1.290
-1.274 0.907 -1.036
0.126 0.991 0.033
-1.874 1.092 2.397
-1.367 0.582 1.702
0.301 0.860 -0.412
-0.716 0.906 -3.748
-0.718 0.560 -2.810
-0.001 0.938 0.346
-2.223 0.965 -1.281
-1.329 0.714 -0.909
0.231 0.968 0.096
-4.155 0.978 1.174
-3.164 1.104 1.138
-0.126 0.992 0.005
