10
2.728 0.455 0.965
1.829 0.275 0.568
-0.165 0.984 -0.073
0.900 0.518 1.229
0.464 -0.111 0.584
-0.352 0.778 -0.520
3.437 0.280 1.896
2.633 0.215 1.305
-0.052 0.998 -0.038
-3.101 0.455 1.744
-2.382 0.023 1.200
0.345 0.902 -0.260
3.190 0.533 0.961
2.273 0.212 0.726
-0.311 0.947 -0.080
0.902 0.443 0.859
0.122 -0.089 0.529
-0.490 0.847 -0.208
-1.638 0.449 0.873
-1.362 -0.115 0.095
0.189 0.826 -0.532
-2.396 0.340 0.171
-1.535 0.494 -0.313
-0.134 0.988 0.076
-1.638 0.517 0.798
-1.187 -0.206 0.275
0.472 0.690 -0.548
0.902 0.390 0.812
0.107 -0.140 0.518
-0.497 0.848 -0.184
