21
-1.765 0.476 -0.005
-1.711 -0.119 0.796
0.040 0.803 0.594
2.748 0.655 -0.417
1.993 0.179 0.033
-0.409 0.880 0.243
0.650 0.374 2.363
0.118 -0.008 1.607
-0.220 0.924 -0.312
-1.627 0.643 -0.543
-1.157 0.160 0.196
0.259 0.876 0.407
1.040 0.519 2.472
0.263 0.042 2.061
-0.422 0.879 -0.224
-1.898 0.463 -1.354
-1.364 0.148 -0.569
0.177 0.949 0.261
2.184 0.395 0.019
1.294 -0.013 0.222
-0.397 0.913 0.090
-2.182 0.390 0.410
-1.296 0.165 0.818
0.204 0.974 0.094
0.214 0.727 -0.556
0.210 0.272 0.335
-0.002 0.891 0.455
-1.837 0.730 -0.420
-1.182 0.216 0.133
0.393 0.857 0.332
-0.888 0.412 0.158
-0.559 -0.030 0.992
0.163 0.897 0.411
0.899 0.336 0.353
-0.061 0.061 0.398
-0.275 0.961 0.013
0.193 0.462 -0.474
0.547 0.174 0.416
0.106 0.958 0.267
1.945 0.559 -0.846
1.448 0.576 0.022
0.009 1.000 -0.015
-0.049 0.384 0.466
0.398 -0.390 0.916
0.545 0.634 0.549
-1.961 0.428 0.467
-1.088 -0.045 0.588
0.468 0.881 0.065
1.044 0.717 -0.210
0.881 0.059 0.524
-0.142 0.753 0.643
-1.809 0.515 -0.413
-0.901 0.351 -0.027
0.151 0.986 0.064
1.970 0.634 1.808
1.011 0.371 1.708
-0.261 0.965 -0.027
1.723 0.710 0.815
1.005 0.014 0.800
-0.696 0.718 -0.014
0.998 0.562 -0.032
0.837 0.030 0.799
-0.101 0.847 0.523
