15
-0.030 0.554 1.480
-0.251 -0.066 0.728
-0.175 0.784 -0.595
1.700 0.567 -1.013
1.000 -0.120 -0.815
-0.660 0.727 0.188
0.172 0.553 1.507
-0.115 -0.037 0.751
-0.209 0.808 -0.551
2.105 0.614 -0.949
1.269 0.094 -0.773
-0.509 0.854 0.107
-0.473 0.656 0.492
-0.772 -0.169 0.011
-0.436 0.566 -0.700
0.166 0.511 0.575
-0.434 -0.183 0.177
-0.578 0.720 -0.384
-0.468 0.755 0.430
-0.008 0.009 -0.052
0.515 0.666 -0.539
2.193 0.764 -0.180
1.482 0.131 -0.489
-0.580 0.775 -0.252
-0.265 0.721 -0.333
0.485 0.092 -0.539
0.606 0.778 -0.166
1.425 0.662 -0.122
0.674 0.003 -0.085
-0.658 0.752 0.032
0.379 0.524 1.040
0.324 0.098 0.137
-0.026 0.905 -0.425
-0.206 0.627 -0.325
0.302 -0.166 0.011
0.662 0.609 0.437
-0.443 0.592 0.256
0.271 -0.023 -0.079
0.556 0.789 -0.261
0.360 0.423 -0.113
0.110 -0.338 0.485
-0.294 0.649 0.702
-1.077 0.453 -0.175
-0.424 -0.175 0.248
0.527 0.778 0.342
