9
0.212 0.297 -0.053
-0.543 0.153 0.587
-0.110 0.990 0.093
0.121 0.308 0.004
-0.796 0.143 0.366
-0.154 0.986 0.061
-0.487 0.405 -1.070
-0.622 0.406 -0.080
0.000 1.000 -0.001
0.509 0.274 1.215
-0.412 -0.112 1.178
-0.386 0.922 -0.015
0.334 0.578 -0.129
-0.379 -0.004 0.260
-0.511 0.813 0.279
0.659 0.376 1.121
-0.217 0.287 1.595
-0.078 0.996 0.042
0.926 0.265 0.592
0.107 -0.184 0.234
-0.411 0.894 -0.180
0.927 0.526 0.594
0.232 -0.174 0.432
-0.683 0.713 -0.159
0.959 0.313 0.654
0.365 -0.330 0.171
-0.499 0.765 -0.406
