311
-0.704 0.100 1.096
-0.845 -0.634 0.431
-0.012 0.673 -0.740
-0.658 0.340 0.950
-0.188 0.178 0.082
0.060 0.987 -0.152
-0.971 0.133 0.288
-0.350 -0.442 -0.243
0.414 0.817 -0.400
-0.871 0.216 0.382
0.000 -0.272 0.332
0.488 0.873 -0.011
-0.593 0.442 0.902
0.305 0.423 0.462
0.004 0.999 -0.035
-0.723 0.363 0.843
0.062 0.156 1.426
0.193 0.977 0.087
-0.885 0.472 0.651
-0.601 0.567 1.605
-0.007 0.995 -0.098
-0.431 0.503 1.023
-1.095 0.463 1.770
0.019 0.997 0.071
-0.419 0.090 0.954
-1.142 -0.597 1.037
-0.669 0.724 0.168
-0.029 0.198 0.979
-0.569 -0.368 0.357
-0.350 0.824 -0.447
