14
-1.408 0.204 -1.828
-0.745 -0.257 -1.240
0.345 0.887 0.306
-0.629 0.385 -2.050
-0.179 -0.272 -1.444
0.391 0.755 0.527
-0.958 0.274 -0.039
-0.236 -0.377 -0.274
0.619 0.759 -0.201
0.335 0.431 0.379
-0.065 0.070 -0.463
-0.155 0.933 -0.326
-1.422 0.454 -1.500
-0.877 -0.025 -0.811
0.297 0.878 0.375
0.699 0.268 0.424
0.150 -0.063 -0.343
-0.193 0.944 -0.269
-1.439 0.531 -1.077
-1.360 -0.004 -0.235
0.050 0.845 0.532
1.211 0.552 0.417
0.607 0.210 -0.303
-0.220 0.940 -0.262
0.962 0.512 -0.604
0.197 -0.122 -0.490
-0.627 0.773 0.093
0.567 0.443 -0.743
0.062 -0.259 -0.241
-0.498 0.711 0.496
-0.396 0.193 -1.878
-0.522 0.301 -0.891
0.014 0.994 -0.107
0.903 0.221 0.404
0.126 -0.243 -0.022
-0.407 0.886 -0.223
0.700 0.444 0.393
0.443 -0.183 -0.342
-0.207 0.779 -0.592
0.795 0.555 -0.611
0.066 -0.121 -0.727
-0.667 0.738 -0.107
