29
0.678 0.049 0.381
-0.189 -0.067 -0.104
-0.101 0.993 -0.056
1.719 0.107 1.161
0.904 -0.054 0.604
-0.132 0.987 -0.091
2.202 0.233 0.747
1.225 0.029 0.692
-0.203 0.979 -0.011
1.443 -0.035 2.327
0.824 0.001 1.542
0.023 0.999 0.029
1.667 0.294 1.014
0.702 0.065 0.880
-0.226 0.974 -0.031
1.169 0.009 0.705
0.281 0.268 0.325
0.239 0.966 0.102
2.449 0.178 0.218
1.485 -0.007 0.028
-0.182 0.983 -0.036
0.811 0.296 1.366
0.114 0.099 0.677
-0.140 0.980 -0.138
2.237 0.137 0.765
1.299 -0.161 0.589
-0.292 0.955 -0.054
1.696 -0.003 -0.151
0.713 -0.188 -0.118
-0.185 0.983 0.006
1.264 0.318 0.519
0.728 -0.359 1.023
-0.494 0.736 0.464
0.589 0.283 -0.984
-0.375 0.139 -0.761
-0.140 0.990 0.033
1.862 0.258 0.634
1.176 -0.427 0.883
-0.643 0.729 0.234
2.456 0.325 0.754
1.685 -0.175 1.148
-0.445 0.866 0.227
1.189 0.089 2.202
0.710 -0.433 1.497
-0.293 0.853 -0.432
1.455 0.024 1.682
0.825 -0.368 1.011
-0.268 0.920 -0.285
2.050 0.031 1.546
1.079 -0.179 1.663
-0.208 0.978 0.025
0.890 0.028 -0.521
0.575 -0.429 0.311
-0.162 0.889 0.428
-1.611 -0.046 -1.271
-1.041 -0.048 -0.449
0.001 1.000 0.002
-1.468 0.058 -1.040
-0.912 -0.022 -0.213
0.045 0.997 0.067
-1.501 0.151 -0.974
-0.967 0.064 -0.134
0.047 0.996 0.073
0.695 0.010 -0.138
0.158 -0.386 0.607
-0.232 0.918 0.321
2.036 0.234 0.294
1.148 0.057 0.717
-0.160 0.984 0.076
1.523 0.244 1.715
0.972 -0.319 1.099
-0.376 0.826 -0.420
0.745 0.013 1.984
0.196 -0.573 1.389
-0.398 0.810 -0.431
1.689 0.008 1.578
1.311 0.301 0.700
0.116 0.956 0.269
1.280 0.313 0.295
0.501 -0.283 0.102
-0.578 0.803 -0.143
0.846 0.221 0.055
-0.032 -0.069 0.436
-0.266 0.957 0.116
-1.857 0.293 -0.741
-0.878 0.494 -0.718
-0.201 0.980 -0.005
