37
1.456 0.434 1.098
1.219 0.056 0.204
-0.097 0.926 -0.365
0.384 0.274 0.776
0.569 -0.394 0.055
0.166 0.744 -0.647
0.383 0.383 0.768
0.674 -0.248 0.049
0.237 0.776 -0.585
0.662 0.472 0.957
0.877 -0.263 0.314
0.233 0.678 -0.698
1.416 0.372 -0.160
0.693 -0.313 -0.077
-0.681 0.728 0.078
0.627 0.326 1.703
1.004 -0.244 0.973
0.262 0.821 -0.507
0.337 0.383 -1.123
0.798 -0.280 -0.533
0.408 0.749 0.522
1.573 0.345 -0.853
1.426 -0.203 -0.029
-0.096 0.837 0.539
1.757 0.390 1.623
1.019 -0.073 1.132
-0.385 0.887 -0.256
0.092 0.264 0.100
0.783 -0.371 0.445
0.568 0.773 0.283
0.811 0.361 -0.653
0.870 -0.168 0.193
0.037 0.849 0.528
1.024 0.275 0.399
0.631 -0.468 -0.142
-0.438 0.669 -0.601
1.024 0.341 -0.933
1.761 -0.331 -0.866
0.669 0.740 0.061
0.963 0.468 1.348
0.815 -0.243 0.661
-0.149 0.703 -0.696
1.096 0.313 0.132
0.638 -0.503 0.485
-0.647 0.578 0.498
0.919 0.434 -0.109
0.669 -0.395 0.390
-0.371 0.559 0.741
0.808 0.395 -0.692
0.524 -0.277 -0.008
-0.258 0.740 0.621
1.393 0.407 -0.417
0.818 -0.212 0.117
-0.454 0.785 0.422
0.595 0.491 0.183
0.274 -0.437 0.373
-0.798 0.373 0.473
0.955 0.469 1.277
0.612 -0.196 0.613
-0.305 0.747 -0.591
1.382 0.287 0.042
1.354 -0.406 0.761
-0.027 0.720 0.693
1.096 0.388 1.655
1.292 -0.097 0.803
0.109 0.875 -0.472
0.897 0.268 -1.180
1.348 -0.219 -0.432
0.251 0.873 0.418
0.623 0.597 0.924
1.039 -0.131 0.380
0.442 0.686 -0.578
0.700 0.254 1.317
0.426 -0.381 0.595
-0.225 0.772 -0.594
1.070 0.429 -0.938
1.667 0.104 -0.204
0.205 0.946 0.252
0.079 0.354 -0.072
0.742 -0.021 0.576
0.268 0.927 0.262
1.199 0.456 1.160
0.697 -0.058 0.465
-0.301 0.857 -0.417
0.390 0.334 0.836
0.623 0.177 -0.124
0.037 0.988 -0.152
1.059 0.571 -0.806
1.255 0.003 -0.007
0.136 0.823 0.552
1.721 0.449 1.149
1.293 0.348 0.250
-0.043 0.995 -0.091
1.380 0.262 0.022
1.459 -0.376 0.788
0.065 0.770 0.634
0.717 0.266 -1.127
0.525 -0.020 -0.189
-0.057 0.958 0.281
0.739 0.343 1.432
1.213 -0.249 0.779
0.348 0.806 -0.479
0.876 0.631 0.516
1.261 0.069 -0.217
0.261 0.827 -0.497
0.760 0.542 -0.612
0.515 -0.074 0.136
-0.192 0.788 0.585
1.171 0.521 0.856
1.466 0.099 -0.001
0.138 0.906 -0.399
