35
1.062 0.244 -0.361
0.322 0.010 -0.991
-0.191 0.972 -0.137
1.049 0.309 -0.223
0.386 0.137 -0.952
-0.121 0.985 -0.123
1.159 0.410 -0.124
0.372 0.585 -0.715
0.157 0.984 0.084
1.251 0.105 -0.419
0.519 -0.426 -0.848
-0.441 0.847 -0.295
1.286 0.076 -0.135
0.555 -0.489 -0.517
-0.526 0.824 -0.211
0.957 0.161 -0.735
0.197 -0.445 -0.500
-0.585 0.795 0.157
1.132 0.181 -0.721
0.661 -0.351 -0.017
-0.272 0.847 0.457
1.347 0.049 -0.726
0.751 -0.688 -0.407
-0.606 0.674 0.424
1.526 0.066 -0.605
0.959 -0.548 -0.055
-0.402 0.788 0.466
1.561 0.062 -0.308
1.160 -0.569 0.356
-0.287 0.775 0.563
1.456 0.237 0.089
1.430 -0.059 1.044
-0.056 0.954 0.294
1.378 0.215 -0.001
0.903 -0.117 0.813
-0.181 0.943 0.278
1.260 0.003 0.310
0.690 -0.722 0.696
-0.599 0.689 0.408
1.331 0.173 0.346
0.420 -0.219 0.215
-0.402 0.914 0.057
1.408 0.422 0.308
0.439 0.653 0.401
0.228 0.973 -0.048
1.399 0.060 0.317
0.896 -0.602 0.872
-0.445 0.749 0.491
1.444 0.042 0.564
1.143 -0.527 1.329
-0.209 0.822 0.530
1.292 0.203 0.104
1.632 -0.139 0.980
0.145 0.939 0.311
1.247 0.179 0.256
1.784 -0.262 0.974
0.241 0.897 0.370
1.165 0.015 -0.060
1.644 -0.643 0.521
0.525 0.745 0.412
1.014 0.018 -0.354
1.624 -0.707 -0.034
0.657 0.689 0.307
1.061 -0.027 0.303
1.385 -0.743 -0.316
0.255 0.696 -0.671
1.094 0.267 0.391
1.698 0.154 -0.398
0.064 0.994 -0.094
1.087 0.075 0.328
1.461 -0.459 -0.430
0.132 0.840 -0.527
1.234 0.207 -0.187
0.457 -0.214 -0.654
-0.376 0.906 -0.192
1.137 0.432 0.047
0.736 0.539 -0.863
0.014 0.994 0.111
1.175 0.490 0.262
1.149 1.108 -0.524
0.069 0.785 0.616
1.077 0.442 0.245
1.704 0.916 -0.374
-0.397 0.878 0.269
1.199 0.096 0.039
1.983 -0.419 -0.307
0.462 0.857 -0.228
1.181 0.160 -0.126
1.750 -0.287 0.564
0.242 0.893 0.380
1.066 0.363 0.013
1.855 0.673 0.543
-0.364 0.931 -0.004
1.205 0.287 -0.359
1.394 0.336 0.622
-0.090 0.995 -0.033
1.140 0.337 -0.750
1.290 0.875 0.080
-0.112 0.843 -0.526
1.304 0.349 -0.739
0.822 0.835 -0.009
0.172 0.869 -0.465
1.540 0.044 -0.558
1.298 -0.677 0.091
-0.341 0.690 0.639
1.243 0.120 -0.642
0.411 -0.408 -0.814
-0.527 0.848 -0.051
