1181
1.062 0.244 -0.361
0.322 0.010 -0.991
-0.191 0.972 -0.137
1.049 0.309 -0.223
0.386 0.137 -0.952
-0.121 0.985 -0.123
1.159 0.410 -0.124
0.372 0.585 -0.715
0.157 0.984 0.084
1.251 0.105 -0.419
0.519 -0.426 -0.848
-0.441 0.847 -0.295
1.286 0.076 -0.135
0.555 -0.489 -0.517
-0.526 0.824 -0.211
0.957 0.161 -0.735
0.197 -0.445 -0.500
-0.585 0.795 0.157
1.132 0.181 -0.721
0.661 -0.351 -0.017
-0.272 0.847 0.457
1.347 0.049 -0.726
0.751 -0.688 -0.407
-0.606 0.674 0.424
1.526 0.066 -0.605
0.959 -0.548 -0.055
-0.402 0.788 0.466
1.561 0.062 -0.308
1.160 -0.569 0.356
-0.287 0.775 0.563
1.456 0.237 0.089
1.430 -0.059 1.044
-0.056 0.954 0.294
1.378 0.215 -0.001
0.903 -0.117 0.813
-0.181 0.943 0.278
1.260 0.003 0.310
0.690 -0.722 0.696
-0.599 0.689 0.408
1.331 0.173 0.346
0.420 -0.219 0.215
-0.402 0.914 0.057
1.408 0.422 0.308
0.439 0.653 0.401
0.228 0.973 -0.048
1.399 0.060 0.317
0.896 -0.602 0.872
-0.445 0.749 0.491
1.444 0.042 0.564
1.143 -0.527 1.329
-0.209 0.822 0.530
1.292 0.203 0.104
1.632 -0.139 0.980
0.145 0.939 0.311
1.247 0.179 0.256
1.784 -0.262 0.974
0.241 0.897 0.370
1.165 0.015 -0.060
1.644 -0.643 0.521
0.525 0.745 0.412
