738
-0.427 -0.490 0.595
0.351 -0.303 1.195
-0.207 0.978 -0.037
-0.228 0.332 0.337
0.767 0.428 0.363
-0.095 0.995 -0.013
-0.233 0.317 0.427
-0.712 0.346 -0.450
0.119 0.992 -0.033
-0.285 0.309 0.153
-1.245 0.206 0.412
-0.125 0.990 -0.067
-0.049 0.067 -0.122
-0.749 -0.634 -0.253
-0.663 0.708 -0.244
-0.103 0.114 -0.524
-0.832 -0.444 -0.919
-0.469 0.828 -0.306
0.283 0.234 -0.425
0.649 0.162 -1.353
0.053 0.997 -0.057
0.257 0.160 -0.300
0.603 -0.180 0.575
0.094 0.940 0.328
0.007 0.070 -0.387
-0.585 -0.615 0.038
-0.585 0.728 0.357
-0.115 0.243 -0.520
-1.104 0.195 -0.660
-0.043 0.998 -0.037
-0.959 0.280 -1.310
-1.608 0.114 -2.052
-0.051 0.983 -0.176
-1.087 0.348 -1.598
-0.217 0.110 -2.029
0.247 0.968 -0.038
-1.211 0.242 -1.331
-0.603 -0.041 -0.589
0.168 0.959 0.228
-1.273 0.251 -1.106
-1.641 -0.063 -0.231
-0.100 0.949 0.298
-1.377 0.286 -0.856
-1.435 0.086 0.122
0.019 0.979 0.201
-1.339 0.363 -0.576
-0.357 0.289 -0.753
0.070 0.997 -0.028
-1.542 0.079 -0.423
-1.017 -0.724 -0.140
0.722 0.596 0.350
-1.379 0.253 -0.512
-0.434 -0.076 -0.507
0.329 0.944 -0.008
-1.602 0.260 -0.708
-2.022 -0.057 -1.559
-0.033 0.942 -0.334
-1.770 0.146 -0.646
-2.357 -0.596 -0.971
-0.603 0.668 -0.436
