16
0.130 -1.093 0.351
-0.140 -0.970 -0.604
0.033 0.992 0.118
1.110 -1.359 -0.082
0.475 -1.226 -0.844
0.085 0.991 0.101
-0.514 -1.383 1.603
-1.028 -1.105 0.791
0.148 0.961 0.235
2.191 -1.168 0.772
1.428 -1.211 0.127
-0.033 0.999 -0.028
1.173 -1.418 0.071
0.736 -1.418 -0.829
-0.000 1.000 -0.000
-0.480 -1.454 0.458
0.481 -1.220 0.313
-0.232 0.972 0.035
0.115 -1.428 0.316
-0.272 -1.729 -0.555
-0.122 0.954 -0.275
-0.694 -1.216 -2.196
-0.671 -1.609 -1.277
0.010 0.920 0.393
2.109 -1.230 -0.215
1.652 -1.543 0.617
-0.151 0.950 0.274
-1.644 -1.358 -1.697
-1.148 -1.074 -0.876
-0.147 0.959 -0.243
1.947 -1.295 0.878
1.135 -1.651 0.416
-0.310 0.934 -0.176
-0.715 -1.470 -2.591
-0.798 -1.569 -1.599
-0.008 0.995 0.098
-1.777 -1.314 -1.990
-1.645 -1.544 -1.026
0.031 0.973 0.228
-1.729 -1.187 -1.886
-1.580 -1.287 -0.902
0.015 0.995 0.098
-0.816 -1.157 -1.746
0.015 -1.535 -1.338
0.339 0.926 0.167
-1.718 -1.232 -1.331
-0.731 -1.378 -1.266
0.145 0.989 0.010
