15
1.223 0.330 0.982
0.318 0.255 0.563
-0.067 0.997 -0.031
1.997 0.059 1.125
1.012 0.092 0.956
0.033 0.999 0.006
0.061 0.026 -1.898
-0.169 0.000 -0.926
-0.006 1.000 0.025
-0.876 0.185 2.136
-1.517 0.364 1.390
0.117 0.984 0.136
1.187 0.248 -1.176
0.625 0.035 -0.377
-0.123 0.977 0.174
0.891 0.389 0.446
0.697 0.193 -0.515
-0.039 0.981 -0.192
1.094 0.045 -1.120
0.526 0.130 -0.301
0.048 0.996 -0.070
1.355 0.145 -1.753
1.302 0.299 -0.766
0.008 0.988 -0.154
1.610 0.391 -0.036
0.909 0.308 0.672
-0.058 0.997 0.059
0.162 0.320 -1.958
-0.163 0.422 -1.018
0.033 0.995 -0.096
0.266 0.295 -1.240
0.529 0.387 -0.280
-0.024 0.996 -0.089
0.632 0.367 -2.237
0.307 0.563 -1.312
0.065 0.981 -0.185
-2.287 0.093 -0.820
-1.605 0.107 -0.089
-0.009 1.000 -0.010
-0.847 0.301 -0.766
0.110 0.428 -0.506
-0.123 0.992 -0.033
-1.726 0.295 -1.353
-0.815 0.419 -0.958
-0.114 0.992 -0.049
