60
0.522 0.441 -1.107
0.224 0.170 -0.191
-0.084 0.962 0.258
-0.417 0.450 -1.958
-0.421 0.095 -1.023
-0.001 0.935 0.355
-0.528 0.434 -1.533
-0.495 0.198 -0.562
0.008 0.972 0.237
1.067 0.430 -2.427
0.747 0.210 -1.505
-0.072 0.976 0.208
1.308 0.338 -1.779
1.061 0.030 -0.860
-0.080 0.951 0.297
0.776 0.423 -2.334
0.644 0.240 -1.360
-0.025 0.983 0.182
0.267 0.114 -2.452
0.156 -0.155 -1.496
-0.031 0.963 0.268
0.403 0.396 -1.389
0.587 0.173 -0.431
0.042 0.975 0.219
1.381 0.248 0.294
0.575 0.051 0.852
-0.162 0.980 0.112
0.535 0.286 -1.397
0.319 0.183 -0.426
-0.022 0.995 0.100
0.322 0.273 -2.269
0.548 -0.056 -1.353
0.079 0.944 0.320
0.181 0.447 -0.716
-0.294 -0.313 -0.274
-0.557 0.649 0.518
0.722 0.162 -1.459
0.086 -0.339 -0.872
-0.369 0.865 0.340
0.971 0.087 0.799
0.218 -0.525 0.558
-0.583 0.791 -0.186
0.877 0.450 1.067
0.147 -0.132 0.708
-0.522 0.813 -0.257
0.391 0.423 -0.222
0.214 -0.047 0.642
-0.094 0.883 0.461
0.966 0.269 -2.048
0.600 -0.237 -1.268
-0.215 0.862 0.459
0.696 0.120 -1.168
0.091 -0.508 -0.679
-0.488 0.778 0.395
-0.090 0.272 -1.871
-0.148 -0.265 -1.029
-0.037 0.843 0.536
0.517 0.376 -1.807
0.762 0.157 -0.863
0.055 0.976 0.212
1.633 0.420 0.492
0.854 -0.095 0.135
-0.469 0.857 -0.215
1.273 0.374 -0.796
0.544 -0.294 -0.643
-0.653 0.745 0.138
-0.403 0.297 -1.235
-0.010 -0.041 -0.380
0.141 0.941 0.307
-1.266 0.376 -0.701
-0.580 -0.175 -0.226
0.453 0.835 0.314
1.338 0.430 1.064
0.531 -0.140 0.912
-0.561 0.821 -0.106
1.225 0.419 -2.113
1.073 0.283 -1.134
-0.021 0.991 0.134
0.638 0.406 0.534
0.157 -0.322 0.048
-0.513 0.685 -0.518
0.710 0.420 -2.032
0.216 0.339 -1.167
-0.040 0.997 0.070
-0.494 0.192 -0.764
0.128 -0.442 -0.305
0.511 0.773 0.377
1.220 0.298 -1.914
0.576 0.230 -1.153
-0.044 0.998 0.052
1.138 0.192 -1.888
0.955 -0.276 -1.023
-0.097 0.884 0.458
0.874 0.283 0.181
0.309 -0.443 -0.212
-0.595 0.688 -0.415
-1.385 0.349 -1.500
-0.777 -0.270 -1.002
0.479 0.786 0.392
0.718 0.367 1.603
0.017 -0.274 1.290
-0.585 0.768 -0.261
0.047 0.172 1.393
0.016 -0.368 0.552
-0.020 0.842 -0.539
0.585 0.434 1.362
0.782 -0.199 0.613
0.161 0.774 -0.612
0.249 0.332 -0.738
0.054 -0.257 0.046
-0.142 0.808 0.572
0.814 0.244 0.800
0.203 -0.159 0.119
-0.269 0.915 -0.301
0.612 0.231 0.968
0.620 -0.464 0.249
0.008 0.719 -0.695
0.866 0.122 -1.506
0.069 -0.224 -1.011
-0.294 0.938 0.183
-1.093 0.340 -1.496
-1.096 -0.159 -0.630
-0.002 0.866 0.500
-1.674 0.115 -1.693
-0.848 -0.090 -1.169
0.174 0.979 0.110
1.037 0.305 -0.155
0.342 -0.404 -0.039
-0.700 0.705 0.117
1.129 0.472 -0.467
0.405 -0.068 -0.037
-0.465 0.842 0.276
0.203 0.285 -1.590
-0.399 -0.129 -0.908
-0.274 0.910 0.311
0.416 0.177 -2.043
0.313 0.282 -1.054
0.011 0.994 -0.104
1.946 0.247 0.739
1.487 -0.383 0.112
-0.372 0.777 -0.508
-0.194 0.081 -1.429
-0.106 -0.484 -0.609
0.061 0.825 0.562
1.023 0.354 -2.132
0.334 -0.062 -1.539
-0.315 0.909 0.272
0.470 0.128 -1.230
0.712 0.115 -0.260
0.003 1.000 0.012
-1.547 0.309 -1.197
-0.775 -0.205 -0.823
0.463 0.858 0.224
1.144 0.107 0.525
0.418 -0.133 -0.120
-0.180 0.971 -0.160
-1.338 0.097 -1.388
-0.897 -0.509 -0.725
0.335 0.796 0.504
-0.392 0.472 -1.210
-0.109 -0.200 -0.526
0.257 0.741 0.621
0.284 0.269 -0.981
0.654 0.089 -0.069
0.067 0.984 0.166
0.417 0.359 -0.231
-0.300 -0.148 0.247
-0.423 0.861 0.282
0.094 0.437 0.708
-0.130 -0.185 -0.043
-0.178 0.783 -0.596
-0.472 0.207 0.165
0.358 -0.350 0.186
0.557 0.830 0.014
-1.360 0.215 -1.233
-0.628 -0.369 -0.883
0.527 0.812 0.252
1.192 0.307 1.332
0.483 -0.007 0.701
-0.235 0.949 -0.209
