12
-0.855 0.555 -0.714
-0.111 0.287 -0.101
0.218 0.963 0.158
-0.758 0.488 -1.272
-0.678 0.027 -0.388
0.018 0.887 0.461
0.112 0.437 -1.022
-0.533 0.023 -0.380
-0.339 0.908 0.244
0.190 0.446 -1.058
-0.701 0.046 -0.841
-0.405 0.914 0.020
-0.484 0.477 -0.374
-1.213 0.099 -0.944
-0.275 0.925 -0.264
-0.683 0.459 -0.276
-0.678 0.018 -1.173
0.090 0.894 -0.439
-1.046 0.428 -1.003
-0.214 -0.122 -1.085
0.554 0.832 0.033
-0.585 0.445 -1.409
-0.112 -0.053 -0.682
0.272 0.867 0.417
0.306 0.369 -1.479
0.556 -0.084 -0.623
0.100 0.891 0.442
0.960 0.359 -1.371
0.561 -0.256 -0.691
-0.440 0.779 0.446
1.398 0.466 -1.464
0.488 0.126 -1.226
-0.327 0.941 0.092
0.088 0.342 -1.453
0.320 -0.363 -2.123
0.172 0.708 -0.685
-0.565 0.426 -1.617
0.177 -0.110 -1.214
0.499 0.843 0.202
