18
-1.549 0.364 -1.190
-0.808 -0.028 -0.643
0.315 0.920 0.232
1.682 0.282 1.395
0.758 0.171 1.762
-0.103 0.994 0.041
1.534 0.422 1.137
0.772 0.061 0.599
-0.295 0.932 -0.208
-0.782 0.321 -1.291
-0.936 0.128 -0.322
-0.030 0.981 0.191
0.633 0.243 -1.578
-0.095 -0.168 -1.030
-0.328 0.912 0.247
0.829 0.250 -1.030
0.105 0.179 -0.343
-0.051 0.997 0.049
1.104 0.467 0.696
0.248 0.499 1.211
0.028 0.999 -0.017
0.345 0.375 -0.758
-0.264 0.556 0.014
0.112 0.983 -0.143
0.510 0.365 -0.001
-0.136 0.347 0.762
-0.011 1.000 0.013
-0.003 0.268 -1.319
-0.509 0.031 -0.490
-0.123 0.972 0.202
0.043 0.451 -1.045
-0.411 0.615 -0.169
0.076 0.986 -0.146
1.091 0.199 -0.863
0.364 0.205 -0.176
0.005 1.000 -0.004
0.780 0.446 -1.320
0.141 0.071 -0.649
-0.259 0.927 0.272
-1.504 0.439 -1.352
-0.914 -0.128 -0.777
0.406 0.824 0.395
-1.195 0.214 -0.618
-0.270 0.316 -0.251
-0.095 0.995 -0.038
1.086 0.433 -0.862
0.578 0.415 -0.001
-0.009 1.000 0.016
1.336 0.520 -1.677
0.638 -0.132 -1.382
-0.600 0.759 0.254
-0.350 0.288 1.440
0.482 0.300 0.886
-0.010 1.000 0.007
