25
-0.031 0.275 -0.450
-0.895 0.391 0.039
0.100 0.993 -0.057
0.121 0.131 -0.625
-0.724 0.299 -0.118
0.144 0.986 -0.086
-1.463 0.183 -0.871
-1.446 -0.236 0.037
0.008 0.908 0.419
-0.740 0.366 -1.703
-1.019 0.223 -0.754
-0.040 0.990 0.138
0.984 0.168 -0.597
0.356 -0.120 0.125
-0.189 0.958 0.217
-1.196 0.259 -1.461
-1.025 0.322 -0.478
-0.011 0.998 -0.063
-2.505 0.255 -0.845
-1.644 -0.007 -0.410
0.234 0.965 0.118
-0.968 0.375 -1.236
-0.957 -0.227 -0.437
0.009 0.799 0.602
-1.438 0.168 -0.747
-0.793 -0.276 -0.124
0.319 0.896 0.308
-1.380 0.263 -0.967
-1.324 -0.336 -0.168
0.042 0.801 0.597
0.946 0.202 1.564
0.135 -0.245 1.187
-0.406 0.894 -0.189
-1.812 0.448 -1.115
-0.978 0.152 -0.649
0.258 0.955 0.144
-1.549 0.472 -0.856
-0.745 -0.013 -0.513
0.446 0.875 0.190
-0.968 0.144 -0.805
-0.280 -0.462 -0.406
0.524 0.795 0.304
0.970 0.426 -0.583
0.118 -0.097 -0.567
-0.523 0.852 0.009
0.115 0.505 1.711
-0.147 -0.121 0.977
-0.211 0.780 -0.589
-0.816 0.198 -0.581
-0.409 -0.323 0.169
0.248 0.854 0.458
0.391 0.186 -0.002
-0.056 -0.386 0.686
-0.312 0.820 0.480
0.254 0.283 1.843
0.118 -0.223 0.991
-0.080 0.863 -0.500
1.335 0.282 0.973
0.349 0.198 1.112
-0.083 0.996 0.012
1.094 0.197 0.255
0.334 -0.112 0.827
-0.247 0.951 0.186
-2.199 0.188 -0.544
-1.263 0.098 -0.202
0.084 0.996 0.031
-0.368 0.217 -1.598
-0.404 0.360 -0.609
0.005 0.990 -0.143
2.016 0.449 0.708
1.390 0.153 -0.014
-0.194 0.955 -0.224
-1.334 0.497 0.881
-1.409 -0.246 0.215
-0.084 0.670 -0.738
