10
-2.585 0.075 -0.581
-1.698 -0.319 -0.823
0.380 0.919 -0.103
-1.402 0.282 1.292
-0.940 -0.175 0.532
0.237 0.890 -0.390
-2.045 0.097 -1.640
-1.417 -0.503 -1.145
0.471 0.800 0.372
-1.580 0.306 3.033
-0.900 0.149 2.317
0.108 0.988 -0.114
-2.779 0.388 -0.345
-1.913 -0.112 -0.330
0.500 0.866 0.009
0.222 0.402 2.542
-0.179 0.100 1.677
-0.127 0.953 -0.274
1.564 0.286 0.263
0.663 0.056 -0.106
-0.213 0.973 -0.087
-1.592 0.191 2.747
-1.251 0.244 1.808
-0.018 0.999 0.050
3.494 0.269 -1.266
2.689 0.045 -0.716
-0.184 0.975 0.126
-2.067 0.293 -1.830
-1.680 -0.148 -1.020
0.190 0.897 0.398
