16
-2.461 0.023 0.457
-1.584 -0.292 0.821
0.291 0.949 0.121
-1.688 0.276 1.076
-0.826 -0.219 1.189
0.491 0.869 0.064
2.383 0.155 -0.467
1.571 -0.091 0.063
-0.205 0.969 0.134
-2.440 0.273 -0.248
-1.644 -0.237 0.077
0.472 0.860 0.193
2.483 0.163 1.348
2.457 -0.164 0.404
-0.009 0.945 -0.328
-1.027 0.107 2.031
-0.042 0.280 2.020
-0.172 0.985 0.002
-1.715 0.148 1.913
-0.923 0.068 1.307
0.063 0.997 -0.048
-1.281 0.064 -1.174
-0.628 -0.272 -0.495
0.233 0.942 0.243
-1.400 0.186 -0.539
-0.599 0.072 0.049
0.091 0.994 0.067
-1.410 0.340 -0.540
-0.603 0.164 0.024
0.144 0.984 0.101
0.912 0.236 -3.429
0.948 -0.284 -2.575
0.021 0.855 0.519
-1.669 0.049 1.078
-0.878 -0.465 0.745
0.474 0.858 -0.200
1.161 0.275 -1.792
1.471 -0.019 -0.888
0.096 0.956 0.279
1.597 0.012 -3.160
0.999 -0.022 -2.359
-0.020 0.999 0.027
1.906 0.116 2.329
1.378 0.122 1.480
0.003 1.000 0.005
-2.028 0.056 -0.740
-1.136 -0.144 -0.333
0.182 0.980 0.083
