9
-2.372 0.233 -1.213
-1.964 -0.301 -0.472
0.257 0.846 0.468
-1.501 0.374 -0.591
-1.387 -0.357 0.083
0.121 0.683 0.720
-2.660 0.330 -1.823
-2.459 -0.138 -0.962
0.107 0.884 0.456
-1.459 0.436 -0.673
-1.018 -0.281 -0.132
0.453 0.697 0.555
2.083 0.161 -0.869
1.118 -0.101 -0.840
-0.261 0.965 0.008
-2.579 0.299 -1.171
-2.185 0.053 -0.286
0.100 0.969 0.225
-0.731 0.317 0.013
-1.080 -0.586 0.260
-0.739 0.428 0.521
-1.836 0.451 1.088
-1.839 -0.219 0.346
-0.003 0.742 -0.670
-0.742 0.426 0.162
-0.739 -0.521 0.483
0.009 0.322 0.947
