9
0.496 0.155 -0.054
-0.140 -0.478 0.387
-0.559 0.772 0.303
-0.383 0.361 0.333
-1.319 0.143 0.607
-0.204 0.976 0.079
0.366 0.109 0.134
-0.203 -0.529 -0.384
-0.543 0.765 -0.347
-1.606 0.205 0.088
-2.412 -0.274 -0.260
-0.456 0.877 -0.150
-1.912 0.138 -0.310
-2.089 -0.452 -1.098
-0.083 0.807 -0.585
-1.006 0.128 0.093
-0.344 -0.585 -0.137
0.709 0.695 -0.116
0.521 0.287 -0.268
1.253 -0.259 -0.678
0.441 0.836 -0.327
1.126 0.227 -0.580
1.771 -0.502 -0.350
0.680 0.684 0.263
-0.373 0.165 0.396
-0.904 -0.551 0.849
-0.592 0.696 0.407
0.016 0.488 0.035
-0.783 0.364 0.623
0.061 0.957 0.285
