38
1.857 0.072 1.380
0.971 -0.144 0.969
-0.195 0.977 -0.090
1.783 0.134 -1.431
0.897 -0.240 -1.157
-0.357 0.928 0.110
0.936 -0.159 -2.680
0.460 -0.221 -1.803
-0.030 0.998 0.054
2.379 0.021 1.874
1.393 -0.142 1.908
-0.163 0.987 0.005
-0.152 -0.085 2.441
-0.734 -0.256 1.646
-0.101 0.985 -0.138
2.078 0.042 -0.342
1.098 0.140 -0.169
0.097 0.995 -0.017
0.997 -0.136 -0.762
0.179 -0.156 -0.186
-0.016 1.000 0.012
1.084 -0.028 -3.030
0.623 -0.242 -2.168
-0.101 0.977 0.189
1.508 -0.109 -2.522
1.044 -0.246 -1.647
-0.064 0.990 0.122
1.192 -0.005 0.905
0.374 -0.287 0.403
-0.240 0.959 -0.147
1.291 0.163 -3.057
0.973 -0.077 -2.140
-0.079 0.971 0.227
2.222 0.011 2.459
1.245 -0.203 2.449
-0.214 0.977 -0.002
2.132 0.115 1.343
1.224 -0.293 1.439
-0.406 0.913 0.043
0.412 0.123 -2.415
0.118 -0.032 -1.472
-0.046 0.988 0.148
1.046 0.024 -1.991
0.457 0.112 -1.187
0.052 0.996 -0.071
2.003 0.013 -1.460
1.375 -0.268 -0.734
-0.183 0.960 0.212
1.943 -0.113 1.342
1.199 -0.295 0.699
-0.138 0.983 -0.119
1.687 -0.037 1.967
1.032 -0.254 1.243
-0.146 0.976 -0.161
-1.831 -0.114 2.559
-2.096 -0.069 1.596
0.012 0.999 0.043
1.345 -0.022 0.884
0.412 0.095 1.225
0.110 0.993 -0.040
0.927 -0.102 -0.752
0.028 -0.522 -0.626
-0.416 0.908 0.058
1.771 -0.235 -0.301
0.964 -0.586 0.173
-0.303 0.936 0.178
1.446 -0.233 2.563
0.480 -0.488 2.606
-0.255 0.967 0.011
-1.296 -0.056 2.354
-1.581 -0.260 1.417
-0.059 0.979 -0.194
-1.540 -0.092 -2.567
-0.923 -0.149 -1.781
0.035 0.998 0.045
-2.316 0.021 -1.869
-1.510 -0.064 -1.284
0.069 0.996 0.050
0.781 -0.047 -2.425
-0.172 0.094 -2.157
0.136 0.990 -0.038
1.865 -0.045 1.379
1.213 -0.276 0.657
-0.155 0.973 -0.171
0.468 -0.186 -2.064
0.353 -0.198 -1.071
-0.001 1.000 0.012
-1.952 -0.101 -1.930
-1.255 -0.062 -1.214
-0.027 0.999 -0.028
1.133 -0.041 -1.908
0.375 0.276 -1.337
0.253 0.948 -0.191
2.102 0.163 0.219
1.148 0.447 0.126
0.283 0.959 0.028
-2.280 -0.146 -1.543
-2.052 -0.084 -0.571
-0.014 0.998 -0.061
-0.705 -0.051 2.527
-1.058 -0.527 1.722
-0.191 0.879 -0.436
-1.682 -0.099 1.993
-0.985 -0.148 1.278
0.034 0.999 -0.035
-1.120 0.091 0.198
-0.259 -0.278 0.550
0.341 0.930 0.140
-0.943 -0.205 3.003
-0.487 -0.164 2.114
-0.018 0.999 0.036
-1.259 -0.188 2.489
-0.474 -0.601 2.028
0.356 0.911 -0.209
