9
-0.711 0.414 0.540
-0.340 0.040 -0.309
0.219 0.925 -0.311
-0.484 0.359 0.004
0.407 -0.073 -0.133
0.423 0.901 -0.091
-0.258 0.417 0.218
0.109 0.108 1.095
0.138 0.951 0.277
-0.173 0.376 0.204
-0.849 0.007 0.842
-0.305 0.928 0.214
0.244 0.236 -0.087
-0.500 -0.279 -0.513
-0.361 0.846 -0.392
0.437 0.295 -0.375
0.637 -0.126 -1.260
0.154 0.905 -0.396
0.518 0.286 -0.235
1.383 -0.215 -0.222
0.501 0.865 -0.024
0.102 0.322 -0.041
0.450 -0.061 0.816
0.175 0.923 0.341
-0.168 0.405 0.170
-0.810 0.027 0.837
-0.268 0.926 0.267
0.151 0.390 -0.021
-0.385 -0.022 -0.758
-0.216 0.911 -0.352
