54
2.609 0.498 -0.452
1.923 0.466 0.275
-0.022 0.999 0.023
2.238 0.456 0.625
1.590 0.245 1.357
-0.140 0.977 0.159
2.268 0.202 -0.352
1.764 0.364 0.496
0.083 0.987 -0.140
1.589 0.322 -0.230
1.241 0.417 0.703
0.033 0.995 -0.089
2.606 0.428 -0.338
2.222 0.219 0.561
-0.082 0.978 0.192
2.243 0.522 0.456
1.602 -0.045 0.974
-0.441 0.824 0.356
2.918 0.425 0.482
2.092 -0.095 0.697
-0.503 0.854 0.131
2.942 0.437 -0.290
2.160 0.530 0.325
0.073 0.996 -0.057
2.948 0.314 -0.460
2.515 -0.235 0.255
-0.285 0.836 0.470
2.717 0.327 1.656
1.850 0.004 1.275
-0.296 0.946 -0.130
2.588 0.352 0.223
2.093 -0.292 0.806
-0.417 0.765 0.491
1.385 0.525 0.898
0.729 0.064 0.300
-0.340 0.888 -0.310
2.736 0.303 0.642
1.836 0.029 0.983
-0.256 0.962 0.097
2.650 0.361 0.977
1.735 0.029 1.209
-0.322 0.943 0.082
-1.716 0.308 0.039
-0.778 0.038 0.259
0.263 0.963 0.062
1.641 0.413 1.276
1.076 -0.029 0.579
-0.279 0.897 -0.343
1.860 0.225 1.622
1.356 -0.405 1.032
-0.409 0.776 -0.479
0.234 0.452 -0.148
0.782 -0.081 0.496
0.345 0.846 0.406
2.317 0.501 -0.388
1.519 0.037 -0.004
-0.418 0.886 0.201
2.609 0.456 -0.715
1.794 0.414 -0.137
-0.034 0.999 0.024
-1.889 0.311 -0.912
-1.091 0.245 -0.313
0.053 0.998 0.040
-1.216 0.503 -0.792
-1.230 0.060 0.105
-0.007 0.897 0.443
2.022 0.241 0.952
1.189 0.033 0.438
-0.177 0.978 -0.109
-1.812 0.274 1.387
-0.949 0.006 0.957
0.239 0.964 -0.119
-1.460 0.436 0.397
-0.699 -0.200 0.272
0.628 0.772 -0.104
1.931 0.421 -0.375
1.771 -0.200 0.392
-0.127 0.784 0.608
-2.000 0.157 1.079
-1.386 -0.411 0.531
0.423 0.823 -0.378
-0.998 0.276 1.462
-0.240 0.063 0.846
0.166 0.977 -0.135
-1.122 0.197 -1.023
-1.137 -0.201 -0.106
-0.007 0.918 0.397
0.897 0.475 0.266
0.166 -0.204 0.337
-0.676 0.734 0.066
2.443 0.305 0.631
1.736 -0.177 0.113
-0.389 0.876 -0.285
-1.819 0.262 1.047
-0.991 -0.296 0.993
0.556 0.830 -0.037
-1.335 0.425 1.439
-0.703 -0.100 0.869
0.390 0.851 -0.352
-0.532 0.386 -1.643
-0.784 -0.345 -1.009
-0.270 0.683 0.679
-0.706 0.488 -1.661
-1.209 -0.214 -1.156
-0.496 0.712 0.498
-0.938 0.178 -1.344
-1.055 -0.275 -0.460
-0.059 0.892 0.449
2.840 0.336 0.308
1.983 -0.098 0.030
-0.413 0.901 -0.134
-0.584 0.220 -0.969
-0.861 -0.444 -0.274
-0.246 0.748 0.617
-1.574 0.243 -0.628
-0.693 -0.007 -0.227
0.228 0.968 0.104
-1.467 0.352 -0.959
-0.650 0.150 -0.418
0.169 0.979 0.112
-1.550 0.160 -0.923
-1.295 -0.233 -0.040
0.109 0.920 0.378
-1.115 0.164 0.763
-0.153 -0.108 0.750
0.272 0.962 -0.004
2.779 0.363 0.306
1.970 -0.140 0.002
-0.471 0.864 -0.177
1.899 0.470 0.659
1.208 0.144 1.304
-0.238 0.945 0.223
0.377 0.457 0.688
0.081 -0.241 0.035
-0.288 0.716 -0.635
2.044 0.252 1.291
1.117 0.244 0.917
-0.007 1.000 -0.003
-0.645 0.285 0.979
-0.691 -0.135 0.072
-0.021 0.907 -0.420
0.912 0.372 -0.221
0.255 -0.270 0.172
-0.551 0.766 0.330
-0.708 0.265 -0.900
0.119 -0.025 -0.419
0.251 0.957 0.146
1.805 0.415 -0.746
1.074 -0.011 -0.213
-0.345 0.904 0.251
-2.003 0.378 1.183
-1.833 -0.235 0.411
0.132 0.790 -0.599
-1.420 0.202 0.739
-0.526 -0.192 0.952
0.383 0.919 0.091
2.052 0.492 -0.399
1.082 0.329 -0.220
-0.160 0.987 0.030
-0.529 0.348 -1.167
-0.640 -0.306 -0.419
-0.096 0.757 0.647
