1801
1.329 0.155 0.415
0.546 -0.249 -0.059
-0.354 0.914 -0.197
1.236 0.214 0.590
0.637 -0.008 -0.180
-0.159 0.975 -0.156
1.318 0.104 0.426
1.414 -0.645 -0.230
0.177 0.661 -0.729
1.400 0.150 0.443
2.078 -0.404 -0.040
0.462 0.832 -0.306
1.456 0.198 0.279
2.189 -0.362 0.664
0.482 0.828 0.287
1.375 0.183 0.467
1.610 -0.399 1.246
0.123 0.812 0.570
1.128 0.202 0.514
0.542 -0.315 1.138
-0.405 0.854 0.327
1.083 0.169 0.561
0.367 -0.367 1.009
-0.453 0.845 0.286
0.973 0.141 0.412
0.178 -0.464 0.380
-0.604 0.796 -0.023
0.851 0.256 0.329
0.177 -0.190 -0.260
-0.295 0.893 -0.339
-0.301 0.339 0.123
0.099 0.123 -0.767
0.175 0.972 -0.158
-0.328 0.288 0.191
0.264 0.048 -0.578
0.177 0.970 -0.166
0.635 0.147 0.429
0.462 -0.468 -0.340
-0.028 0.784 -0.620
1.308 0.149 0.600
0.783 -0.343 -0.094
-0.287 0.870 -0.400
0.891 0.071 0.168
1.013 -0.800 -0.307
0.289 0.490 -0.823
0.786 0.037 0.102
1.251 -0.725 -0.350
0.617 0.645 -0.451
1.112 0.116 0.419
1.823 -0.516 0.109
0.620 0.770 -0.149
2.166 0.038 -0.389
2.770 -0.754 -0.300
0.789 0.610 0.071
2.061 0.252 0.382
2.628 0.090 -0.426
0.044 0.985 -0.166
2.122 0.298 0.825
2.200 0.186 -0.165
0.005 0.994 -0.112
