54
1.329 0.155 0.415
0.546 -0.249 -0.059
-0.354 0.914 -0.197
1.236 0.214 0.590
0.637 -0.008 -0.180
-0.159 0.975 -0.156
1.318 0.104 0.426
1.414 -0.645 -0.230
0.177 0.661 -0.729
1.400 0.150 0.443
2.078 -0.404 -0.040
0.462 0.832 -0.306
1.456 0.198 0.279
2.189 -0.362 0.664
0.482 0.828 0.287
1.375 0.183 0.467
1.610 -0.399 1.246
0.123 0.812 0.570
1.128 0.202 0.514
0.542 -0.315 1.138
-0.405 0.854 0.327
1.083 0.169 0.561
0.367 -0.367 1.009
-0.453 0.845 0.286
0.973 0.141 0.412
0.178 -0.464 0.380
-0.604 0.796 -0.023
0.851 0.256 0.329
0.177 -0.190 -0.260
-0.295 0.893 -0.339
-0.301 0.339 0.123
0.099 0.123 -0.767
0.175 0.972 -0.158
-0.328 0.288 0.191
0.264 0.048 -0.578
0.177 0.970 -0.166
0.635 0.147 0.429
0.462 -0.468 -0.340
-0.028 0.784 -0.620
1.308 0.149 0.600
0.783 -0.343 -0.094
-0.287 0.870 -0.400
0.891 0.071 0.168
1.013 -0.800 -0.307
0.289 0.490 -0.823
0.786 0.037 0.102
1.251 -0.725 -0.350
0.617 0.645 -0.451
1.112 0.116 0.419
1.823 -0.516 0.109
0.620 0.770 -0.149
2.166 0.038 -0.389
2.770 -0.754 -0.300
0.789 0.610 0.071
2.061 0.252 0.382
2.628 0.090 -0.426
0.044 0.985 -0.166
2.122 0.298 0.825
2.200 0.186 -0.165
0.005 0.994 -0.112
2.150 0.168 0.571
2.259 -0.585 -0.078
0.173 0.657 -0.734
1.730 0.117 0.209
2.364 -0.645 0.344
0.722 0.646 0.249
2.479 -0.068 0.279
2.751 -0.828 0.868
0.210 0.644 0.735
2.644 0.239 0.187
2.705 -0.290 1.034
0.006 0.848 0.530
2.273 0.297 -0.046
1.803 0.216 0.833
-0.127 0.992 0.023
1.723 0.225 0.296
0.922 -0.032 0.837
-0.258 0.963 0.074
0.469 0.140 0.474
0.798 -0.488 1.179
0.187 0.775 0.603
0.200 0.103 0.381
0.630 -0.684 0.823
0.513 0.616 0.598
0.214 0.248 0.429
0.349 -0.099 1.357
0.018 0.937 0.348
0.426 0.295 0.417
0.342 0.294 1.413
-0.012 1.000 0.000
0.097 0.152 0.512
-0.190 -0.496 1.217
-0.382 0.753 0.536
0.151 0.101 0.442
-0.367 -0.704 0.733
-0.710 0.593 0.380
-0.112 0.236 0.483
-0.566 -0.086 1.314
-0.201 0.945 0.257
-0.148 0.292 0.459
-0.988 0.170 0.988
-0.104 0.993 0.063
-0.310 0.168 0.432
-0.902 -0.530 0.835
-0.635 0.712 0.300
-0.408 0.145 0.304
-0.952 -0.625 -0.029
-0.592 0.633 -0.499
-0.448 0.219 0.445
-1.020 -0.241 -0.234
-0.225 0.884 -0.410
-0.358 0.126 0.347
-0.514 -0.668 -0.240
-0.107 0.604 -0.790
-0.385 0.014 -0.019
-0.725 -0.863 -0.360
-0.599 0.481 -0.640
-0.603 0.191 -0.427
-0.667 -0.371 -1.252
-0.015 0.827 -0.562
-0.638 0.063 -0.584
-0.992 -0.847 -0.801
-0.529 0.386 -0.756
-0.650 0.224 -0.304
-1.121 -0.287 -1.022
-0.364 0.855 -0.370
-0.658 0.197 0.005
-1.419 -0.450 -0.041
-0.647 0.762 -0.015
-0.617 0.147 0.447
-1.176 -0.594 0.818
-0.611 0.672 0.419
-1.124 0.267 0.744
-1.903 -0.181 1.184
-0.372 0.894 0.251
-1.163 0.347 1.103
-2.140 0.164 1.213
-0.181 0.983 0.034
-1.166 0.230 0.621
-1.712 -0.368 1.209
-0.463 0.799 0.384
-0.911 0.170 0.716
-0.998 -0.581 1.371
-0.052 0.660 0.749
-1.138 0.243 0.962
-0.378 -0.386 1.123
0.626 0.776 0.073
-1.680 0.345 0.985
-0.805 -0.074 1.227
0.409 0.908 0.091
-1.751 0.222 1.031
-1.132 -0.562 1.081
0.780 0.621 0.075
-1.842 0.304 0.959
-1.076 -0.122 0.476
0.401 0.902 -0.160
-1.885 0.292 0.976
-1.543 -0.370 0.309
0.447 0.739 -0.505
-1.862 0.132 0.987
-1.374 -0.600 0.510
0.630 0.673 -0.388
-1.856 0.133 0.978
-1.101 -0.458 0.695
0.567 0.806 -0.171
