663
0.342 0.155 0.776
-0.494 -0.392 0.727
-0.540 0.835 -0.106
-0.228 0.129 0.411
-0.563 -0.404 -0.366
-0.266 0.845 -0.465
-0.655 0.132 0.515
0.091 -0.443 0.178
0.515 0.818 -0.256
-1.002 0.131 -0.165
-0.846 -0.447 0.635
0.025 0.813 0.582
-0.882 0.102 -0.019
-0.441 -0.445 0.692
0.172 0.829 0.532
-0.090 0.128 0.626
-0.129 -0.332 -0.262
-0.030 0.888 -0.458
0.380 0.131 0.955
-0.423 -0.455 0.850
-0.546 0.796 -0.260
0.785 0.219 -0.551
0.164 -0.043 0.188
-0.176 0.965 0.194
0.840 0.084 -0.435
0.683 -0.589 0.288
-0.233 0.737 0.635
0.700 0.109 0.114
0.934 -0.487 -0.654
0.169 0.803 -0.572
0.246 0.032 0.695
1.106 -0.455 0.544
0.479 0.874 -0.083
-0.311 0.299 0.440
0.624 0.564 0.205
-0.290 0.954 -0.076
-0.615 0.017 0.438
-0.057 -0.549 1.046
0.367 0.824 0.432
-0.650 0.159 0.446
0.339 0.029 0.508
0.133 0.990 -0.046
-0.374 0.052 0.588
-0.850 -0.525 -0.076
-0.379 0.815 -0.438
-1.380 0.030 -0.349
-0.884 -0.491 -1.044
0.430 0.842 -0.325
-0.878 -0.000 -0.352
-0.899 -0.650 0.408
-0.126 0.756 0.643
-0.725 0.200 -0.960
-0.882 -0.020 0.002
0.041 0.973 0.229
-0.680 0.169 -0.931
0.064 -0.097 -0.319
0.141 0.959 0.245
-0.671 0.244 -0.971
-1.621 0.313 -0.665
0.125 0.978 0.167
