21
-0.262 0.404 -2.483
-0.724 0.177 -1.626
-0.108 0.974 0.200
0.340 0.588 -1.527
-0.089 0.311 -0.667
-0.124 0.961 0.248
1.566 0.546 -1.469
0.574 0.616 -1.573
0.070 0.998 0.007
-0.261 0.333 -2.485
-0.782 0.115 -1.661
-0.116 0.976 0.184
2.109 0.635 -0.761
1.287 0.659 -0.192
0.019 1.000 -0.013
1.644 0.509 -1.473
0.655 0.565 -1.339
0.056 0.998 -0.008
1.147 0.644 -1.107
0.810 0.595 -0.167
-0.016 0.999 0.046
2.228 0.531 -0.990
1.349 0.459 -0.519
-0.064 0.997 0.034
-2.031 0.606 1.568
-1.441 0.638 0.761
-0.019 0.999 0.026
2.626 0.445 -0.371
1.722 0.237 0.001
-0.193 0.978 0.079
-0.558 0.545 1.014
-0.453 0.429 0.026
0.012 0.993 -0.115
2.178 0.464 -1.484
1.273 0.356 -1.894
-0.098 0.994 -0.045
0.456 0.371 2.605
0.040 -0.219 1.913
-0.304 0.807 -0.506
0.366 0.324 2.233
0.186 0.401 1.252
0.014 0.997 0.076
2.667 0.371 -0.491
1.799 0.130 -0.057
-0.216 0.970 0.108
0.514 0.441 -1.849
0.134 -0.025 -1.050
-0.199 0.885 0.421
2.017 0.343 -0.837
1.104 0.268 -0.436
-0.069 0.997 0.030
2.200 0.652 0.177
1.280 0.289 0.331
-0.358 0.932 0.060
2.146 0.344 0.262
1.337 0.383 -0.324
0.031 0.999 0.023
0.282 0.563 -2.743
0.086 0.082 -1.889
-0.108 0.877 0.469
0.362 0.387 2.214
0.509 0.070 1.277
0.049 0.949 -0.312
