30
-1.113 0.539 0.962
-0.328 0.543 0.344
-0.004 1.000 0.003
1.746 0.571 -1.086
0.783 0.319 -1.181
-0.251 0.968 -0.025
1.249 0.400 1.463
1.574 0.542 0.528
-0.046 0.990 0.134
2.386 0.635 1.914
1.848 0.670 1.072
0.019 0.999 0.030
1.743 0.591 2.020
1.326 0.244 1.180
-0.155 0.938 -0.311
-0.459 0.619 0.797
-0.268 0.498 -0.177
0.023 0.993 -0.119
-2.101 0.620 1.097
-1.229 0.226 0.806
0.374 0.919 -0.125
-2.813 0.398 0.261
-2.033 0.053 -0.261
0.286 0.939 -0.192
1.944 0.354 1.113
1.325 0.155 0.353
-0.126 0.980 -0.155
1.416 0.531 0.706
0.877 0.242 -0.085
-0.163 0.957 -0.239
-2.104 0.297 -0.155
-1.294 -0.008 -0.656
0.260 0.952 -0.161
-2.098 0.495 -0.141
-1.258 0.132 -0.545
0.327 0.932 -0.157
-1.590 0.379 0.319
-0.677 0.069 0.054
0.298 0.951 -0.086
0.648 0.680 1.386
0.263 0.481 0.485
-0.078 0.980 -0.183
2.522 0.607 0.345
1.752 -0.022 0.237
-0.623 0.777 -0.087
2.703 0.360 -0.232
1.929 -0.257 -0.091
-0.607 0.787 0.110
1.800 0.389 -1.073
0.899 -0.002 -0.884
-0.383 0.920 0.080
2.342 0.367 -0.320
1.578 -0.216 -0.044
-0.548 0.813 0.197
1.234 0.633 1.530
1.452 0.085 0.722
0.142 0.837 -0.528
2.040 0.448 0.849
1.376 0.012 0.241
-0.321 0.900 -0.295
1.823 0.306 1.663
1.086 0.443 1.001
0.102 0.991 0.091
1.905 0.491 1.292
1.262 -0.032 0.732
-0.394 0.852 -0.343
1.445 0.662 0.084
0.591 0.654 -0.436
-0.006 1.000 -0.004
-1.525 0.631 0.022
-0.722 0.098 -0.245
0.506 0.846 -0.168
-1.738 0.626 0.992
-1.129 0.160 0.350
0.321 0.885 -0.338
-1.755 0.513 -1.921
-1.263 0.201 -1.108
0.162 0.950 0.267
2.305 0.425 0.914
1.632 -0.150 0.449
-0.473 0.818 -0.327
-1.752 0.290 -1.301
-0.800 0.031 -1.462
0.256 0.966 -0.043
-1.907 0.347 -0.717
-1.185 -0.258 -0.382
0.549 0.796 0.255
1.924 0.303 -0.421
1.016 -0.097 -0.297
-0.397 0.916 0.054
