10
-1.695 0.774 1.416
-0.984 0.269 0.926
0.415 0.864 -0.286
-1.829 0.925 -0.609
-1.189 0.381 -0.067
0.415 0.839 0.351
-0.822 0.846 -3.213
-0.422 0.263 -2.507
0.287 0.812 0.508
2.189 0.857 -3.821
1.590 0.549 -3.082
-0.194 0.952 0.238
-2.074 0.777 -0.609
-1.315 0.407 -0.073
0.302 0.929 0.213
5.210 0.968 -3.850
4.502 0.469 -3.351
-0.408 0.867 0.287
4.347 0.939 1.359
3.745 0.429 0.745
-0.357 0.860 -0.364
1.323 0.872 0.968
0.619 0.387 0.451
-0.391 0.874 -0.288
5.198 1.063 1.611
4.443 0.741 1.040
-0.256 0.947 -0.194
5.453 1.026 -1.414
4.603 0.579 -1.136
-0.425 0.894 0.139
