8
-0.200 0.298 -0.376
0.661 0.220 0.125
0.083 0.996 0.012
-0.215 0.297 -0.379
0.525 0.219 0.289
0.105 0.994 -0.001
-0.298 0.048 -0.316
0.014 -0.557 0.416
0.228 0.796 0.560
-0.209 0.365 -0.242
0.036 0.490 0.720
0.028 0.990 -0.135
-0.056 0.191 0.017
-0.750 -0.077 0.685
-0.177 0.963 0.203
0.299 0.263 0.058
-0.679 0.201 0.257
-0.057 0.998 0.034
-0.370 0.255 0.346
-1.234 0.190 -0.153
-0.080 0.997 0.010
-0.693 0.064 0.179
-0.113 -0.162 -0.604
0.195 0.971 -0.135
-0.209 0.169 -0.323
0.699 -0.137 -0.037
0.311 0.950 0.030
