9
-1.516 0.641 -0.392
-0.762 0.082 -0.046
0.508 0.829 0.233
-2.683 0.871 0.552
-1.982 0.304 0.985
0.482 0.824 0.298
-2.326 0.748 3.171
-1.863 0.579 2.301
0.080 0.986 -0.150
1.311 0.599 -0.309
1.044 0.110 0.522
-0.149 0.872 0.466
-2.326 0.592 3.438
-1.626 0.140 2.885
0.355 0.892 -0.280
-0.692 0.744 -0.325
-0.134 0.327 0.392
0.256 0.909 0.329
0.067 0.765 0.450
-0.347 -0.053 0.051
-0.589 0.574 -0.568
1.319 0.571 0.354
0.920 -0.038 1.039
-0.307 0.793 0.526
0.941 0.652 1.491
0.203 0.022 1.247
-0.598 0.777 -0.198
