9
-0.724 0.271 1.083
0.101 0.344 0.522
-0.060 0.997 0.041
0.951 0.553 -1.251
1.744 0.054 -0.902
0.456 0.867 0.201
-0.251 0.604 0.837
0.696 0.353 1.039
0.245 0.968 0.052
0.637 0.434 -1.243
1.314 0.082 -0.597
0.255 0.936 0.243
1.131 0.432 -1.255
1.667 -0.284 -0.809
0.550 0.698 0.458
-0.409 0.407 -0.291
0.431 -0.091 -0.509
0.482 0.867 -0.125
2.337 0.329 0.048
1.444 0.118 -0.349
-0.193 0.977 -0.086
2.344 0.298 0.405
1.828 -0.344 -0.162
-0.432 0.767 -0.475
-0.724 0.397 0.937
-0.352 -0.159 0.194
0.249 0.832 -0.497
