18
-0.591 0.124 0.717
0.168 -0.414 0.350
0.485 0.843 -0.234
1.420 0.283 0.293
0.523 -0.045 -0.003
-0.312 0.945 -0.103
2.282 0.183 0.120
1.316 0.200 -0.138
0.017 1.000 0.004
1.143 0.326 0.331
0.153 0.400 0.214
0.074 0.997 0.009
-2.034 0.260 0.527
-1.309 -0.359 0.225
0.571 0.786 -0.238
1.526 0.139 -0.744
0.626 -0.255 -0.557
-0.386 0.919 0.080
2.078 0.150 0.202
1.134 0.140 -0.126
-0.009 1.000 -0.003
-2.072 0.262 0.533
-1.091 0.073 0.510
0.189 0.982 -0.004
0.791 0.147 -1.665
0.357 -0.268 -0.865
-0.198 0.910 0.365
0.899 0.032 -1.680
0.255 -0.410 -1.055
-0.317 0.897 0.307
-1.560 0.158 1.124
-1.143 -0.382 0.392
0.267 0.842 -0.469
1.207 0.135 -1.564
0.712 -0.158 -0.747
-0.152 0.956 0.251
1.201 0.348 -0.699
0.614 -0.142 -0.055
-0.330 0.872 0.362
1.300 0.193 0.683
0.994 -0.415 -0.050
-0.234 0.795 -0.560
2.258 0.152 -0.047
1.640 -0.172 -0.763
-0.212 0.946 -0.245
1.358 0.011 0.978
0.534 -0.488 0.712
-0.475 0.866 -0.154
1.006 0.172 -1.695
0.608 -0.459 -1.029
-0.324 0.776 0.542
0.293 0.307 -0.838
-0.045 -0.305 -0.122
-0.261 0.791 0.554
