11
-0.377 0.315 1.353
0.564 0.238 1.022
0.073 0.997 -0.026
-0.412 0.492 1.352
0.217 0.105 0.679
0.264 0.922 -0.283
-0.018 0.384 0.630
0.708 0.068 0.020
0.241 0.949 -0.203
-0.831 0.218 -1.453
-0.029 -0.279 -1.123
0.459 0.868 0.189
-1.742 0.447 -0.211
-0.886 -0.038 -0.031
0.474 0.875 0.099
-0.699 0.522 -1.449
0.187 0.109 -1.237
0.402 0.911 0.096
0.959 0.252 1.202
0.272 -0.123 0.579
-0.278 0.927 -0.252
-0.234 0.344 0.632
-0.117 -0.464 0.053
0.159 0.590 -0.791
-1.571 0.395 -0.204
-0.863 -0.285 -0.013
0.656 0.733 0.178
0.924 0.212 -0.073
-0.076 0.218 -0.090
0.006 1.000 0.000
1.343 0.544 1.277
0.773 -0.117 0.789
-0.502 0.751 -0.430
