22
1.872 0.246 1.060
1.051 0.077 0.515
-0.141 0.986 -0.094
0.422 0.417 0.716
-0.447 0.461 0.223
0.037 0.999 0.021
2.536 0.487 -1.208
1.635 0.347 -0.796
-0.127 0.990 0.058
2.078 0.426 -1.040
1.131 0.125 -1.152
-0.299 0.954 -0.035
2.877 0.588 0.038
1.890 0.533 -0.117
-0.055 0.998 -0.009
2.529 0.512 -1.425
1.681 0.499 -0.894
-0.011 1.000 0.007
2.716 0.516 -0.949
1.844 0.099 -0.692
-0.400 0.909 0.118
2.325 0.396 0.041
1.462 0.056 -0.333
-0.312 0.941 -0.135
0.745 0.537 1.696
0.103 0.118 1.054
-0.296 0.908 -0.296
-2.542 0.336 0.676
-1.861 0.009 0.021
0.235 0.945 -0.226
-2.724 0.545 -0.309
-1.906 0.038 -0.582
0.481 0.862 -0.161
2.879 0.369 -0.950
2.000 0.244 -1.409
-0.110 0.992 -0.058
3.070 0.479 -0.741
2.111 0.608 -0.992
0.125 0.992 0.033
3.016 0.631 -1.939
2.187 0.650 -1.381
0.016 1.000 -0.011
3.340 0.374 -0.952
2.596 -0.158 -1.356
-0.468 0.847 -0.253
3.518 0.493 -1.418
2.715 0.126 -0.949
-0.317 0.930 0.185
-3.060 0.243 1.433
-2.351 0.100 0.742
0.102 0.990 -0.100
-3.066 0.259 1.252
-2.210 0.262 0.736
-0.002 1.000 0.001
-2.242 0.568 0.669
-1.608 -0.048 0.202
0.496 0.787 -0.366
-1.628 0.250 -1.737
-1.062 -0.232 -1.069
0.312 0.876 0.368
0.897 0.259 1.692
-0.102 0.251 1.751
-0.008 1.000 0.000
3.070 0.510 -0.780
2.234 0.365 -1.310
-0.123 0.989 -0.078
