11
-1.155 0.545 0.833
-0.286 0.196 0.483
0.324 0.937 -0.131
-0.834 0.852 -0.495
-0.049 0.523 0.031
0.273 0.944 0.183
-1.168 0.845 -0.359
-0.359 0.494 0.112
0.303 0.936 0.177
-0.716 0.769 -0.542
0.109 0.267 -0.283
0.479 0.865 0.150
-0.655 0.678 -0.530
0.028 0.352 0.124
0.235 0.946 0.225
-0.915 0.617 0.736
-0.330 0.664 -0.073
-0.028 0.999 0.039
-0.281 0.709 1.678
-0.031 0.235 0.834
0.135 0.880 -0.455
0.247 0.772 0.178
-0.264 0.021 -0.239
-0.582 0.660 -0.476
-0.451 0.637 0.549
0.420 0.150 0.610
0.486 0.874 0.034
1.415 0.738 0.130
0.616 0.182 -0.097
-0.535 0.831 -0.152
-0.540 0.550 -0.249
0.162 0.440 0.454
0.077 0.994 0.078
