365
0.638 0.470 0.010
1.280 -0.108 0.513
0.444 0.816 0.371
0.399 0.497 0.246
0.514 -0.122 1.022
-0.017 0.781 0.625
-0.069 0.593 0.794
-0.839 0.046 1.124
-0.523 0.836 0.164
-0.430 0.603 0.441
-1.287 0.135 0.229
-0.451 0.883 -0.126
-0.761 0.456 0.423
-1.005 -0.254 -0.237
-0.305 0.703 -0.643
-0.268 0.432 0.151
0.245 -0.175 -0.455
0.357 0.794 -0.493
0.175 0.480 0.082
0.989 -0.097 0.157
0.571 0.817 0.078
0.906 0.497 0.271
1.068 -0.083 1.069
0.103 0.814 0.571
0.387 0.562 0.345
-0.197 0.047 0.973
-0.389 0.856 0.340
-0.030 0.689 0.201
-0.965 0.344 0.118
-0.329 0.930 -0.163
-0.529 0.547 0.339
-0.715 -0.048 -0.443
-0.133 0.804 -0.580
