10
0.907 0.701 0.234
0.619 0.541 -0.711
-0.047 0.987 -0.153
-3.547 0.618 -0.085
-2.754 0.263 0.410
0.302 0.935 0.188
1.596 0.776 -0.970
0.779 0.446 -0.496
-0.285 0.944 0.166
-3.072 0.640 -0.755
-2.151 0.530 -0.382
0.102 0.994 0.041
0.066 0.514 -1.068
-0.240 0.409 -0.121
-0.032 0.994 0.100
0.887 0.533 0.131
0.548 0.635 -0.805
0.035 0.995 0.096
2.015 0.768 -0.956
1.303 0.301 -0.431
-0.376 0.884 0.277
-3.551 0.764 -0.103
-2.898 0.236 0.440
0.406 0.849 0.337
1.835 0.577 -1.036
1.024 0.193 -0.596
-0.337 0.923 0.183
0.125 0.618 -0.819
-0.217 0.497 0.113
-0.042 0.993 0.114
