10
-0.793 0.569 -0.693
0.054 0.120 -0.976
0.470 0.882 0.007
-0.834 0.545 -0.588
-0.030 0.169 -0.128
0.298 0.925 0.236
-0.729 0.490 -0.491
-0.893 0.176 0.444
0.034 0.946 0.324
-1.102 0.466 0.099
-2.060 0.240 0.275
-0.222 0.974 0.048
-2.092 0.573 0.837
-2.714 0.274 0.114
-0.075 0.943 -0.325
-1.805 0.521 0.586
-1.744 0.089 -0.314
0.222 0.885 -0.409
-1.167 0.474 0.042
-0.334 0.036 -0.297
0.435 0.896 -0.090
-0.125 0.415 0.062
0.555 -0.064 -0.493
0.508 0.854 -0.116
0.808 0.255 -0.053
1.243 -0.322 -0.744
0.430 0.807 -0.403
1.400 0.256 -0.423
1.597 -0.343 -1.199
0.271 0.794 -0.544
0.839 0.367 -0.860
1.337 -0.109 -0.134
0.281 0.880 0.384
