76
-0.819 0.192 -1.906
-0.206 -0.458 -1.456
0.523 0.760 0.385
-0.558 0.316 -1.920
-0.477 -0.341 -1.170
0.070 0.754 0.653
1.911 0.210 0.158
0.915 0.242 0.235
0.032 0.999 -0.003
1.475 0.357 -1.029
0.604 0.227 -0.557
-0.114 0.992 0.062
1.674 0.470 0.390
0.688 0.398 0.541
-0.071 0.997 0.011
1.603 0.456 -1.021
0.786 0.120 -0.553
-0.292 0.942 0.167
-0.774 0.371 -0.537
-0.377 -0.090 -1.331
0.206 0.888 -0.412
0.245 0.283 -1.441
-0.269 0.141 -0.595
-0.074 0.990 0.122
0.967 0.482 -1.683
0.696 0.143 -0.782
-0.098 0.941 0.324
1.250 0.291 -1.121
0.653 0.019 -0.366
-0.169 0.962 0.214
1.053 0.321 -1.933
0.468 0.265 -1.124
-0.032 0.998 0.045
1.710 0.388 -1.034
0.735 0.189 -0.934
-0.198 0.980 0.020
0.899 0.482 -1.340
0.198 0.330 -0.643
-0.107 0.989 0.107
0.045 0.327 -1.744
-0.190 0.005 -0.827
-0.080 0.947 0.312
-0.357 0.196 -1.743
-0.126 0.099 -0.775
0.023 0.995 0.095
0.650 0.302 -1.793
0.642 0.168 -0.802
-0.001 0.991 0.134
1.254 0.108 -1.962
0.588 0.217 -1.224
0.073 0.994 -0.081
1.788 0.413 0.376
0.809 0.427 0.580
0.014 1.000 -0.003
-0.563 0.259 -0.974
-0.524 0.216 0.024
0.002 0.999 0.043
1.208 0.161 1.795
1.064 -0.044 0.827
-0.030 0.979 -0.202
-0.763 0.433 -1.590
-0.016 -0.205 -1.398
0.617 0.771 0.159
-1.287 0.343 -1.249
-0.352 -0.007 -1.313
0.349 0.937 -0.024
1.555 0.482 0.607
0.575 0.488 0.805
0.006 1.000 -0.001
-0.155 0.193 -1.838
0.095 -0.010 -0.892
0.052 0.979 0.197
0.476 0.365 -1.070
-0.068 0.283 -0.235
-0.045 0.997 0.069
1.426 0.149 1.538
0.993 -0.140 0.684
-0.131 0.957 -0.258
1.381 0.327 -1.233
0.937 -0.070 -0.430
-0.192 0.918 0.348
0.950 0.146 -1.018
0.484 -0.111 -0.171
-0.124 0.966 0.226
1.789 0.230 0.579
0.899 0.253 0.123
0.020 1.000 0.010
1.292 0.427 -1.766
1.024 0.435 -0.803
0.002 1.000 -0.008
-1.295 0.306 -0.856
-0.697 0.127 -1.637
0.109 0.984 -0.142
0.794 0.301 -0.823
0.218 -0.023 -0.073
-0.198 0.946 0.257
1.499 0.276 0.873
0.915 0.107 0.080
-0.100 0.986 -0.136
1.130 0.315 -0.225
0.283 -0.089 -0.569
-0.374 0.915 -0.152
0.298 0.284 1.442
0.265 0.053 0.470
-0.008 0.973 -0.231
0.716 0.297 1.267
0.707 0.027 0.304
-0.002 0.963 -0.271
-1.971 0.489 -0.369
-1.039 0.179 -0.557
0.304 0.951 -0.061
-0.206 0.328 0.662
-0.238 0.030 -0.292
-0.010 0.954 -0.298
1.217 0.232 1.162
0.547 0.144 0.425
-0.060 0.996 -0.066
-0.880 0.334 0.212
-0.496 0.026 -0.659
0.124 0.951 -0.282
0.850 0.370 -1.716
0.141 0.528 -1.029
0.114 0.987 -0.110
-1.599 0.360 -0.808
-0.709 -0.070 -0.962
0.424 0.903 -0.073
1.288 0.338 -0.796
0.329 0.430 -0.529
0.088 0.996 -0.025
1.442 0.302 -1.204
0.480 0.381 -0.940
0.077 0.997 -0.021
-0.764 0.208 -1.081
-0.461 0.028 -0.145
0.055 0.984 0.171
-0.964 0.306 -1.349
-1.039 -0.018 -0.406
-0.026 0.946 0.323
-0.765 0.443 -0.927
-0.536 0.445 0.046
-0.001 1.000 -0.003
1.639 0.383 0.202
0.652 0.469 0.066
0.084 0.996 0.012
0.874 0.282 1.567
0.574 -0.284 0.799
-0.205 0.824 -0.527
1.223 0.213 -0.569
0.357 -0.202 -0.847
-0.395 0.910 -0.127
1.745 0.346 0.381
0.968 -0.235 0.140
-0.555 0.814 -0.172
1.251 0.357 0.036
0.523 0.163 -0.621
-0.143 0.981 -0.129
0.790 0.339 -1.327
0.073 -0.095 -0.781
-0.345 0.901 0.263
1.119 0.423 1.342
0.596 -0.084 0.657
-0.308 0.862 -0.403
-0.042 0.465 1.419
-0.404 0.261 0.510
-0.075 0.979 -0.189
0.651 0.133 -0.967
-0.279 -0.229 -0.910
-0.361 0.932 0.022
-0.961 0.128 -1.798
-0.403 0.075 -0.970
0.030 0.999 0.044
-0.490 0.445 0.062
-0.425 -0.005 -0.829
0.033 0.893 -0.448
0.600 0.193 0.644
0.231 -0.046 -0.254
-0.091 0.971 -0.221
-0.064 0.345 1.664
-0.475 0.306 0.753
-0.016 0.999 -0.035
-0.173 0.354 1.572
-0.468 0.243 0.623
-0.033 0.994 -0.106
-0.725 0.374 -0.742
-0.055 -0.110 -0.177
0.370 0.875 0.312
1.055 0.352 1.289
0.692 -0.218 0.552
-0.252 0.821 -0.512
-2.160 0.388 -0.769
-1.168 0.395 -0.892
-0.007 1.000 0.001
0.697 0.357 1.465
0.591 -0.220 0.654
-0.075 0.817 -0.571
-0.357 0.382 -0.095
-0.151 0.077 -1.025
0.066 0.952 -0.298
0.988 0.242 2.055
1.257 -0.159 1.180
0.118 0.916 -0.384
1.149 0.453 -1.909
0.515 0.647 -1.160
0.125 0.981 -0.148
0.245 0.177 0.752
0.302 -0.043 -0.222
0.013 0.975 -0.220
1.222 0.112 0.115
0.319 0.154 -0.315
0.038 0.999 0.018
1.177 0.337 0.603
0.938 0.094 -0.337
-0.060 0.970 -0.236
1.193 0.442 1.501
1.114 -0.228 0.763
-0.071 0.742 -0.666
-0.764 0.412 -0.985
-0.043 0.171 -0.336
0.179 0.970 0.161
-1.535 0.118 -0.660
-0.930 0.002 0.128
0.070 0.993 0.092
1.254 0.337 -1.850
1.172 -0.099 -0.954
-0.040 0.900 0.434
-1.688 0.140 -1.015
-0.846 -0.399 -1.023
0.539 0.842 -0.005
