17
0.803 0.365 2.819
0.446 -0.190 2.067
-0.238 0.832 -0.501
-0.881 0.599 -3.115
0.007 0.537 -2.659
0.056 0.998 0.029
-1.435 0.488 -3.576
-0.794 0.574 -2.814
-0.055 0.996 -0.066
-1.048 0.657 -0.348
-0.157 0.468 -0.761
0.172 0.982 -0.080
-0.844 0.348 -1.707
0.121 0.110 -1.810
0.236 0.971 -0.025
-1.524 0.424 -1.847
-0.535 0.376 -1.705
0.048 0.999 0.007
-1.488 0.354 0.962
-0.683 0.191 0.391
0.133 0.987 -0.094
-0.210 0.564 -2.545
0.435 0.321 -1.820
0.162 0.970 0.182
1.610 0.434 2.864
1.525 0.134 1.914
-0.027 0.954 -0.299
-1.415 0.586 -3.701
-0.804 0.155 -3.036
0.292 0.902 0.317
0.687 0.601 2.792
0.458 0.059 1.984
-0.148 0.840 -0.522
2.339 0.624 -2.458
1.481 0.197 -2.172
-0.405 0.904 0.135
2.468 0.457 -2.428
1.737 0.478 -1.747
0.015 1.000 -0.014
-0.350 0.632 -3.005
0.054 0.074 -2.281
0.272 0.830 0.487
0.976 0.472 1.451
0.434 -0.206 0.953
-0.499 0.735 -0.459
-1.422 0.656 0.976
-0.525 0.619 0.535
0.033 0.999 -0.016
0.346 0.734 2.295
0.096 0.125 1.542
-0.192 0.793 -0.578
