598
1.075 0.239 -0.863
0.665 -0.308 -0.133
-0.450 0.817 0.360
1.382 0.390 0.137
0.892 0.104 0.961
-0.220 0.955 0.200
1.082 0.440 1.786
0.140 0.143 1.943
-0.311 0.948 -0.073
0.432 0.394 2.175
0.101 -0.049 1.343
-0.114 0.895 -0.432
-0.803 0.426 1.960
-0.337 0.010 1.179
0.263 0.908 -0.326
-1.197 0.394 1.079
-0.274 0.028 0.962
0.368 0.930 -0.001
-0.922 0.370 0.188
-0.274 -0.003 0.852
0.271 0.928 0.257
-1.218 0.302 0.406
-1.502 -0.181 1.234
-0.115 0.875 0.471
-1.210 0.314 -0.037
-2.068 -0.195 0.037
-0.512 0.858 -0.044
-1.159 0.291 -0.323
-1.864 -0.224 -0.810
-0.357 0.851 -0.385
-1.224 0.259 -0.241
-1.145 -0.251 -1.097
0.203 0.849 -0.487
-1.157 0.267 -0.425
-0.520 -0.231 -1.014
0.345 0.867 -0.360
-0.708 0.280 -2.132
0.145 -0.236 -2.046
0.499 0.852 0.161
0.823 0.332 -2.348
1.179 -0.025 -1.485
0.040 0.929 0.368
1.572 0.278 -1.234
1.255 -0.162 -0.394
-0.203 0.897 0.393
1.402 0.423 0.641
0.874 0.223 1.466
-0.175 0.977 0.124
0.928 0.359 2.391
0.077 -0.165 2.420
-0.525 0.851 -0.005
-0.469 0.412 2.652
-1.196 -0.032 2.128
-0.341 0.895 -0.285
