51
1.328 0.005 -1.050
0.628 -0.309 -0.409
-0.231 0.949 0.212
1.699 -0.037 0.936
0.734 -0.292 0.879
-0.254 0.967 -0.015
1.772 -0.238 -0.715
0.880 -0.349 -0.278
-0.100 0.994 0.049
1.558 -0.037 -1.482
0.899 -0.166 -0.742
-0.086 0.992 0.097
1.646 0.125 0.605
0.757 -0.319 0.722
-0.440 0.896 0.058
1.255 -0.097 1.923
0.712 -0.427 1.151
-0.190 0.944 -0.270
1.227 -0.213 -1.312
0.708 -0.339 -0.467
-0.066 0.992 0.107
1.274 -0.219 1.593
0.525 -0.154 0.934
0.049 0.998 0.043
1.944 -0.245 2.260
1.018 -0.562 2.056
-0.309 0.949 -0.068
-0.095 -0.157 -1.213
-0.358 -0.569 -0.341
-0.119 0.911 0.395
-0.725 -0.210 1.859
-0.220 -0.720 1.163
0.299 0.861 -0.412
2.074 -0.018 -2.365
1.468 -0.086 -1.572
-0.042 0.998 0.054
1.648 0.029 -1.708
1.156 -0.432 -0.969
-0.255 0.888 0.383
1.076 0.004 0.269
0.098 0.162 0.408
0.156 0.987 -0.022
-0.756 -0.039 -1.228
-0.837 -0.467 -0.328
-0.038 0.904 0.427
1.683 0.105 -1.047
1.093 -0.059 -0.257
-0.099 0.986 0.132
0.237 -0.223 -1.623
-0.033 -0.772 -0.832
-0.178 0.835 0.520
1.925 0.058 -2.366
1.477 -0.523 -1.688
-0.321 0.813 0.485
1.281 0.090 1.262
0.645 -0.014 0.498
-0.067 0.995 -0.080
1.337 -0.269 -0.389
0.445 0.040 -0.059
0.290 0.951 -0.107
1.819 -0.078 1.719
1.309 -0.573 1.015
-0.291 0.869 -0.401
1.742 -0.206 -2.368
0.855 -0.589 -2.112
-0.368 0.924 0.106
1.286 0.072 2.254
0.731 0.215 1.434
0.080 0.990 0.118
1.456 -0.031 -0.719
0.490 0.027 -0.463
0.056 0.998 -0.015
1.178 -0.234 -0.391
0.395 -0.181 0.229
0.042 0.999 -0.033
2.039 -0.211 -0.052
1.070 0.004 0.072
0.213 0.977 -0.027
0.897 0.066 -1.499
0.346 0.132 -0.667
0.036 0.998 -0.055
0.569 -0.154 -2.032
0.355 -0.731 -1.243
-0.151 0.817 0.556
1.798 0.009 -2.037
0.978 -0.519 -1.814
-0.509 0.850 0.138
1.781 0.094 0.276
0.880 0.249 -0.128
0.141 0.988 0.063
-0.757 -0.260 -1.124
-0.487 -0.484 -0.187
0.062 0.975 0.215
1.712 -0.178 1.267
1.166 -0.703 0.613
-0.336 0.851 -0.402
1.884 -0.025 2.260
1.349 0.108 1.425
0.072 0.991 0.112
-0.423 -0.001 -1.918
-0.576 -0.572 -1.112
-0.107 0.821 0.561
-0.818 0.066 0.892
-0.412 -0.555 0.221
0.321 0.784 -0.531
-0.277 0.111 2.192
0.171 -0.262 1.379
0.180 0.928 -0.326
1.073 -0.095 1.260
0.615 -0.343 0.407
-0.117 0.969 -0.218
1.779 0.122 1.598
0.996 -0.498 1.549
-0.619 0.785 -0.039
1.540 0.074 -0.057
0.848 -0.547 -0.425
-0.548 0.784 -0.291
2.059 0.081 1.931
1.069 -0.041 1.855
-0.122 0.992 -0.009
-0.820 -0.269 1.098
-0.184 -0.734 0.482
0.334 0.885 -0.324
-1.084 -0.000 -1.917
-0.764 0.037 -0.970
-0.012 0.999 -0.036
-0.732 0.087 -0.454
0.034 -0.514 -0.683
0.576 0.800 -0.172
-0.490 -0.045 1.146
-0.567 -0.535 0.277
-0.043 0.872 -0.488
-0.407 -0.008 1.530
0.112 -0.348 0.746
0.187 0.941 -0.283
1.164 -0.206 0.600
0.266 0.191 0.410
0.388 0.918 0.082
1.781 -0.133 1.928
0.845 -0.484 1.961
-0.350 0.937 0.012
-0.093 -0.270 -1.738
0.033 -0.274 -0.746
0.000 1.000 0.004
1.810 -0.092 0.607
0.871 0.239 0.705
0.329 0.944 -0.034
-0.490 0.017 1.153
0.153 -0.360 0.486
0.262 0.926 -0.271
-0.427 -0.231 -0.968
-0.314 -0.366 0.017
0.015 0.991 0.133
