13
0.653 0.733 -1.091
-0.068 0.535 -0.427
-0.145 0.980 0.134
0.923 1.077 -1.558
0.540 0.760 -0.690
-0.128 0.948 0.290
1.498 0.745 0.499
0.589 0.818 0.910
0.066 0.997 -0.030
0.698 0.887 -1.112
0.424 0.180 -0.460
-0.274 0.707 0.652
0.519 1.112 -0.037
-0.066 0.670 0.643
-0.289 0.897 0.336
0.981 0.847 0.740
0.202 0.319 0.403
-0.485 0.849 -0.210
0.726 0.884 -0.133
-0.172 0.448 -0.083
-0.436 0.900 0.024
1.380 0.792 -0.008
0.618 0.249 -0.361
-0.492 0.840 -0.228
0.326 0.820 -0.750
0.103 0.236 0.031
-0.161 0.812 0.561
0.177 1.101 -0.870
0.019 0.416 -0.158
-0.148 0.728 0.669
0.197 0.998 0.735
0.606 0.250 0.212
0.461 0.664 -0.589
-1.599 1.116 -0.400
-0.719 0.730 -0.125
0.369 0.922 0.115
-0.655 0.779 -0.693
-0.563 0.130 0.062
0.078 0.761 0.644
