479
0.337 0.383 -0.470
0.336 -0.065 -1.365
-0.011 0.894 -0.448
0.140 0.315 -0.179
0.567 -0.254 -0.882
0.187 0.816 -0.547
-0.089 0.416 0.395
-0.051 0.004 -0.515
-0.003 0.911 -0.412
0.421 0.366 -0.594
1.360 0.025 -0.553
0.341 0.940 -0.012
-0.047 0.325 -0.214
0.869 -0.076 -0.189
0.402 0.915 -0.028
-0.092 0.376 0.003
0.779 0.116 0.420
0.265 0.963 0.047
0.429 0.430 0.882
1.210 -0.048 0.481
0.389 0.876 -0.286
0.319 0.345 -0.253
0.772 -0.094 0.523
0.203 0.899 0.389
0.550 0.323 -0.317
0.253 -0.232 0.461
-0.184 0.832 0.523
0.675 0.500 -0.298
-0.288 0.279 -0.141
-0.226 0.974 -0.013
0.860 0.404 -0.203
0.166 -0.074 -0.742
-0.393 0.878 -0.273
0.551 0.370 -0.125
0.183 0.043 -0.995
-0.276 0.932 -0.234
0.157 0.344 -0.075
-0.624 -0.019 -0.584
-0.309 0.932 -0.190
0.263 0.274 -0.401
0.325 -0.189 0.483
-0.028 0.885 0.466
-0.002 0.338 0.120
0.615 -0.078 -0.549
0.274 0.910 -0.312
