25
0.309 0.480 2.566
0.214 0.387 1.575
-0.009 0.996 -0.093
-0.556 0.345 2.724
-0.467 -0.062 1.815
0.039 0.914 -0.405
-2.346 0.310 -0.961
-1.599 -0.171 -0.502
0.410 0.877 0.252
0.998 0.433 -2.978
0.784 0.053 -2.078
-0.088 0.925 0.370
-0.599 0.500 2.620
-0.377 0.056 1.752
0.110 0.896 -0.430
-1.385 0.374 2.750
-1.576 0.050 1.823
-0.066 0.946 -0.318
-0.099 0.217 2.827
0.499 -0.239 2.168
0.307 0.890 -0.338
-2.613 0.450 -0.856
-1.897 0.124 -0.239
0.247 0.945 0.213
-1.744 0.303 -1.198
-1.036 -0.111 -0.626
0.322 0.910 0.261
-0.114 0.149 2.835
-0.131 -0.312 1.948
-0.009 0.887 -0.461
1.742 0.249 1.522
1.138 -0.187 0.855
-0.292 0.900 -0.323
-1.228 0.443 1.373
-0.267 0.245 1.570
0.194 0.980 0.040
-2.461 0.350 -1.840
-1.734 0.294 -1.156
0.040 0.998 0.038
-0.877 0.435 1.235
0.105 0.270 1.322
0.164 0.986 0.015
-2.406 0.390 -1.862
-1.624 -0.181 -2.113
0.544 0.821 -0.174
2.475 0.540 1.042
1.638 0.046 0.806
-0.475 0.870 -0.134
-1.955 0.510 0.735
-1.158 -0.085 0.836
0.591 0.803 0.075
-0.581 0.280 -2.287
-0.231 -0.194 -1.480
0.189 0.880 0.435
0.324 0.534 2.581
0.196 -0.092 1.811
-0.102 0.780 -0.617
-1.982 0.158 -1.234
-1.168 -0.270 -0.841
0.386 0.904 0.186
0.216 0.441 2.339
-0.386 -0.215 1.885
-0.524 0.754 -0.395
-0.854 0.288 2.151
-0.086 -0.316 1.939
0.582 0.797 -0.161
-0.525 0.233 2.801
-0.130 -0.070 1.933
0.125 0.953 -0.275
1.134 0.310 2.310
0.842 -0.286 1.562
-0.217 0.802 -0.556
2.437 0.255 0.950
1.847 -0.290 0.354
-0.384 0.838 -0.387
