9
0.421 0.328 -2.260
0.234 0.234 -1.282
-0.018 0.996 0.092
0.552 0.271 -2.340
0.168 -0.147 -1.516
-0.176 0.909 0.379
-4.633 -0.001 0.331
-3.675 -0.137 0.583
0.132 0.991 0.035
2.527 0.239 5.077
1.744 0.302 4.458
0.050 0.998 0.039
4.429 0.185 3.538
3.494 0.328 3.213
0.135 0.990 0.047
2.385 0.077 4.832
1.775 0.163 4.044
0.052 0.996 0.068
-2.643 -0.033 -0.706
-1.739 -0.247 -0.338
0.198 0.977 0.081
2.167 0.008 4.456
1.361 -0.119 3.877
-0.103 0.992 -0.074
-0.596 0.145 6.107
-0.468 0.299 5.127
-0.020 0.988 0.152
