12
-0.982 0.612 -0.141
-0.790 -0.295 -0.514
0.415 0.420 -0.807
-1.019 0.260 0.415
-0.264 -0.132 -0.112
0.321 0.920 -0.224
-1.214 0.526 1.150
-0.476 -0.126 0.975
0.634 0.758 -0.151
0.088 0.500 -0.370
-0.456 -0.138 0.174
-0.451 0.770 0.451
-0.792 0.419 -0.362
-0.196 -0.042 0.296
0.309 0.888 0.342
0.074 0.285 0.090
-0.559 -0.291 0.608
-0.446 0.817 0.365
-1.500 0.633 0.707
-1.089 -0.236 0.982
0.723 0.494 0.483
-0.198 0.586 -0.455
-0.870 -0.138 -0.298
-0.705 0.690 0.165
-0.562 0.324 0.452
0.073 -0.129 -0.175
0.322 0.891 -0.318
-1.116 0.598 0.407
-0.210 0.174 0.420
0.423 0.906 0.006
-0.838 0.325 -0.488
-1.280 -0.379 0.069
-0.437 0.711 0.551
-0.870 0.582 1.009
-1.170 0.188 0.140
-0.128 0.919 -0.372
