24
-1.891 0.353 1.359
-2.088 -0.122 0.501
-0.039 0.878 -0.477
-1.772 0.380 1.068
-1.211 -0.007 0.337
0.252 0.922 -0.295
-2.067 0.405 0.653
-1.285 0.153 0.083
0.211 0.967 -0.140
-2.253 0.354 -0.411
-1.340 -0.035 -0.530
0.381 0.920 -0.089
-1.252 0.372 -1.206
-0.363 0.081 -0.855
0.280 0.956 0.084
0.685 0.322 -1.521
1.302 -0.037 -0.820
0.240 0.933 0.268
2.280 0.299 -0.580
1.814 -0.067 0.226
-0.171 0.930 0.324
2.615 0.376 0.534
1.696 0.070 0.782
-0.287 0.951 0.111
2.647 0.326 0.607
1.757 -0.072 0.829
-0.368 0.915 0.167
1.689 0.367 1.165
0.741 0.100 0.990
-0.263 0.964 -0.049
0.223 0.314 1.362
-0.602 -0.100 0.977
-0.385 0.910 -0.155
-0.974 0.385 1.318
-1.515 0.043 0.550
-0.149 0.938 -0.312
-2.249 0.291 0.695
-2.112 -0.229 -0.147
0.062 0.854 -0.517
-2.624 0.282 -0.230
-2.549 -0.233 -1.084
0.119 0.855 -0.505
-2.531 0.263 -0.879
-1.852 -0.284 -1.368
0.418 0.836 -0.355
-2.583 0.477 -0.673
-1.659 0.225 -0.961
0.254 0.967 -0.031
-2.517 0.426 -0.692
-1.570 0.116 -0.784
0.311 0.950 0.001
-1.872 0.201 -1.166
-1.154 -0.444 -0.904
0.621 0.764 0.176
0.199 0.268 -1.541
0.903 -0.264 -1.071
0.440 0.847 0.298
2.332 0.264 -1.111
2.225 -0.348 -0.327
-0.017 0.789 0.614
2.334 0.282 1.039
1.497 -0.262 0.976
-0.546 0.838 0.012
0.351 0.266 1.478
-0.392 -0.271 1.078
-0.506 0.841 -0.191
-1.465 0.253 1.539
-2.179 -0.360 1.199
-0.537 0.789 -0.297
-2.486 0.276 0.796
-2.187 -0.291 0.029
0.089 0.817 -0.570
-2.180 0.407 1.430
-1.365 0.290 0.863
0.159 0.987 0.023
