29
-0.743 0.017 -0.101
0.254 0.031 -0.022
-0.014 1.000 -0.001
-1.297 0.194 -0.532
-0.350 -0.085 -0.696
0.275 0.960 -0.048
-1.982 0.235 0.694
-1.313 -0.157 0.062
0.285 0.920 -0.269
2.033 0.286 0.795
1.155 0.374 0.324
0.077 0.996 0.041
1.691 0.197 -1.488
1.055 -0.002 -0.742
-0.129 0.980 0.151
1.710 0.259 0.714
0.898 0.055 0.166
-0.169 0.979 -0.114
-0.473 0.044 0.752
0.142 0.321 0.013
-0.177 0.961 0.213
0.570 -0.097 0.466
1.235 0.027 -0.270
-0.083 0.992 0.092
0.435 0.078 -0.154
1.096 -0.043 -0.894
0.080 0.993 -0.090
-2.177 -0.073 0.540
-1.596 -0.088 -0.274
0.009 1.000 -0.012
1.221 0.162 -1.196
0.773 -0.050 -0.327
-0.097 0.977 0.188
1.272 0.073 -0.973
0.767 -0.061 -0.120
-0.068 0.991 0.115
1.668 0.046 0.432
0.882 -0.149 -0.155
-0.156 0.981 -0.117
1.125 0.197 -0.819
0.176 0.130 -0.509
-0.064 0.998 0.021
0.263 0.253 -0.545
0.984 0.193 0.145
0.043 0.998 0.041
1.979 0.142 0.107
1.072 0.366 0.465
0.208 0.975 -0.082
0.707 -0.053 -1.021
0.809 0.203 -0.060
-0.027 0.967 -0.254
1.915 0.113 -0.588
1.423 0.283 0.266
0.085 0.985 -0.148
-1.036 0.092 0.703
-0.936 -0.194 -0.250
0.030 0.958 -0.284
-0.610 -0.100 0.126
-0.564 -0.058 -0.872
-0.002 0.999 0.041
1.096 -0.033 -0.813
0.815 0.081 0.140
0.032 0.993 -0.110
-0.801 -0.069 -0.353
0.135 -0.209 -0.031
0.132 0.990 0.046
-2.059 -0.034 0.159
-1.065 0.049 0.084
-0.083 0.996 0.006
1.025 0.247 -1.349
0.108 0.331 -0.959
0.078 0.996 -0.033
0.078 -0.069 0.745
0.807 -0.320 0.108
0.189 0.968 -0.165
-1.143 0.014 0.214
-1.006 0.085 -0.774
-0.010 0.998 0.070
1.161 0.110 0.642
0.666 -0.033 -0.215
-0.071 0.990 -0.124
-2.049 0.212 0.157
-1.260 -0.342 -0.106
0.526 0.832 -0.175
-1.786 0.154 1.206
-0.807 0.360 1.222
-0.206 0.979 -0.003
