18
4.554 0.680 0.968
3.620 0.596 0.621
-0.079 0.996 -0.029
-2.135 0.698 -0.113
-1.234 0.378 -0.408
0.304 0.948 -0.099
1.407 0.925 -3.804
0.936 0.649 -2.966
-0.135 0.961 0.241
-2.711 0.936 0.185
-1.980 0.321 -0.111
0.570 0.789 -0.230
1.103 0.853 -4.396
0.732 0.528 -3.526
-0.127 0.946 0.299
1.006 0.815 2.671
1.234 0.460 1.765
0.087 0.935 -0.345
2.541 0.759 1.356
1.858 0.476 0.683
-0.202 0.959 -0.199
3.455 0.931 0.870
2.565 0.482 0.951
-0.447 0.894 0.041
4.427 0.610 0.723
3.664 0.593 0.077
-0.013 1.000 -0.011
1.072 0.970 -4.540
0.415 0.788 -3.809
-0.122 0.983 0.135
-5.237 0.833 -3.844
-4.464 0.657 -3.235
0.139 0.984 0.109
-4.469 0.812 -3.335
-3.556 0.734 -2.934
0.071 0.997 0.031
2.600 0.728 -0.902
1.661 0.788 -1.241
0.056 0.998 0.020
2.578 0.728 -0.891
1.591 0.814 -1.027
0.085 0.996 0.012
-0.625 0.759 3.535
0.109 0.482 2.914
0.211 0.961 -0.179
2.412 0.734 1.107
1.653 0.202 0.731
-0.477 0.847 -0.236
0.544 0.828 1.777
-0.144 0.878 1.053
0.035 0.999 0.036
4.037 0.753 0.571
3.189 0.798 0.044
0.038 0.999 0.024
