12
1.379 0.598 -0.374
0.677 0.017 0.037
-0.502 0.814 0.293
-0.504 0.304 -0.843
-0.116 -0.383 -0.230
0.368 0.726 0.581
0.273 0.377 -1.811
0.152 -0.052 -0.916
-0.057 0.903 0.425
-0.049 0.293 1.643
-0.351 -0.148 0.798
-0.148 0.897 -0.416
1.327 0.580 -0.395
0.464 0.316 0.035
-0.237 0.964 0.118
-0.940 0.427 1.861
-0.564 -0.003 1.040
0.179 0.903 -0.392
0.374 0.304 -1.080
-0.150 -0.163 -0.367
-0.277 0.884 0.377
-0.902 0.607 1.803
-0.814 0.083 0.957
0.055 0.851 -0.522
-0.731 0.262 0.448
0.067 -0.338 0.388
0.598 0.800 -0.046
-0.019 0.371 -0.487
-0.647 -0.267 -0.042
-0.520 0.770 0.369
-0.433 0.282 1.409
-0.789 -0.403 0.773
-0.334 0.729 -0.597
-1.357 0.332 2.284
-1.133 0.385 1.311
-0.012 0.999 0.051
