9
2.035 0.860 0.090
1.071 0.727 -0.141
-0.129 0.991 -0.031
-2.119 0.989 1.920
-2.013 0.451 1.084
0.067 0.843 -0.534
1.579 0.738 1.492
0.833 0.221 1.072
-0.450 0.856 -0.254
0.526 0.720 -0.259
-0.079 0.237 0.374
-0.334 0.876 0.349
-1.131 0.996 1.383
-0.576 0.327 0.888
0.500 0.743 -0.446
-1.332 0.617 0.458
-0.759 -0.089 0.873
0.572 0.708 0.414
-2.114 0.620 1.523
-2.113 0.644 0.524
-0.000 1.000 0.025
1.694 1.012 0.092
1.040 0.585 0.716
-0.309 0.904 0.295
-1.332 0.671 0.454
-0.698 0.001 0.839
0.572 0.743 0.348
