357
0.122 0.054 -0.208
-0.694 -0.506 -0.068
-0.559 0.828 0.055
-0.011 0.081 -0.151
-0.550 -0.372 -0.861
-0.284 0.892 -0.353
-0.266 0.120 -0.538
0.271 -0.325 -1.255
0.268 0.896 -0.354
-0.401 0.087 -0.828
0.513 -0.298 -0.694
0.375 0.923 0.088
0.840 0.100 -1.384
1.078 -0.401 -0.552
0.096 0.864 0.494
0.900 0.130 -1.338
0.448 -0.249 -0.529
-0.140 0.925 0.355
0.195 0.099 -0.487
-0.697 -0.253 -0.204
-0.337 0.936 0.104
0.062 0.270 -0.406
-0.877 0.071 -0.686
-0.189 0.980 -0.065
-0.151 0.146 0.210
-0.496 -0.209 -0.659
-0.115 0.935 -0.336
-0.240 0.170 0.231
0.063 0.224 -0.721
-0.059 0.998 0.038
-0.232 0.116 -0.609
0.680 -0.173 -0.898
0.282 0.957 -0.063
