12
-1.426 0.254 -2.377
-1.748 -0.083 -1.493
-0.030 0.937 0.347
-1.182 0.250 -2.282
-1.599 -0.075 -1.433
-0.071 0.943 0.327
-1.507 0.264 -1.986
-1.834 -0.113 -1.120
-0.021 0.920 0.392
-1.280 -0.374 -1.851
-1.707 -0.541 -0.962
-0.013 0.984 0.178
-1.358 0.351 -1.745
-1.746 0.163 -0.843
0.018 0.977 0.212
-1.735 0.407 -1.321
-1.676 0.124 -0.364
0.144 0.951 0.272
-0.685 0.280 -0.985
-0.457 -0.169 -0.122
0.177 0.891 0.417
-0.398 0.333 -0.590
-0.143 0.089 0.345
0.148 0.966 0.212
-0.306 0.319 -0.487
0.542 -0.084 -0.141
0.385 0.915 0.124
0.074 0.172 0.510
0.701 -0.414 -0.004
0.470 0.810 -0.351
1.476 0.161 0.920
1.890 -0.392 0.196
0.314 0.832 -0.457
2.260 0.201 0.962
1.422 -0.169 1.363
-0.373 0.925 0.075
0.265 0.241 0.308
-0.664 -0.110 0.187
-0.325 0.927 -0.189
