14
0.699 0.530 1.129
0.338 -0.049 0.398
-0.256 0.815 -0.519
-0.448 0.193 -1.297
-0.078 -0.240 -0.474
0.177 0.902 0.394
-0.024 0.530 -0.996
-0.378 0.101 -0.166
-0.169 0.903 0.395
-0.561 0.431 -0.497
-0.199 -0.351 0.010
0.454 0.623 0.637
-0.216 0.459 1.257
-0.697 -0.068 0.557
-0.299 0.849 -0.435
-0.884 0.477 0.202
-0.279 -0.157 -0.279
0.497 0.773 -0.395
-0.847 0.452 -0.507
-0.381 -0.193 0.098
0.393 0.764 0.511
-0.033 0.209 -0.707
-0.633 -0.136 0.015
-0.220 0.939 0.265
-0.493 0.165 -0.356
-0.830 -0.464 0.345
-0.273 0.777 0.567
-0.086 0.491 0.415
-0.308 -0.145 -0.326
-0.182 0.772 -0.608
0.755 0.239 -0.201
-0.130 -0.043 0.169
-0.260 0.960 0.109
-1.682 0.449 -0.012
-0.870 -0.015 -0.367
0.425 0.886 -0.186
-1.706 0.154 0.993
-1.006 -0.063 0.314
0.156 0.976 -0.151
-0.120 0.301 0.456
-0.617 -0.380 -0.081
-0.463 0.732 -0.500
