479
-0.912 0.320 0.371
-1.683 -0.303 0.242
-0.589 0.775 -0.228
-1.454 0.504 0.208
-1.429 0.148 -0.726
0.026 0.935 -0.355
-1.436 0.441 -0.394
-1.142 -0.010 -1.237
0.148 0.892 -0.426
-0.959 0.430 -0.405
-0.202 -0.038 -0.862
0.428 0.883 -0.194
-0.111 0.470 -0.616
0.798 0.055 -0.577
0.411 0.908 0.077
-0.403 0.306 -0.209
0.356 -0.308 -0.424
0.598 0.789 -0.142
0.690 0.389 -0.159
1.246 -0.113 0.503
0.286 0.864 0.415
1.240 0.398 0.152
1.002 -0.082 0.997
-0.098 0.877 0.470
0.878 0.399 0.259
0.012 -0.027 0.521
-0.418 0.904 0.090
-0.246 0.342 0.557
-1.123 -0.067 0.306
-0.392 0.913 -0.116
-0.595 0.409 0.509
-1.076 0.018 -0.275
-0.137 0.918 -0.373
-1.817 0.406 0.169
-1.584 0.032 -0.729
-0.026 0.920 -0.391
-0.617 0.419 0.051
-0.053 -0.028 -0.643
0.299 0.894 -0.334
-0.007 0.415 0.207
0.772 -0.030 -0.235
0.406 0.895 -0.186
-0.845 0.299 -0.514
-0.009 -0.218 -0.331
0.529 0.848 -0.022
