30
0.652 0.399 2.014
0.364 -0.183 1.254
-0.206 0.813 -0.544
-2.311 0.446 0.316
-1.516 -0.130 0.122
0.559 0.818 -0.136
1.045 0.187 1.498
0.355 -0.373 1.040
-0.467 0.828 -0.310
1.009 0.524 1.516
0.481 -0.035 0.876
-0.356 0.829 -0.431
2.585 0.504 -1.137
2.026 -0.070 -0.539
-0.392 0.819 0.419
-1.316 0.209 -2.047
-0.936 -0.365 -1.321
0.266 0.819 0.508
1.056 0.412 0.909
0.459 -0.167 0.354
-0.424 0.815 -0.395
1.880 0.466 -0.410
1.199 -0.174 -0.054
-0.567 0.769 0.296
1.372 0.216 -0.904
1.066 -0.382 -0.163
-0.228 0.801 0.553
0.816 0.430 -1.104
0.373 -0.123 -0.398
-0.294 0.833 0.468
-1.489 0.366 1.457
-0.805 -0.265 1.093
0.557 0.776 -0.297
2.491 0.279 -0.550
1.997 -0.288 0.108
-0.341 0.823 0.454
1.697 0.359 -0.741
1.006 -0.207 -0.291
-0.474 0.824 0.309
2.050 0.376 -1.265
1.332 -0.092 -0.748
-0.379 0.884 0.273
1.005 0.487 1.534
0.976 -0.179 0.789
-0.027 0.746 -0.666
-0.407 0.457 -0.814
-0.389 -0.196 -0.057
0.016 0.757 0.653
-1.634 0.167 0.255
-0.925 -0.451 -0.086
0.557 0.786 -0.267
-2.403 0.408 0.810
-1.571 0.075 0.366
0.294 0.943 -0.157
-2.129 0.212 -1.075
-1.404 -0.101 -0.461
0.238 0.950 0.202
-1.700 0.215 0.211
-0.918 -0.344 -0.066
0.526 0.830 -0.186
-1.490 0.189 1.457
-0.769 -0.369 1.046
0.484 0.830 -0.277
1.428 0.480 -1.254
1.321 -0.207 -0.535
-0.101 0.727 0.679
-0.132 0.367 1.302
-0.261 -0.092 0.423
-0.066 0.889 -0.454
-1.149 0.492 -2.019
-0.567 0.181 -1.267
0.190 0.950 0.246
0.750 0.528 -0.692
0.201 0.010 -0.037
-0.333 0.855 0.397
-0.771 0.456 -0.776
-0.208 -0.229 -0.313
0.529 0.729 0.435
0.780 0.530 -0.884
0.280 0.117 -0.123
-0.227 0.910 0.345
-1.261 0.502 0.908
-0.550 -0.202 0.919
0.704 0.710 0.011
0.562 0.312 0.744
0.396 -0.327 -0.007
-0.138 0.769 -0.624
-0.977 0.165 -0.924
-0.319 -0.387 -0.413
0.436 0.834 0.339
