671
-0.911 0.403 -4.227
-0.345 0.121 -3.452
0.096 0.956 0.278
1.134 0.175 -2.510
0.802 -0.013 -1.585
-0.186 0.974 0.131
-1.486 0.116 -2.100
-1.288 -0.021 -1.130
0.007 0.990 0.138
-3.552 0.232 -0.612
-2.645 0.013 -0.252
0.205 0.976 0.076
-4.072 0.373 1.652
-3.243 0.014 1.224
0.339 0.932 -0.125
-2.501 0.558 3.452
-1.831 0.322 2.748
0.155 0.972 -0.178
-0.521 0.542 4.076
-0.153 0.218 3.205
0.182 0.944 -0.274
1.680 0.563 4.051
1.422 0.273 3.129
-0.054 0.957 -0.287
3.689 0.533 3.238
2.881 0.272 2.709
-0.159 0.960 -0.232
3.808 0.499 1.586
2.901 0.185 1.307
-0.268 0.944 -0.192
3.096 0.440 -0.407
2.170 0.154 -0.161
-0.297 0.955 -0.005
2.057 0.344 -2.028
1.552 0.007 -1.233
-0.263 0.937 0.229
0.593 0.132 -2.335
0.445 -0.095 -1.372
-0.153 0.967 0.204
-1.430 0.092 -1.925
-1.074 -0.124 -1.016
0.050 0.976 0.212
-2.684 0.354 -1.291
-1.941 0.258 -0.629
0.080 0.995 0.054
-3.921 0.226 0.145
-3.020 -0.112 0.416
0.336 0.940 0.054
-3.038 0.302 2.090
-2.181 0.048 1.642
0.228 0.967 -0.112
-1.554 0.456 3.323
-0.956 0.127 2.592
0.222 0.944 -0.244
0.064 0.477 3.689
0.420 0.213 2.793
0.127 0.964 -0.234
2.035 0.518 2.948
1.676 0.322 2.035
-0.055 0.981 -0.189
