15
-2.668 0.492 0.911
-1.820 0.130 0.522
0.328 0.932 -0.151
1.458 0.529 -0.876
0.837 -0.095 -0.402
-0.496 0.781 0.379
-1.042 0.333 -1.677
-0.159 -0.071 -1.442
0.391 0.915 0.104
-0.978 0.395 -1.671
-0.380 0.560 -0.887
-0.100 0.986 -0.131
-1.175 0.538 -0.396
-1.003 -0.226 0.226
0.203 0.645 0.736
-0.723 0.439 -0.723
-1.088 -0.202 -0.048
-0.305 0.767 0.564
1.178 0.462 -0.908
0.363 -0.107 -1.023
-0.563 0.823 -0.079
-2.744 0.193 0.733
-1.982 0.384 0.114
-0.148 0.982 0.120
1.180 0.386 1.281
1.212 0.200 0.299
0.006 0.982 -0.186
-1.369 0.183 0.900
-0.935 -0.231 0.100
0.198 0.910 -0.365
-0.954 0.231 -0.373
-0.160 -0.213 0.043
0.394 0.896 0.206
1.214 0.522 1.689
0.393 0.059 1.353
-0.429 0.886 -0.175
-2.886 0.470 0.713
-2.175 -0.143 1.058
0.552 0.790 0.267
1.225 0.232 0.897
0.935 -0.163 0.025
-0.125 0.919 -0.375
1.220 0.390 0.936
0.516 -0.137 0.459
-0.436 0.850 -0.295
