622
-2.068 0.216 0.352
-1.400 -0.088 -0.327
0.252 0.951 -0.177
-2.006 0.224 0.526
-1.296 0.121 -0.170
0.117 0.993 -0.027
-1.989 0.145 0.466
-0.996 0.042 0.523
0.105 0.993 -0.049
-2.187 0.067 0.607
-1.393 -0.504 0.813
0.575 0.817 0.047
-1.672 0.040 0.437
-0.851 -0.430 0.112
0.456 0.882 -0.120
-0.622 0.102 0.445
-0.250 -0.215 -0.427
0.136 0.948 -0.287
0.628 0.104 0.603
0.519 -0.274 -0.316
-0.111 0.924 -0.366
0.948 -0.005 0.409
0.273 -0.684 0.699
-0.671 0.728 0.142
0.660 0.202 -0.163
0.591 0.081 0.827
-0.070 0.991 0.117
0.342 0.229 -0.341
1.298 0.345 -0.071
-0.134 0.990 0.053
0.595 0.207 -0.364
1.030 0.149 -1.262
0.026 0.998 -0.052
0.966 0.062 -0.142
0.616 -0.625 -0.779
-0.365 0.726 -0.583
0.846 -0.014 -0.092
0.188 -0.752 -0.239
-0.716 0.674 -0.182
0.961 -0.017 -0.771
0.631 -0.768 -0.199
-0.405 0.660 0.633
1.000 0.202 -0.718
0.714 -0.005 0.218
-0.110 0.977 0.183
1.001 0.128 -0.809
1.586 -0.289 -0.114
0.226 0.908 0.353
1.048 0.118 0.383
1.377 -0.134 1.293
-0.008 0.963 0.270
0.843 0.148 0.895
1.663 -0.080 0.370
0.216 0.973 -0.084
0.906 0.127 0.854
0.846 -0.235 -0.077
-0.061 0.932 -0.358
