16
1.124 0.276 -0.942
0.270 0.057 -0.471
-0.192 0.976 0.106
-1.423 0.511 -1.686
-1.352 0.610 -0.693
-0.007 0.995 -0.098
-0.552 0.240 -0.997
-0.385 0.238 -0.011
0.000 1.000 0.002
1.370 0.432 -2.216
0.814 0.062 -1.472
-0.221 0.929 0.296
1.430 0.560 -2.217
0.829 0.102 -1.563
-0.310 0.889 0.338
-1.389 0.390 -1.009
-0.771 0.118 -0.272
0.175 0.962 0.209
1.268 0.509 -1.379
0.276 0.398 -1.449
-0.111 0.994 -0.008
0.448 0.495 -0.016
-0.363 -0.075 -0.149
-0.562 0.822 -0.092
0.278 0.261 -1.143
0.867 -0.140 -0.442
0.258 0.916 0.307
0.916 0.623 -2.208
0.293 0.040 -1.687
-0.447 0.813 0.374
-0.580 0.273 -1.565
0.182 0.216 -0.920
0.043 0.998 0.037
0.290 0.405 -0.900
0.807 -0.215 -0.309
0.408 0.785 0.466
0.469 0.262 -0.019
-0.234 0.233 -0.729
-0.020 1.000 -0.021
0.254 0.483 -1.620
0.461 -0.229 -0.948
0.210 0.703 0.680
1.086 0.424 -1.725
0.811 -0.111 -0.926
-0.174 0.845 0.506
-0.606 0.383 -1.848
0.167 0.154 -1.256
0.182 0.973 0.140
