366
-0.021 0.613 1.666
0.499 0.120 0.969
0.288 0.870 -0.400
-0.161 0.620 1.637
0.136 0.177 0.791
0.190 0.896 -0.402
-0.612 0.552 0.966
-0.748 0.062 0.105
-0.049 0.871 -0.488
-1.453 0.607 -0.678
-0.923 0.216 -1.431
0.201 0.920 -0.336
-1.501 0.568 -1.148
-1.414 0.045 -1.996
0.021 0.852 -0.523
-0.841 0.563 -0.279
-1.431 0.058 -0.909
-0.412 0.860 -0.302
-0.307 0.517 0.333
-1.145 -0.027 0.325
-0.544 0.838 0.031
-0.290 0.578 0.196
-0.248 0.136 1.092
0.075 0.896 0.438
0.027 0.611 1.454
0.891 0.204 1.748
0.403 0.912 0.078
-0.432 0.543 0.566
-0.131 -0.033 1.326
0.278 0.815 0.508
-0.300 0.509 0.600
0.422 -0.078 0.967
0.558 0.807 0.192
