8
-1.265 0.100 0.780
-0.989 -0.224 -0.125
0.136 0.945 -0.297
-1.239 0.090 0.646
-0.592 -0.305 -0.006
0.276 0.918 -0.284
-1.172 -0.002 0.569
-0.312 -0.481 0.388
0.455 0.877 -0.154
-1.426 -0.064 0.713
-0.764 -0.681 1.139
0.520 0.788 0.331
-1.594 0.264 0.335
-1.351 0.332 1.303
0.049 0.995 -0.083
-1.611 0.110 0.110
-1.634 -0.156 1.074
0.066 0.961 0.267
-1.383 0.278 1.259
-1.638 0.220 0.293
0.111 0.990 -0.089
-1.513 0.229 1.100
-1.284 0.110 0.134
0.063 0.992 -0.108
0.261 0.036 1.120
0.796 -0.266 0.331
0.180 0.953 -0.242
