9
2.684 0.552 0.650
2.359 0.117 -0.190
-0.157 0.900 -0.406
-1.091 0.513 2.047
-0.112 0.650 1.897
-0.135 0.991 0.021
1.574 0.589 -2.358
1.632 0.318 -1.397
0.016 0.963 0.270
2.802 0.210 -0.469
1.960 -0.254 -0.746
-0.440 0.886 -0.145
2.504 0.471 -3.086
1.774 0.164 -2.476
-0.236 0.952 0.197
-1.071 0.360 -2.070
-0.345 -0.160 -1.621
0.442 0.854 0.273
-1.027 0.438 2.012
-0.561 0.350 1.132
0.041 0.996 -0.078
-0.790 0.419 -1.052
-0.711 0.277 -0.066
0.011 0.990 0.141
2.852 0.415 1.343
2.577 -0.246 0.645
-0.242 0.750 -0.615
