9
-1.528 0.337 1.847
-1.873 -0.109 1.021
-0.190 0.895 -0.403
-1.328 0.375 1.823
-0.669 -0.010 1.176
0.263 0.923 -0.282
-1.047 0.392 1.754
-0.140 0.144 1.414
0.224 0.969 -0.108
0.323 0.293 0.316
1.207 -0.169 0.245
0.452 0.884 -0.122
1.226 0.352 0.451
1.761 -0.038 -0.299
0.145 0.917 -0.373
1.071 0.172 0.616
0.502 -0.259 -0.084
-0.327 0.900 -0.288
-0.589 -0.079 1.859
-0.846 -0.299 0.918
-0.194 0.966 -0.173
-1.988 0.212 1.839
-1.945 -0.271 0.964
-0.068 0.872 -0.485
-2.813 0.382 -0.419
-2.016 0.114 -0.960
0.211 0.963 -0.167
-1.911 0.413 -0.517
-1.277 0.225 0.233
0.186 0.979 0.089
