13
-3.522 0.819 -3.580
-2.875 0.659 -2.834
0.105 0.987 0.121
5.133 0.846 -1.861
4.260 0.605 -1.438
-0.217 0.970 0.105
-3.793 0.730 5.009
-3.014 0.518 4.418
0.169 0.977 -0.128
-3.454 0.796 4.054
-2.761 0.506 3.394
0.210 0.957 -0.200
4.804 0.494 -1.871
3.820 0.450 -1.699
-0.044 0.999 0.008
3.824 0.718 5.662
3.102 0.672 4.971
-0.033 0.999 -0.031
3.830 0.550 5.195
3.252 0.356 4.403
-0.114 0.981 -0.156
5.322 0.528 -1.855
4.498 0.228 -1.374
-0.259 0.954 0.151
4.427 0.634 5.745
3.730 0.448 5.053
-0.132 0.983 -0.131
-3.411 0.566 0.240
-2.576 0.646 -0.305
-0.067 0.997 0.044
-2.852 0.579 0.261
-2.245 -0.039 -0.238
0.477 0.786 -0.393
-2.291 0.659 -6.991
-1.819 0.694 -6.110
-0.017 0.999 -0.031
4.943 0.712 -5.681
4.333 0.270 -5.024
-0.301 0.897 0.325
