362
1.225 0.140 -0.331
1.512 -0.241 0.547
0.030 0.920 0.390
1.261 0.213 -0.390
1.307 -0.133 0.547
-0.065 0.935 0.348
0.323 0.306 -0.066
0.014 0.031 0.845
-0.121 0.961 0.249
0.356 0.263 0.394
-0.497 -0.138 0.728
-0.376 0.916 0.140
-0.112 0.048 0.938
-0.888 -0.002 0.309
-0.021 0.998 -0.053
-1.029 0.215 1.037
-0.925 -0.018 0.070
0.066 0.972 -0.227
-1.243 0.028 -0.761
-0.331 -0.337 -0.949
0.354 0.931 -0.087
-1.061 0.043 -1.294
-0.157 -0.351 -1.127
0.375 0.917 0.135
-0.775 0.062 0.354
-0.188 -0.394 -0.315
0.293 0.890 -0.350
-0.730 0.090 -0.611
0.199 -0.278 -0.560
0.368 0.930 0.001
0.421 0.166 -0.857
0.822 -0.094 0.021
0.065 0.964 0.256
