13
-0.739 0.511 0.693
-0.539 0.386 -0.279
0.025 0.992 -0.122
0.365 0.704 0.640
0.020 0.285 -0.200
-0.159 0.908 -0.388
-1.661 0.454 0.002
-0.734 0.525 -0.364
-0.066 0.997 0.026
1.463 0.537 -0.194
0.618 0.237 -0.635
-0.266 0.954 -0.139
-1.719 0.512 0.585
-0.843 0.668 0.129
-0.139 0.988 0.072
0.550 0.642 1.776
0.027 0.179 1.060
-0.273 0.886 -0.374
0.759 0.472 1.822
0.093 0.041 1.213
-0.318 0.902 -0.291
-1.103 0.515 -1.449
-0.145 0.499 -1.161
0.016 1.000 0.005
1.808 0.592 -0.368
1.239 0.169 0.336
-0.266 0.906 0.329
1.293 0.607 1.311
1.086 0.032 0.520
-0.146 0.818 -0.557
-1.080 0.567 -0.358
-0.120 0.301 -0.435
0.266 0.964 -0.021
-1.714 0.375 0.217
-0.825 -0.005 -0.040
0.365 0.925 -0.105
-0.843 0.699 1.119
-0.156 0.178 0.612
0.420 0.853 -0.310
