11
-1.824 1.134 -2.766
-1.524 0.568 -1.998
0.206 0.825 0.527
1.454 1.076 -3.095
1.536 0.536 -2.258
0.052 0.842 0.537
1.090 1.187 1.989
0.999 0.629 1.164
-0.061 0.830 -0.555
-1.434 1.205 -1.427
-0.926 0.580 -0.833
0.406 0.781 0.474
-1.308 0.926 -2.321
-0.639 0.864 -1.580
0.041 0.998 0.046
2.045 0.953 -0.864
1.048 0.896 -0.901
-0.057 0.998 -0.002
-1.683 0.951 -2.644
-1.025 1.121 -1.911
-0.114 0.985 -0.127
1.321 1.270 -2.921
0.723 0.840 -2.244
-0.285 0.903 0.322
0.926 1.128 -2.498
0.905 0.987 -1.508
-0.003 0.990 0.141
2.738 1.154 2.533
2.229 0.767 1.765
-0.214 0.922 -0.323
-1.211 1.076 -1.224
-0.616 0.853 -0.452
0.136 0.975 0.177
