28
3.533 0.222 1.656
2.586 0.133 1.347
-0.084 0.996 -0.028
2.887 0.365 -1.053
1.917 0.145 -0.954
-0.219 0.975 0.022
-1.373 0.162 -1.939
-1.375 0.033 -0.947
-0.000 0.992 0.129
3.291 0.376 2.526
2.506 0.211 1.929
-0.131 0.986 -0.099
3.187 0.129 0.790
2.209 0.105 0.996
-0.024 1.000 0.005
2.379 0.303 -0.910
1.465 0.224 -0.512
-0.073 0.997 0.032
2.461 0.209 -2.860
1.536 -0.024 -2.560
-0.221 0.973 0.072
3.407 0.416 0.728
2.504 0.084 0.455
-0.318 0.943 -0.096
2.501 0.364 3.118
1.792 0.081 2.472
-0.210 0.959 -0.191
3.451 0.307 3.054
2.705 0.095 2.423
-0.162 0.977 -0.137
4.278 0.277 2.410
3.279 0.245 2.404
-0.033 0.999 -0.000
4.275 0.379 2.577
3.521 0.150 1.962
-0.178 0.973 -0.145
-0.379 0.317 -1.856
-0.417 -0.096 -0.946
-0.017 0.911 0.413
0.841 0.345 4.037
0.816 0.354 3.038
0.000 1.000 0.008
4.325 0.146 2.397
3.559 -0.081 1.795
-0.178 0.974 -0.140
2.441 0.192 -2.855
1.469 0.085 -2.648
-0.104 0.994 0.022
1.461 0.442 2.883
1.246 0.308 1.916
-0.029 0.991 -0.131
2.545 0.142 3.265
1.796 -0.171 2.681
-0.247 0.950 -0.192
1.245 0.296 -2.894
0.898 -0.171 -2.081
-0.184 0.884 0.430
-0.239 0.364 3.672
-0.555 0.216 2.735
-0.047 0.989 -0.140
2.540 0.248 3.249
2.127 0.051 2.360
-0.083 0.980 -0.179
3.169 0.428 -2.096
2.291 0.004 -1.875
-0.412 0.905 0.104
-1.730 0.358 -2.171
-0.745 0.268 -2.025
0.089 0.996 0.013
1.628 0.367 3.435
1.811 0.385 2.452
-0.003 1.000 0.018
0.688 0.157 -1.526
0.508 0.078 -0.546
-0.014 0.997 0.078
-0.369 0.340 -1.823
-0.074 0.393 -0.869
-0.016 0.999 -0.051
4.144 0.257 3.411
3.333 -0.093 2.942
-0.303 0.937 -0.176
3.959 0.210 2.500
3.201 -0.175 1.974
-0.317 0.923 -0.219
