9
-1.850 1.019 -0.940
-0.956 0.632 -0.714
0.375 0.922 0.095
-1.776 0.977 -0.797
-0.971 0.391 -0.709
0.583 0.810 0.064
-0.098 0.985 0.466
0.659 0.797 -0.160
0.145 0.982 -0.120
-0.575 1.081 0.799
0.284 0.794 0.376
0.257 0.958 -0.127
-0.153 1.088 0.504
0.499 0.347 0.348
0.721 0.671 -0.173
0.448 1.283 -1.726
0.771 0.510 -1.178
0.392 0.635 0.665
0.187 0.963 2.538
0.550 0.692 1.647
0.102 0.963 -0.250
-1.825 1.226 -0.891
-1.089 1.012 -0.248
0.162 0.977 0.141
2.104 1.106 0.982
1.468 0.632 0.374
-0.343 0.880 -0.328
