14
-0.055 0.588 1.255
-1.025 0.566 1.013
-0.021 1.000 -0.005
0.235 0.720 -1.352
0.004 0.293 -0.478
-0.109 0.904 0.413
0.281 0.483 -1.474
0.153 0.204 -0.522
-0.037 0.960 0.277
0.246 0.538 -1.381
-0.565 -0.001 -1.153
-0.519 0.842 0.146
0.141 0.651 -0.744
-0.653 0.043 -0.774
-0.608 0.794 -0.023
-0.477 0.714 0.068
-0.906 0.004 -0.490
-0.433 0.703 -0.564
-0.884 0.434 -0.210
-0.987 -0.152 -1.013
-0.075 0.810 -0.582
-1.090 0.639 -2.031
-0.734 0.551 -1.100
0.031 0.996 0.082
-2.071 0.585 0.286
-1.471 0.223 -0.428
0.233 0.932 -0.277
-1.070 0.503 0.359
-0.751 -0.040 -0.418
0.206 0.839 -0.503
-1.662 0.627 0.026
-0.811 0.287 -0.375
0.307 0.940 -0.145
-0.125 0.469 -0.840
-0.584 -0.058 -1.555
-0.285 0.850 -0.444
-0.885 0.789 -2.581
-1.043 0.155 -1.823
-0.129 0.773 0.621
0.455 0.449 0.404
-0.348 -0.126 0.251
-0.566 0.818 -0.108
