11
2.689 -0.001 -0.617
1.796 0.076 -0.173
0.069 0.997 -0.034
2.091 -0.047 0.074
1.306 -0.649 -0.076
-0.591 0.799 -0.113
-1.189 0.147 -1.819
-0.754 -0.175 -0.979
0.148 0.947 0.285
-2.884 0.007 0.048
-2.054 -0.140 -0.490
0.123 0.989 -0.080
1.123 0.097 -0.964
0.614 0.036 -0.106
-0.031 0.998 0.052
-2.619 -0.072 -0.581
-1.777 -0.602 -0.478
0.525 0.848 0.064
-0.591 0.294 -0.796
-0.195 -0.394 -0.188
0.376 0.725 0.576
-2.145 -0.056 -0.437
-1.355 -0.578 -0.760
0.483 0.853 -0.197
-2.030 -0.048 -1.584
-1.752 0.026 -0.626
-0.021 0.997 -0.071
-2.154 0.206 -1.152
-1.973 0.157 -0.170
0.009 0.999 0.048
1.719 -0.001 1.416
1.695 -0.567 0.592
-0.017 0.824 -0.566
