30
3.085 0.237 0.251
2.833 -0.240 -0.590
-0.137 0.879 -0.457
3.203 0.311 -1.734
2.736 -0.122 -0.963
-0.224 0.901 0.371
3.034 0.201 -0.273
2.572 -0.448 -0.877
-0.395 0.761 -0.515
-1.589 -0.039 -1.395
-1.207 -0.640 -0.694
0.288 0.799 0.527
2.354 -0.002 -2.068
2.281 -0.537 -1.226
-0.046 0.845 0.533
3.093 0.182 0.334
2.848 0.152 -0.634
-0.008 1.000 -0.030
-3.222 0.036 -0.782
-2.352 -0.394 -0.541
0.414 0.903 0.115
2.929 0.308 -1.713
2.078 -0.162 -1.481
-0.454 0.883 0.123
-0.322 0.252 1.918
-1.253 0.045 1.615
-0.197 0.978 -0.064
-1.662 0.249 0.808
-0.960 -0.309 0.365
0.472 0.830 -0.297
-3.251 -0.039 0.988
-2.345 -0.136 0.575
0.088 0.995 -0.040
-3.910 0.287 -0.637
-2.960 0.142 -0.361
0.139 0.989 0.040
-2.357 0.328 1.780
-1.900 -0.121 1.013
0.230 0.894 -0.386
-3.270 0.031 0.826
-2.307 -0.062 0.573
0.090 0.996 -0.024
-3.194 0.087 1.490
-2.385 -0.182 0.967
0.226 0.963 -0.146
-1.619 0.008 -1.631
-1.748 -0.521 -0.792
-0.080 0.849 0.522
-3.677 0.261 -1.546
-2.712 0.043 -1.395
0.215 0.976 0.034
2.385 0.297 -0.857
1.584 -0.296 -0.942
-0.589 0.806 -0.062
-4.046 0.189 1.068
-3.249 -0.243 0.646
0.382 0.902 -0.202
2.296 0.187 0.398
1.579 -0.397 0.020
-0.517 0.811 -0.273
-3.705 0.275 0.061
-2.774 -0.062 -0.082
0.334 0.941 -0.051
-3.932 0.234 2.081
-3.462 -0.287 1.369
0.287 0.854 -0.435
2.633 -0.044 -0.078
1.641 0.024 -0.187
0.067 0.998 0.007
-1.569 0.135 1.635
-0.881 -0.369 1.113
0.402 0.863 -0.305
-3.894 0.190 -1.528
-3.005 0.209 -1.071
-0.017 1.000 -0.009
-4.002 0.225 -1.356
-3.352 -0.197 -0.724
0.302 0.907 0.294
2.352 -0.041 -2.082
1.629 -0.343 -1.460
-0.229 0.953 0.196
0.723 0.062 0.738
0.033 -0.394 0.176
-0.353 0.890 -0.288
0.023 0.235 1.491
-0.508 -0.315 0.847
-0.350 0.835 -0.425
-3.709 0.145 2.468
-2.860 -0.150 2.029
0.262 0.955 -0.136
