460
1.423 0.217 -0.393
1.237 -0.275 0.458
-0.186 0.867 0.462
1.437 0.362 -0.478
1.304 0.611 0.482
-0.079 0.962 -0.260
1.521 0.243 -0.422
0.820 -0.167 0.161
-0.347 0.911 0.222
1.637 0.394 -0.390
0.649 0.353 -0.246
-0.044 0.999 -0.015
1.842 0.294 -0.560
0.963 -0.132 -0.775
-0.425 0.903 -0.058
2.083 0.224 -0.674
1.295 -0.321 -0.959
-0.552 0.831 -0.063
1.089 0.208 -0.120
0.543 -0.368 -0.729
-0.432 0.816 -0.384
0.968 0.243 0.050
0.092 -0.144 0.338
-0.373 0.922 0.106
0.206 0.346 0.292
0.276 0.400 1.289
-0.029 0.998 -0.052
0.250 0.305 0.044
1.136 0.126 0.472
0.176 0.983 0.047
0.094 0.113 0.407
0.317 -0.427 1.219
0.232 0.838 0.494
-0.599 0.191 0.754
-1.480 -0.033 0.338
-0.198 0.975 -0.105
-0.550 0.197 0.880
-0.484 -0.052 -0.086
0.098 0.965 -0.242
-0.493 0.171 0.886
-0.097 -0.182 0.038
0.150 0.936 -0.320
