13
-2.019 0.197 -1.014
-1.381 -0.146 -0.325
0.233 0.939 0.252
1.635 0.525 1.241
0.720 0.127 1.161
-0.396 0.918 -0.034
1.737 0.373 -1.561
1.052 0.079 -0.894
-0.211 0.956 0.205
-1.276 0.429 1.760
-0.924 0.052 0.904
0.144 0.926 -0.349
-2.374 0.186 -0.931
-1.623 0.169 -0.271
0.013 1.000 0.011
-1.770 0.355 0.016
-1.232 -0.230 0.623
0.387 0.812 0.437
1.136 0.385 0.248
0.361 -0.033 -0.227
-0.356 0.909 -0.218
-2.183 0.325 0.769
-1.530 -0.174 0.199
0.376 0.867 -0.328
2.061 0.196 -1.441
1.708 -0.255 -0.620
-0.178 0.893 0.414
-0.014 0.159 1.214
0.002 -0.398 0.383
0.011 0.831 -0.556
2.540 0.435 0.235
1.740 0.025 -0.203
-0.359 0.912 -0.197
-0.564 0.535 1.457
-0.237 0.241 0.558
0.100 0.956 -0.276
-1.900 0.428 -1.042
-0.933 0.334 -0.806
0.091 0.996 0.022
