25
0.018 0.186 0.831
-0.309 -0.735 0.620
-0.773 0.389 -0.501
0.202 0.436 0.691
0.169 -0.352 0.077
-0.042 0.615 -0.787
1.428 0.155 -1.266
0.682 -0.488 -1.096
-0.628 0.765 0.143
-1.701 0.289 1.163
-0.882 -0.238 0.936
0.508 0.850 -0.141
-0.677 0.259 0.627
-0.247 -0.373 -0.017
0.351 0.775 -0.526
0.461 0.208 1.064
-0.177 -0.493 0.746
-0.627 0.713 -0.313
0.235 0.195 -1.804
0.322 -0.319 -0.950
0.052 0.858 0.511
-0.292 0.439 0.668
-0.836 -0.389 0.531
-0.803 0.561 -0.203
-2.148 0.182 0.677
-1.235 -0.227 0.699
0.409 0.913 0.010
1.563 0.381 -0.311
0.813 -0.160 0.071
-0.482 0.841 0.245
0.692 0.357 -0.944
0.142 -0.149 -0.279
-0.322 0.863 0.390
0.181 0.167 1.374
-0.456 -0.495 0.979
-0.563 0.749 -0.349
0.302 0.318 -0.625
0.058 -0.246 0.164
-0.166 0.826 0.539
-0.857 0.113 0.945
-0.026 -0.435 0.853
0.545 0.836 -0.060
0.154 0.167 1.358
-0.566 -0.420 0.989
-0.522 0.810 -0.268
-0.114 0.470 0.907
0.379 -0.265 0.441
0.534 0.678 -0.505
0.544 0.216 -1.064
-0.122 -0.279 -0.505
-0.379 0.869 0.318
-0.884 0.091 0.994
-0.260 -0.247 0.291
0.224 0.941 -0.253
-0.012 0.182 -2.170
0.208 -0.111 -1.239
0.067 0.956 0.286
-0.127 0.163 -2.237
-0.004 -0.206 -1.316
0.049 0.929 0.366
0.169 0.171 -1.339
0.830 -0.446 -0.912
0.518 0.787 0.335
0.764 0.462 -0.196
0.021 -0.029 0.258
-0.419 0.871 0.256
-1.736 0.247 0.461
-0.813 -0.086 0.269
0.326 0.943 -0.068
0.276 0.367 1.948
0.411 -0.009 1.032
0.055 0.926 -0.372
-0.074 0.243 -2.206
0.488 0.003 -1.415
0.139 0.971 0.196
