14
-0.651 0.424 2.697
-0.241 0.282 1.796
0.059 0.990 -0.130
-2.802 0.517 -0.175
-2.047 0.157 -0.724
0.291 0.933 -0.212
-1.582 0.513 1.155
-1.198 0.494 0.232
0.007 1.000 -0.018
2.069 0.395 1.011
1.845 0.480 0.040
0.019 0.996 0.082
-2.808 0.240 -0.171
-1.915 0.404 -0.590
-0.148 0.987 0.069
0.447 0.425 1.824
0.468 0.064 0.891
0.008 0.933 -0.360
2.092 0.170 1.081
1.441 -0.032 0.349
-0.134 0.979 -0.151
4.126 0.423 1.533
3.300 0.000 1.159
-0.385 0.906 -0.174
-4.148 0.335 -1.415
-3.158 0.438 -1.321
-0.102 0.995 -0.010
0.466 0.343 1.885
0.123 0.506 0.960
0.057 0.987 0.153
-1.241 0.218 2.437
-1.363 0.239 1.444
0.003 1.000 0.021
2.225 0.197 1.490
1.304 0.140 1.105
-0.053 0.998 -0.022
-2.409 0.454 -0.462
-1.525 0.008 -0.319
0.440 0.895 0.071
-0.821 0.190 -2.253
-0.671 -0.324 -1.408
0.090 0.858 0.506
