20
0.290 0.616 -0.731
-0.076 -0.141 -0.190
-0.425 0.653 0.626
0.283 0.565 0.688
0.844 -0.234 0.468
0.744 0.602 -0.291
0.542 0.526 0.343
0.220 -0.349 0.704
-0.583 0.484 0.653
0.908 0.689 -0.123
0.891 -0.058 0.542
-0.020 0.664 0.747
0.144 0.347 -0.118
0.582 -0.551 -0.158
0.894 0.440 -0.080
-0.782 0.374 0.247
-0.133 -0.298 -0.109
0.589 0.740 -0.323
0.040 0.358 -0.114
0.833 -0.079 0.311
0.385 0.900 0.206
0.089 0.513 -0.522
0.648 -0.306 -0.386
0.795 0.575 0.195
-0.684 0.326 -0.490
0.047 -0.352 -0.422
0.675 0.735 0.062
0.094 0.555 -0.119
0.556 -0.018 0.558
0.323 0.820 0.473
-0.016 0.338 0.517
-0.547 -0.428 0.155
-0.633 0.643 -0.431
-0.035 0.660 0.111
-0.503 -0.223 0.141
-0.881 0.470 0.055
1.242 0.631 0.122
0.515 0.011 -0.172
-0.575 0.784 -0.232
0.103 0.460 -0.117
0.563 -0.419 -0.240
0.849 0.476 -0.228
-0.667 0.395 0.485
-0.106 -0.374 0.789
0.677 0.638 0.367
-0.526 0.689 0.316
0.177 0.006 0.514
0.657 0.731 0.186
0.228 0.360 0.690
0.787 -0.094 -0.004
0.285 0.891 -0.354
0.119 0.457 0.165
0.123 -0.314 0.802
0.005 0.636 0.772
-0.841 0.399 0.329
0.098 0.188 0.058
0.203 0.977 -0.059
-0.310 0.459 -0.081
0.031 -0.124 0.656
0.245 0.812 0.529
