46
-2.996 0.226 2.709
-2.475 -0.037 1.897
0.142 0.965 -0.222
-1.452 0.499 4.467
-1.175 0.155 3.570
0.101 0.939 -0.329
-0.730 0.482 4.677
-0.604 0.343 3.694
0.018 0.990 -0.138
0.686 0.446 3.857
0.260 0.072 3.033
-0.172 0.928 -0.332
-3.877 0.495 1.368
-3.157 0.199 0.740
0.223 0.955 -0.194
-5.167 0.400 1.477
-4.278 0.059 1.172
0.323 0.940 -0.111
-0.747 0.327 4.662
-0.704 -0.123 3.770
0.022 0.893 -0.449
-0.886 0.309 3.822
-0.587 0.325 2.868
-0.005 1.000 0.015
2.225 0.482 -5.399
1.609 0.255 -4.645
-0.143 0.974 0.175
-0.366 0.300 3.968
-0.317 0.004 3.014
0.015 0.955 -0.296
4.433 0.329 -3.817
3.548 0.125 -3.398
-0.185 0.979 0.087
0.536 0.192 2.703
0.547 0.232 1.704
-0.000 0.999 0.041
1.426 0.415 -6.113
1.432 0.118 -5.158
0.002 0.955 0.297
-0.851 0.462 4.954
-0.471 0.231 4.058
0.090 0.973 -0.213
4.917 0.508 -2.615
3.999 0.124 -2.512
-0.381 0.924 0.043
0.513 0.293 2.683
0.575 0.032 1.720
0.017 0.965 -0.261
-2.572 0.224 2.226
-2.341 -0.056 1.294
0.068 0.960 -0.272
-3.753 0.541 0.657
-2.895 0.154 0.995
0.360 0.922 0.142
0.780 0.226 -5.650
0.814 0.013 -4.673
0.007 0.977 0.213
0.574 0.369 3.760
0.137 0.165 2.884
-0.091 0.979 -0.182
-3.311 0.576 1.895
-2.894 0.336 1.018
0.103 0.971 -0.217
1.802 0.466 2.778
1.483 0.308 1.843
-0.051 0.988 -0.149
4.011 0.264 -2.778
3.128 -0.074 -2.451
-0.316 0.941 0.117
3.752 0.267 -2.366
2.822 0.304 -2.000
0.034 0.999 -0.014
3.641 0.441 -2.461
2.789 0.096 -2.855
-0.313 0.938 -0.145
3.314 0.461 0.925
2.409 0.195 0.594
-0.250 0.964 -0.092
3.806 0.398 -3.334
2.971 -0.105 -3.556
-0.487 0.864 -0.129
1.337 0.553 -5.580
1.516 0.394 -4.609
0.029 0.987 0.157
2.851 0.566 -4.935
2.068 0.523 -4.314
-0.033 0.999 0.027
3.674 0.394 -2.432
2.867 -0.004 -2.867
-0.351 0.917 -0.189
1.205 0.193 -6.305
1.453 -0.227 -5.432
0.115 0.907 0.404
3.775 0.285 -3.658
3.022 0.090 -3.030
-0.150 0.981 0.125
-3.524 0.514 -0.168
-2.551 0.508 -0.401
0.005 1.000 -0.001
1.956 0.214 1.887
1.974 -0.114 0.943
0.007 0.944 -0.328
1.851 0.247 -5.742
2.062 -0.208 -4.877
0.107 0.891 0.442
3.236 0.583 -0.074
2.252 0.448 0.044
-0.134 0.991 0.016
2.986 0.388 0.129
2.007 0.353 0.329
-0.034 0.999 0.007
-3.454 0.347 2.058
-2.856 -0.114 1.402
0.310 0.888 -0.341
-3.085 0.580 0.214
-2.251 0.045 0.350
0.528 0.845 0.086
5.119 0.465 -2.832
4.338 -0.146 -2.710
-0.604 0.791 0.095
2.160 0.562 -5.329
1.420 0.490 -4.661
-0.054 0.997 0.048
2.889 0.261 0.649
2.012 -0.088 0.318
-0.326 0.937 -0.123
-3.811 0.530 0.607
-2.811 0.506 0.596
0.023 1.000 -0.000
1.758 0.398 1.716
1.383 0.119 0.832
-0.109 0.960 -0.257
3.002 0.246 0.112
2.066 0.043 -0.178
-0.194 0.979 -0.060
0.489 0.233 3.687
-0.036 0.178 2.837
-0.029 0.998 -0.047
