14
-0.995 -0.163 1.506
-1.421 0.041 0.625
0.089 0.979 0.183
1.480 -0.341 -0.021
0.603 -0.170 -0.469
0.153 0.985 0.078
-1.147 -0.235 1.385
-1.638 0.043 0.560
0.142 0.960 0.239
1.647 -0.148 0.075
0.724 0.016 -0.273
0.153 0.987 0.058
-0.506 -0.394 1.893
-0.443 -0.616 0.920
0.014 0.975 -0.222
0.723 -0.298 0.878
-0.235 -0.199 0.608
0.095 0.995 0.027
-2.181 -0.433 -0.484
-1.345 -0.845 -0.123
0.378 0.911 0.163
1.096 -0.100 1.095
0.200 -0.460 0.835
-0.346 0.933 -0.100
-1.024 -0.192 -1.277
-1.458 -0.723 -0.550
-0.273 0.847 0.456
-1.159 -0.105 -1.162
-0.411 -0.630 -0.755
0.461 0.851 0.251
1.132 -0.113 0.647
0.559 -0.621 0.003
-0.338 0.861 -0.380
-0.503 -0.091 -1.955
-0.818 -0.501 -1.100
-0.142 0.912 0.385
1.279 -0.424 1.201
0.909 -0.909 0.408
-0.205 0.875 -0.439
-2.686 -0.218 0.072
-1.981 -0.565 -0.547
0.261 0.938 -0.229
