9
0.162 -0.275 1.217
-0.655 -0.710 0.837
-0.372 0.899 -0.230
0.196 -0.287 1.449
-0.499 -0.672 0.842
-0.240 0.921 -0.308
0.523 -0.156 1.421
0.519 -0.245 0.425
0.048 0.995 -0.089
0.694 -0.197 1.640
1.143 -0.375 0.764
0.077 0.984 -0.161
0.709 -0.120 1.821
1.517 -0.143 1.232
0.009 1.000 -0.028
0.556 -0.184 1.540
0.728 -0.347 0.569
0.006 0.986 -0.164
0.917 -0.279 0.579
0.303 -0.584 -0.149
-0.312 0.941 -0.131
0.966 -0.335 -0.472
0.075 -0.627 -0.126
-0.249 0.954 0.166
0.303 -0.265 -0.771
-0.590 -0.695 -0.904
-0.426 0.903 -0.062
0.711 -0.120 -0.554
-0.256 -0.309 -0.385
-0.181 0.981 0.066
