13
-1.622 0.479 0.096
-0.883 -0.167 0.289
0.625 0.764 0.163
-1.460 0.504 1.769
-0.962 -0.120 1.167
0.398 0.781 -0.481
0.257 0.576 -0.492
-0.018 -0.215 0.054
-0.356 0.611 0.707
-2.481 0.521 -0.208
-1.525 0.230 -0.200
0.292 0.957 0.003
-2.008 0.486 -0.041
-1.114 0.040 0.001
0.445 0.895 0.021
-1.241 0.314 1.638
-0.743 -0.369 1.104
0.466 0.730 -0.500
-0.916 0.588 -0.040
-0.521 -0.165 0.486
0.453 0.658 0.602
2.423 0.288 -1.230
1.636 -0.325 -1.297
-0.612 0.789 -0.052
-1.050 0.474 -0.284
-0.145 0.048 -0.302
0.427 0.904 -0.008
1.700 0.679 -1.160
0.867 0.299 -0.756
-0.342 0.925 0.166
-0.882 0.494 0.532
-0.519 -0.121 -0.167
0.283 0.788 -0.546
-0.044 0.322 -1.045
-0.133 -0.168 -0.177
-0.050 0.872 0.487
-1.230 0.306 -0.615
-0.329 -0.052 -0.367
0.345 0.934 0.095
