26
-2.190 0.154 1.438
-1.413 -0.161 0.893
0.282 0.948 -0.147
-2.157 0.182 1.143
-1.288 -0.009 0.687
0.162 0.981 -0.104
-1.747 0.083 -0.142
-0.863 -0.258 0.178
0.321 0.940 0.115
-1.076 0.171 -0.359
-0.081 0.072 -0.348
0.099 0.995 -0.006
0.350 0.157 -0.853
1.051 0.094 -0.143
0.011 0.997 0.078
1.339 0.028 -0.385
1.685 -0.509 0.385
0.209 0.844 0.494
1.357 -0.075 -0.733
0.820 -0.742 -0.217
-0.476 0.745 0.467
1.205 -0.052 0.061
0.558 -0.575 -0.495
-0.411 0.852 -0.324
0.837 0.077 0.505
0.575 -0.143 -0.434
-0.007 0.974 -0.227
0.503 0.166 0.596
1.159 0.068 -0.151
0.051 0.995 -0.085
1.133 -0.096 0.773
0.556 -0.631 0.155
-0.427 0.842 -0.330
1.204 -0.119 0.756
0.585 -0.683 1.303
-0.410 0.826 0.387
1.317 0.224 0.554
1.401 0.241 1.550
-0.076 0.997 -0.010
1.241 0.162 0.309
2.223 0.070 0.476
0.096 0.995 -0.012
0.995 -0.041 -0.593
1.752 -0.535 -1.021
0.427 0.869 -0.248
0.494 0.003 -0.772
0.108 -0.585 -1.483
-0.246 0.808 -0.535
0.595 0.117 -0.583
-0.075 -0.237 -1.236
-0.256 0.935 -0.244
0.636 0.087 -0.821
0.824 -0.191 -1.763
0.083 0.960 -0.266
0.743 0.242 -1.340
0.628 0.315 -2.331
0.024 0.997 0.071
0.830 0.348 -1.783
0.895 0.655 -2.733
-0.078 0.950 0.301
0.766 0.011 -1.277
0.932 -0.614 -2.040
0.172 0.780 -0.602
0.482 -0.004 -1.072
1.199 -0.628 -1.382
0.609 0.778 -0.156
-0.212 -0.053 -0.615
0.151 -0.673 0.080
0.318 0.784 0.534
-1.184 -0.093 -0.394
-0.442 -0.761 -0.357
0.669 0.739 -0.081
-1.300 -0.088 0.116
-0.485 -0.659 0.212
0.570 0.821 0.038
-0.787 -0.010 1.170
-0.074 -0.507 0.674
0.383 0.867 -0.318
-0.774 0.153 1.146
-0.290 0.019 0.281
0.193 0.980 -0.044
