25
-1.506 0.171 1.025
-0.576 0.288 0.676
-0.110 0.993 0.041
-2.394 0.118 -0.268
-1.434 0.066 0.007
0.051 0.999 0.015
-1.420 0.150 0.437
-0.493 0.368 0.132
-0.207 0.976 0.068
-2.045 0.301 -0.563
-1.103 0.015 -0.736
0.282 0.958 -0.052
-1.522 0.424 0.459
-0.625 -0.018 0.488
0.442 0.897 0.014
-1.007 0.326 1.483
-0.139 0.531 1.031
-0.182 0.979 0.095
-1.079 0.313 1.499
-0.130 0.193 1.208
0.114 0.993 -0.035
-1.142 0.129 -0.195
-0.277 -0.122 0.239
0.224 0.968 0.113
-1.531 0.210 -0.108
-0.686 -0.218 0.212
0.401 0.904 0.152
-0.888 0.505 0.720
-0.688 -0.176 0.016
0.186 0.732 -0.655
0.513 0.476 0.025
-0.208 -0.200 -0.131
-0.661 0.737 -0.143
-1.876 0.133 1.677
-1.384 -0.232 0.886
0.193 0.931 -0.310
-1.784 0.212 0.001
-0.906 0.006 0.432
0.185 0.979 0.091
-1.435 0.426 -0.698
-0.761 -0.258 -0.422
0.633 0.729 0.260
-0.286 0.489 -1.133
-0.593 -0.223 -0.502
-0.311 0.702 0.640
0.782 0.155 0.598
0.185 -0.391 0.009
-0.388 0.838 -0.383
-0.250 0.445 1.154
-0.826 -0.207 0.661
-0.495 0.758 -0.424
-1.281 0.174 -0.542
-0.535 -0.493 -0.536
0.666 0.746 0.005
0.352 0.162 0.615
-0.525 -0.312 0.687
-0.473 0.880 0.039
-1.075 0.449 0.929
-0.921 -0.127 0.126
0.109 0.817 -0.566
0.660 0.425 -0.119
-0.167 -0.120 -0.255
-0.538 0.839 -0.089
-1.512 0.369 -0.681
-0.658 0.432 -0.165
-0.054 0.998 -0.033
1.275 0.118 0.184
0.736 -0.497 -0.390
-0.421 0.788 -0.449
-0.203 0.157 -0.642
-0.670 -0.276 0.129
-0.224 0.902 0.370
1.132 0.141 1.049
0.390 -0.168 0.454
-0.241 0.951 -0.193
