13
1.450 -0.156 0.410
0.451 -0.130 0.412
0.026 1.000 -0.000
1.127 -0.124 0.542
0.235 -0.326 0.945
-0.185 0.979 0.083
2.030 0.155 -0.350
1.046 -0.009 -0.281
-0.164 0.986 0.011
0.342 0.234 -1.956
-0.508 -0.134 -1.580
-0.336 0.930 0.149
2.124 0.218 -0.117
1.145 0.421 -0.102
0.203 0.979 -0.003
0.789 0.024 -0.729
0.197 -0.048 0.073
-0.043 0.997 0.058
0.300 -0.029 -1.939
-0.448 -0.438 -1.417
-0.336 0.912 0.234
1.025 0.158 0.648
0.103 -0.025 0.310
-0.173 0.983 -0.063
1.010 -0.133 -2.082
0.773 -0.342 -1.133
-0.051 0.978 0.203
0.122 0.067 -0.870
-0.302 -0.239 -0.017
-0.136 0.952 0.274
1.358 -0.118 -1.302
0.921 0.087 -0.426
0.092 0.979 -0.183
1.032 0.187 -0.828
0.045 0.024 -0.843
-0.163 0.987 -0.002
2.147 -0.006 0.125
1.482 -0.391 0.765
-0.278 0.923 0.267
