456
1.492 -0.035 0.565
0.648 -0.527 0.779
-0.479 0.870 0.115
1.612 -0.000 0.193
0.919 -0.358 -0.433
-0.285 0.934 -0.218
1.404 0.131 -0.234
0.467 0.004 -0.561
-0.122 0.992 -0.035
0.947 -0.027 -1.213
0.460 -0.298 -0.382
-0.150 0.962 0.227
-0.302 -0.029 -0.937
-0.549 -0.214 0.014
0.020 0.980 0.196
-0.926 -0.252 -0.745
-0.323 -0.521 0.007
0.144 0.963 0.229
0.095 0.030 -0.849
0.734 -0.141 -0.099
0.177 0.981 0.074
1.197 -0.061 -0.569
0.991 -0.508 0.301
-0.025 0.892 0.452
1.592 -0.391 0.751
0.623 -0.637 0.730
-0.246 0.969 -0.009
1.441 -0.015 0.100
0.490 -0.325 0.114
-0.310 0.951 -0.014
0.759 -0.164 -1.319
-0.054 -0.595 -0.928
-0.405 0.902 0.151
0.280 -0.071 -0.993
-0.119 -0.333 -0.115
-0.160 0.963 0.215
-0.634 -0.225 -0.940
-0.297 -0.413 -0.018
0.094 0.982 0.166
-0.955 0.064 -0.856
-1.010 -0.005 0.140
0.088 0.993 0.074
