10
2.425 0.455 2.714
1.789 0.306 1.957
-0.096 0.989 -0.114
2.905 0.682 1.216
1.960 0.393 1.365
-0.286 0.957 0.045
-3.643 0.571 0.907
-2.745 0.169 0.729
0.394 0.916 -0.078
-1.763 0.437 1.888
-1.069 0.051 1.279
0.290 0.923 -0.254
-3.422 0.722 1.149
-2.585 0.177 1.108
0.544 0.838 -0.027
-3.390 0.720 1.075
-2.481 0.382 0.829
0.326 0.941 -0.089
-2.473 0.591 1.961
-1.628 0.467 1.441
0.106 0.992 -0.065
4.112 0.722 -1.455
3.333 0.523 -0.859
-0.158 0.980 0.120
-1.688 0.700 1.704
-0.905 0.445 1.136
0.207 0.967 -0.150
3.294 0.656 -1.140
2.717 0.641 -0.324
-0.009 1.000 0.013
