23
0.592 0.103 0.101
-0.269 -0.357 0.318
-0.458 0.887 0.062
-0.113 0.149 -0.312
-0.885 -0.113 0.267
-0.227 0.965 0.133
0.188 0.206 0.250
-0.747 -0.091 0.051
-0.284 0.955 -0.090
-0.060 0.026 0.696
-0.565 -0.398 -0.056
-0.326 0.900 -0.290
0.564 0.285 0.582
-0.247 0.394 0.007
0.093 0.994 0.057
0.584 0.107 0.407
0.137 -0.346 -0.364
-0.171 0.890 -0.423
0.225 0.287 0.209
0.540 0.271 -0.740
-0.030 0.999 -0.026
0.472 0.190 0.468
1.322 -0.018 -0.017
0.202 0.977 -0.066
0.241 0.042 0.081
0.619 -0.570 -0.614
0.269 0.791 -0.550
0.236 0.044 -0.292
1.005 -0.589 -0.206
0.621 0.772 0.133
0.388 0.057 -0.367
1.131 -0.406 0.116
0.388 0.886 0.254
0.428 0.158 -0.274
1.276 -0.177 0.136
0.273 0.940 0.203
1.006 0.216 -0.442
1.245 0.066 0.517
-0.015 0.987 0.158
0.948 0.056 -0.217
0.597 -0.325 0.638
-0.100 0.923 0.370
1.482 0.038 0.926
0.754 -0.354 1.488
-0.264 0.917 0.298
1.247 0.044 0.413
0.571 -0.477 0.934
-0.411 0.853 0.320
0.536 0.217 -0.115
0.013 -0.080 0.684
-0.151 0.955 0.256
0.357 0.079 -0.252
-0.310 -0.415 0.306
-0.359 0.869 0.339
0.626 0.324 0.232
-0.342 0.554 0.135
0.236 0.970 -0.062
0.906 0.412 0.213
0.232 1.139 0.338
0.691 0.682 -0.239
0.915 0.316 0.276
0.440 0.578 1.116
0.148 0.965 -0.216
0.880 0.331 -0.136
1.576 0.753 0.444
-0.225 0.896 -0.384
0.304 0.364 -0.018
0.502 0.768 -0.911
-0.039 0.914 0.405
0.268 0.024 -0.144
-0.016 -0.582 -0.888
-0.221 0.796 -0.564
