23
1.454 0.364 -0.979
0.558 0.143 -0.594
-0.204 0.975 0.087
0.638 0.347 0.307
-0.299 0.307 -0.039
-0.037 0.999 -0.014
1.803 0.308 1.514
0.949 0.075 1.047
-0.204 0.973 -0.112
1.097 0.437 -0.338
0.151 0.115 -0.353
-0.323 0.946 -0.005
0.609 0.402 0.309
-0.376 0.494 0.162
0.091 0.996 0.013
1.426 0.543 -0.977
0.457 0.319 -0.878
-0.223 0.975 0.023
1.308 0.380 0.830
0.370 0.357 0.485
-0.022 1.000 -0.008
1.712 0.382 0.264
0.753 0.411 -0.019
0.028 1.000 0.008
0.656 0.316 0.234
-0.044 -0.335 -0.061
-0.600 0.759 -0.252
-1.741 0.200 0.403
-1.545 -0.280 -0.452
0.108 0.877 -0.468
1.925 0.273 0.601
0.973 0.402 0.324
0.124 0.992 0.036
0.654 0.225 0.191
0.091 -0.384 -0.368
-0.432 0.793 -0.429
0.819 0.218 1.553
0.089 -0.338 1.155
-0.488 0.831 -0.266
-1.719 0.514 1.023
-1.159 -0.117 0.485
0.454 0.776 -0.437
0.071 0.308 1.206
-0.379 -0.178 0.456
-0.250 0.874 -0.417
0.680 0.474 0.792
0.171 -0.215 0.277
-0.484 0.724 -0.491
1.447 0.297 0.901
0.712 -0.218 0.462
-0.443 0.857 -0.265
-1.122 0.515 0.201
-0.531 -0.246 -0.066
0.694 0.649 -0.313
0.634 0.474 -0.785
0.099 0.011 -0.079
-0.280 0.886 0.369
1.326 0.444 1.239
1.012 -0.145 0.494
-0.229 0.808 -0.543
-1.127 0.484 0.074
-0.454 -0.227 -0.132
0.679 0.704 -0.208
-1.462 0.538 0.510
-0.679 -0.003 0.204
0.504 0.841 -0.197
0.015 0.432 -0.596
-0.431 -0.164 0.072
-0.331 0.804 0.495
