47
-0.914 -0.306 0.377
-1.295 -0.439 -0.538
-0.051 0.991 -0.123
-0.752 -0.364 0.883
-1.096 -0.487 -0.048
-0.043 0.992 -0.115
0.221 -0.309 0.654
-0.197 -0.367 -0.253
-0.024 0.998 -0.053
-0.555 -0.449 0.680
-1.125 -0.244 -0.116
0.120 0.979 0.167
-1.049 -0.509 0.771
-0.993 -0.179 -0.171
-0.019 0.944 0.329
0.098 -0.527 1.192
-0.623 -0.578 0.500
-0.037 0.999 -0.035
0.238 -0.390 0.708
0.050 -0.503 -0.267
-0.022 0.994 -0.111
-1.557 -0.327 0.733
-0.977 -0.146 -0.061
-0.107 0.983 0.146
0.193 -0.620 1.165
-0.676 -0.515 0.681
0.092 0.994 0.051
-1.058 -0.413 0.744
-1.451 -0.214 -0.153
0.080 0.980 0.182
0.538 -0.553 0.827
-0.091 -0.740 0.073
-0.120 0.982 -0.144
0.271 -0.339 -0.670
-0.685 -0.631 -0.660
-0.293 0.956 0.003
0.719 -0.385 -0.242
-0.029 -0.401 -0.905
-0.012 1.000 -0.011
-0.094 -0.270 0.486
-0.944 -0.104 -0.013
0.143 0.986 0.084
-0.249 -0.542 0.819
-0.255 -0.180 -0.113
0.002 0.932 0.362
-0.130 -0.640 0.739
-0.721 -0.146 0.100
0.335 0.870 0.363
-0.949 -0.598 1.084
-1.199 -0.883 0.159
-0.075 0.958 -0.276
-0.820 -0.275 0.669
-0.577 0.023 -0.254
-0.076 0.955 0.288
-0.312 -0.500 0.622
-0.463 -0.090 -0.277
0.068 0.912 0.404
-0.085 -0.310 0.514
-0.896 -0.023 0.003
0.243 0.958 0.153
-0.061 -0.641 0.589
-0.141 -0.296 -0.346
0.029 0.939 0.343
0.607 -0.657 0.226
0.255 -0.724 -0.707
-0.024 0.998 -0.063
-0.167 -0.560 0.231
-0.945 0.055 0.102
0.606 0.789 0.101
0.015 -0.448 0.010
-0.714 0.132 -0.353
0.519 0.815 0.259
0.340 -0.293 0.605
-0.519 0.098 0.275
0.365 0.920 0.140
0.307 -0.395 0.104
-0.070 -0.085 -0.768
0.123 0.951 0.285
-1.543 -0.429 0.860
-0.868 -0.080 0.211
-0.251 0.937 0.242
0.451 -0.621 -0.462
-0.497 -0.311 -0.381
0.309 0.951 -0.026
0.721 -0.294 0.581
-0.076 -0.648 0.090
-0.302 0.935 -0.186
-0.482 -0.361 0.908
-0.234 -0.705 0.002
0.091 0.939 -0.331
-0.768 -0.363 0.014
-0.832 0.337 -0.697
0.062 0.714 0.698
-0.439 -0.377 0.392
0.151 -0.199 -0.396
-0.106 0.984 0.142
-0.570 -0.587 0.692
-0.088 -0.273 -0.125
-0.160 0.949 0.271
-1.318 -0.514 -0.902
-0.454 -0.042 -0.728
-0.463 0.881 -0.094
0.856 -0.376 0.187
-0.047 -0.674 -0.123
-0.281 0.955 -0.096
-0.612 -0.481 -0.678
-1.463 -0.033 -0.406
0.427 0.894 -0.136
-1.723 -0.538 0.003
-0.980 -0.845 -0.592
0.240 0.952 -0.192
-0.455 -0.492 -0.464
-0.922 -0.008 0.276
0.258 0.875 -0.410
-0.460 -0.301 -1.239
-1.084 -0.116 -0.479
0.117 0.983 -0.143
-0.383 -0.408 0.635
0.385 0.071 0.209
-0.418 0.878 0.232
-0.285 -0.653 -0.512
-1.272 -0.695 -0.357
-0.042 0.999 0.007
-1.628 -0.517 1.413
-1.893 -0.648 0.458
-0.035 0.991 -0.126
-1.238 -0.280 0.997
-1.400 -0.782 0.148
-0.094 0.865 -0.493
-0.306 -0.476 0.530
-1.291 -0.308 0.496
0.169 0.986 0.006
-0.678 -0.430 -0.918
-1.502 -0.426 -0.350
0.003 1.000 -0.002
-1.630 -0.603 -0.026
-0.814 -0.776 -0.577
0.144 0.985 -0.097
0.292 -0.292 -0.772
-0.407 -0.102 -0.082
0.135 0.982 -0.133
