47
0.632 -0.184 0.845
-0.304 -0.492 1.017
-0.307 0.951 0.034
0.452 -0.169 0.714
-0.432 -0.524 0.412
-0.289 0.926 -0.241
0.102 -0.102 0.564
0.062 -0.639 -0.279
0.300 0.798 -0.523
0.522 -0.110 0.240
0.870 -0.947 -0.182
0.719 0.527 -0.452
0.514 -0.133 -0.143
0.884 -0.942 0.312
0.590 0.584 0.558
0.278 -0.076 0.002
0.083 -0.533 0.870
0.044 0.880 0.474
0.099 -0.108 0.241
-0.597 -0.704 0.642
-0.520 0.803 0.292
0.361 -0.247 0.975
-0.428 -0.858 0.914
-0.576 0.770 -0.274
0.434 -0.431 0.929
-0.354 -1.042 1.004
-0.614 0.770 -0.172
0.145 -0.045 0.816
-0.584 -0.544 1.284
-0.417 0.867 0.275
-0.040 0.090 1.069
-0.965 -0.134 1.376
-0.228 0.973 0.021
0.117 -0.125 0.824
-0.759 -0.589 0.955
-0.476 0.876 -0.077
-0.655 0.025 1.277
-1.213 -0.789 1.439
-0.787 0.582 0.204
0.269 -0.114 0.680
-0.496 -0.616 0.277
-0.333 0.845 -0.419
0.097 -0.163 0.018
-0.450 -0.979 -0.172
-0.687 0.566 -0.456
-0.064 -0.135 -0.491
-0.338 -1.034 -0.148
-0.425 0.433 0.795
-0.204 0.056 -0.774
-0.812 -0.229 -0.033
-0.132 0.957 0.259
-1.145 0.211 -0.290
-1.516 -0.082 0.591
-0.050 0.954 0.296
-1.197 0.173 -0.382
-1.845 -0.284 0.228
-0.387 0.887 0.253
-1.004 0.108 -0.733
-1.853 -0.406 -0.617
-0.487 0.850 0.200
-0.455 -0.201 -0.671
-1.212 -0.850 -0.742
-0.652 0.757 0.031
-0.484 -0.547 -0.608
-1.425 -0.812 -0.820
-0.272 0.962 0.003
-0.342 -0.274 -0.908
-0.413 -1.121 -0.381
-0.205 0.529 0.823
-0.751 -0.140 -0.350
-1.529 -0.741 -0.533
-0.559 0.795 -0.235
-1.102 -0.444 -0.282
-1.954 -0.952 -0.404
-0.512 0.859 0.001
-0.960 -0.204 -0.340
-1.796 -0.738 -0.460
-0.543 0.839 0.044
-1.308 -0.015 -0.073
-2.160 -0.458 -0.351
-0.356 0.881 -0.313
-0.478 -0.135 -0.644
-1.289 -0.719 -0.643
-0.585 0.811 -0.018
-0.123 -0.213 -0.435
-0.691 -0.870 -0.930
-0.322 0.731 -0.602
0.136 0.146 -0.318
0.036 0.223 -1.310
0.232 0.971 0.052
0.268 -0.012 -0.437
0.114 -0.330 -1.372
0.178 0.922 -0.343
0.237 0.069 -0.724
0.197 -0.407 -1.603
0.127 0.870 -0.477
-0.049 -0.119 -0.932
-0.018 -1.004 -1.396
0.562 0.399 -0.725
-0.256 -0.057 -1.003
0.317 -0.876 -1.023
0.819 0.571 0.061
-0.249 -0.036 -0.479
0.277 -0.775 -0.059
0.633 0.671 0.387
0.156 -0.109 -0.891
0.455 -1.055 -1.018
0.953 0.302 -0.008
0.064 -0.050 -0.637
0.305 -0.986 -0.380
0.907 0.312 0.283
-0.830 -0.001 -0.693
-0.679 -0.923 -1.049
0.817 0.319 -0.480
-1.742 -0.087 -0.629
-1.616 -0.998 -1.022
0.601 0.385 -0.700
-1.743 0.289 -0.469
-1.646 -0.289 -1.279
0.353 0.781 -0.515
-1.628 0.580 -0.371
-1.360 0.756 -1.319
0.215 0.947 0.238
-1.440 0.266 -0.457
-0.984 -0.365 -1.085
0.589 0.743 -0.319
-1.186 0.286 -0.362
-0.508 -0.186 0.200
0.422 0.877 0.228
-1.293 0.571 -0.491
-0.559 1.064 -0.024
-0.315 0.857 -0.408
-1.106 0.191 -0.187
-0.668 -0.297 0.568
0.341 0.867 0.362
0.265 -0.112 -0.145
0.168 -0.639 0.699
0.056 0.844 0.533
0.355 -0.083 0.609
-0.560 -0.362 0.321
-0.230 0.954 -0.192
0.561 0.156 0.784
-0.047 0.830 0.363
0.619 0.733 0.280
