25
-2.783 0.241 -3.704
-2.136 0.006 -2.978
0.157 0.972 0.176
-2.397 0.119 -4.918
-2.160 0.195 -3.949
-0.018 0.997 -0.074
-3.284 0.284 -4.066
-2.899 0.251 -3.144
0.013 0.999 0.030
0.657 0.430 2.089
1.397 0.485 1.419
-0.041 0.998 0.037
2.917 0.355 -3.633
2.549 -0.008 -2.778
-0.144 0.932 0.334
-1.897 0.262 1.443
-1.086 -0.013 0.928
0.233 0.961 -0.148
-3.753 0.264 -0.114
-2.775 0.376 -0.290
-0.110 0.994 0.020
1.001 0.365 -5.111
1.085 0.517 -4.126
-0.013 0.988 -0.152
-4.328 0.185 -1.835
-3.334 0.074 -1.815
0.111 0.994 0.002
2.856 0.430 -1.342
2.134 -0.189 -1.033
-0.569 0.786 0.244
-1.131 0.176 -6.299
-1.242 0.332 -5.317
0.017 0.988 -0.155
-0.782 0.454 2.606
-0.654 -0.053 1.753
0.075 0.862 -0.501
0.392 0.355 1.960
-0.209 -0.177 1.364
-0.378 0.846 -0.375
-3.634 0.154 -2.826
-2.656 0.321 -2.696
-0.165 0.986 -0.022
-0.566 0.218 1.695
-0.557 -0.145 0.763
0.003 0.932 -0.363
-0.465 0.285 2.834
-0.869 -0.108 2.008
-0.173 0.920 -0.353
2.470 0.335 -2.585
1.688 0.136 -1.995
-0.159 0.980 0.120
2.525 0.391 -2.581
1.684 0.240 -2.061
-0.128 0.989 0.079
0.416 0.374 -4.325
0.044 0.018 -3.468
-0.142 0.935 0.326
-0.133 0.158 1.583
-0.316 -0.481 0.835
-0.151 0.769 -0.621
-5.220 0.358 -2.176
-4.242 0.194 -2.297
0.164 0.986 -0.020
-1.225 0.105 -6.173
-1.142 -0.296 -5.261
0.036 0.916 0.399
-5.105 0.346 -0.905
-4.175 0.316 -1.270
0.028 1.000 -0.011
-5.099 0.309 -0.900
-4.403 0.445 -0.195
-0.095 0.991 -0.096
1.543 0.117 -3.813
1.055 -0.387 -3.100
-0.285 0.864 0.416
