1063
-1.312 0.574 -2.101
-0.484 0.236 -2.548
0.366 0.930 -0.025
-1.223 0.561 -1.880
-0.343 0.114 -2.038
0.457 0.889 0.033
-0.669 0.575 -1.884
0.112 0.212 -1.376
0.274 0.931 0.242
-0.623 0.603 -1.337
-0.146 0.278 -0.520
0.182 0.946 0.270
-0.650 0.533 -0.998
-0.693 0.209 -0.053
-0.041 0.946 0.323
-0.160 0.513 -1.181
-0.938 0.091 -0.714
-0.350 0.907 0.236
-0.426 0.540 -0.359
-1.361 0.212 -0.487
-0.324 0.945 -0.051
-0.013 0.419 -0.104
-0.351 0.032 -0.962
-0.133 0.922 -0.363
-0.412 0.521 -1.537
-0.074 0.061 -2.358
0.257 0.884 -0.390
-1.118 0.518 -2.598
-0.369 -0.022 -2.980
0.563 0.824 -0.060
-1.037 0.423 -1.652
-0.208 -0.050 -1.950
0.504 0.863 0.034
-0.408 0.425 -1.027
0.423 -0.024 -1.356
0.460 0.887 -0.047
-0.074 0.413 -0.593
0.802 -0.064 -0.662
0.482 0.872 0.087
0.517 0.429 0.772
1.270 -0.063 0.335
0.437 0.870 -0.226
0.514 0.432 0.791
1.342 -0.090 0.585
0.534 0.845 0.004
0.583 0.436 0.798
1.310 -0.148 1.156
0.553 0.809 0.199
0.372 0.567 1.601
1.221 0.080 1.804
0.482 0.873 0.077
0.854 0.653 2.660
1.715 0.180 2.471
0.417 0.867 -0.273
1.190 0.582 1.116
2.031 0.198 1.498
0.340 0.923 0.180
1.336 0.486 0.319
1.720 -0.013 1.096
0.237 0.867 0.439
