10
0.044 0.480 -0.641
0.648 0.184 -1.381
0.187 0.955 -0.229
1.102 0.536 -0.177
1.107 0.042 -1.046
0.003 0.869 -0.495
0.060 0.378 -0.398
0.253 0.205 -1.364
0.034 0.985 -0.170
0.055 0.499 -0.748
0.916 0.535 -1.254
-0.032 0.999 0.019
0.108 0.523 0.357
0.705 -0.076 -0.177
0.446 0.801 -0.399
0.503 0.268 0.226
0.989 -0.267 -0.465
0.308 0.845 -0.437
1.685 0.465 -1.390
1.319 -0.217 -2.023
-0.340 0.732 -0.590
1.119 0.269 0.089
1.603 0.382 -0.779
-0.055 0.994 0.098
0.027 0.306 -1.780
0.609 -0.353 -1.304
0.510 0.753 0.417
0.270 0.242 -1.813
1.223 -0.023 -1.958
0.261 0.964 -0.040
