23
1.656 0.341 0.529
0.777 -0.013 0.209
-0.332 0.936 -0.121
1.720 0.227 1.923
0.916 -0.124 1.444
-0.301 0.937 -0.179
1.150 0.184 1.072
0.513 -0.162 0.383
-0.235 0.938 -0.254
-1.854 0.264 -1.462
-1.210 -0.290 -1.990
0.428 0.833 -0.351
1.936 0.008 1.724
1.102 -0.292 1.261
-0.262 0.954 -0.145
0.574 0.316 1.540
0.288 -0.072 0.665
-0.121 0.921 -0.369
0.916 0.106 0.650
0.109 -0.478 0.730
-0.581 0.812 0.057
0.966 0.224 -0.927
0.052 -0.180 -0.896
-0.404 0.915 0.014
1.222 0.015 1.149
0.579 -0.380 0.493
-0.276 0.919 -0.282
1.688 0.017 0.946
0.704 -0.160 0.934
-0.177 0.984 -0.002
0.766 0.188 1.745
0.493 0.140 0.784
-0.013 0.999 -0.047
-1.245 0.234 -1.012
-0.496 -0.305 -1.398
0.479 0.842 -0.246
1.106 0.236 -0.197
0.271 -0.313 -0.235
-0.549 0.835 -0.025
1.020 0.003 0.554
0.038 -0.148 0.444
-0.150 0.989 -0.017
0.948 0.309 0.621
0.201 -0.193 1.057
-0.433 0.865 0.253
1.320 0.363 1.286
0.533 0.348 0.668
-0.012 1.000 -0.010
1.245 0.133 -0.325
0.254 0.010 -0.273
-0.122 0.992 0.006
0.779 0.072 0.104
0.025 -0.496 -0.226
-0.521 0.823 -0.228
0.787 -0.024 2.135
0.666 -0.025 1.142
-0.000 1.000 -0.001
1.856 0.065 1.798
0.875 -0.095 1.690
-0.159 0.987 -0.017
-1.161 0.124 -2.137
-1.252 -0.075 -1.161
-0.018 0.980 0.198
-1.467 0.332 -0.796
-0.684 -0.229 -0.527
0.531 0.828 0.182
0.287 0.163 -0.449
0.485 -0.468 0.300
0.161 0.775 0.610
