43
2.853 -0.053 2.192
1.853 -0.062 2.206
-0.009 1.000 0.000
-3.082 0.132 -2.985
-3.067 -0.247 -2.060
0.006 0.926 0.379
-3.720 -0.030 -1.520
-2.957 -0.614 -1.242
0.549 0.812 0.200
-3.681 0.123 -2.262
-3.019 -0.385 -1.710
0.390 0.862 0.325
1.601 0.155 -0.318
0.761 -0.388 -0.326
-0.543 0.840 -0.005
-2.358 0.027 -2.977
-2.212 -0.230 -2.022
0.039 0.966 0.254
2.173 0.205 -1.222
1.253 -0.152 -1.062
-0.352 0.934 0.061
1.542 0.244 -1.443
0.710 -0.293 -1.304
-0.530 0.843 0.088
1.818 0.112 -0.662
0.888 -0.233 -0.532
-0.342 0.939 0.048
3.532 -0.059 -0.406
2.584 -0.069 -0.089
-0.010 1.000 0.003
-1.914 0.203 -3.730
-1.735 0.070 -2.756
0.024 0.991 0.131
2.372 0.061 -0.318
1.401 -0.162 -0.229
-0.221 0.975 0.020
-3.957 0.319 -2.431
-3.188 -0.217 -2.082
0.488 0.844 0.222
3.152 0.216 -0.332
2.336 -0.251 0.008
-0.431 0.884 0.180
2.041 0.092 2.491
1.098 -0.205 2.339
-0.293 0.955 -0.047
-1.811 0.048 -3.275
-1.869 -0.303 -2.341
-0.021 0.937 0.350
3.059 0.219 0.820
2.112 -0.103 0.807
-0.322 0.947 -0.004
-1.467 0.128 -2.780
-1.138 0.085 -1.837
0.014 0.999 0.041
-2.931 0.318 -3.330
-2.262 0.206 -2.595
0.076 0.994 0.083
3.747 0.304 -0.054
2.763 0.147 -0.140
-0.157 0.988 -0.014
-4.375 -0.044 -2.323
-3.458 -0.411 -2.162
0.361 0.930 0.063
4.031 0.142 0.715
3.272 -0.110 1.314
-0.198 0.968 0.157
-1.795 0.143 -3.205
-1.943 -0.285 -2.313
-0.070 0.904 0.423
1.733 0.297 3.066
0.981 -0.159 2.589
-0.385 0.890 -0.244
2.957 0.069 -0.024
2.008 -0.211 -0.169
-0.277 0.960 -0.042
1.034 0.098 2.783
0.490 -0.112 1.970
-0.117 0.978 -0.174
-2.993 0.242 -2.603
-2.448 0.140 -1.770
0.056 0.995 0.085
2.407 0.203 2.691
1.632 -0.190 2.197
-0.332 0.919 -0.212
-3.934 0.233 -1.772
-3.108 -0.319 -1.887
0.546 0.834 -0.076
-2.561 0.147 -3.637
-2.712 -0.218 -2.718
-0.059 0.931 0.360
3.595 -0.058 0.186
2.607 -0.011 0.331
0.046 0.999 -0.007
-1.534 0.094 -2.675
-1.937 -0.322 -1.860
-0.184 0.909 0.373
-0.835 0.026 -2.562
-1.001 -0.298 -1.631
-0.057 0.946 0.320
2.897 -0.066 0.732
1.984 -0.448 0.584
-0.376 0.924 -0.061
2.220 -0.057 -0.078
1.484 0.129 0.573
0.139 0.983 -0.123
-0.058 0.085 -1.352
-0.301 -0.314 -0.468
-0.106 0.917 0.385
1.922 0.010 3.169
1.114 -0.095 2.589
-0.085 0.994 -0.061
0.926 0.328 2.988
0.514 0.096 2.107
-0.098 0.973 -0.210
-2.517 0.252 -3.440
-1.814 -0.112 -2.828
0.274 0.932 0.239
-0.812 0.310 2.093
-0.941 -0.125 1.202
-0.062 0.900 -0.431
-3.948 -0.054 -1.748
-2.990 -0.299 -1.594
0.242 0.969 0.039
0.370 0.244 2.645
-0.139 0.021 1.813
-0.116 0.975 -0.190
0.483 0.158 2.431
0.215 -0.393 1.641
-0.177 0.834 -0.522
