20
0.507 0.581 3.045
-0.129 0.260 2.343
-0.215 0.947 -0.237
-3.453 0.458 -1.845
-2.648 -0.001 -2.221
0.416 0.888 -0.194
2.317 0.670 1.296
1.466 0.655 1.820
-0.013 1.000 0.008
2.362 0.539 -0.111
1.474 0.312 -0.511
-0.207 0.974 -0.094
2.669 0.459 0.978
1.934 0.472 1.656
0.010 1.000 -0.009
0.447 0.544 2.958
-0.044 0.376 2.104
-0.084 0.986 -0.146
0.110 0.605 -1.380
0.454 0.715 -0.448
-0.038 0.994 -0.104
2.259 0.331 1.517
1.719 0.361 0.675
0.016 1.000 0.025
1.154 0.357 -0.766
0.795 0.325 0.167
-0.012 0.999 0.030
-2.422 0.327 -1.877
-1.492 0.370 -1.513
-0.040 0.999 -0.016
-2.073 0.390 0.016
-1.075 0.445 0.067
-0.055 0.998 -0.003
-3.584 0.531 -1.731
-2.839 -0.129 -1.828
0.654 0.751 -0.085
-0.784 0.403 -3.526
-0.775 0.023 -2.601
0.004 0.925 0.380
1.497 0.608 0.480
0.956 0.149 1.185
-0.280 0.888 0.364
-2.439 0.359 -1.197
-1.494 0.095 -1.391
0.258 0.965 -0.053
-0.564 0.431 -3.254
-0.120 0.618 -2.377
-0.084 0.982 -0.166
-0.514 0.422 1.722
-0.200 0.090 0.833
0.111 0.943 -0.314
0.208 0.467 2.614
-0.386 0.606 1.822
0.083 0.990 0.111
-0.187 0.512 1.437
0.096 0.507 0.478
0.001 1.000 -0.004
-0.722 0.444 -2.185
-0.502 0.293 -1.221
0.034 0.989 0.147
