16
-0.658 0.182 0.648
-0.281 -0.113 -0.230
0.198 0.952 -0.234
-0.956 0.192 0.591
-0.010 -0.069 0.400
0.260 0.965 -0.028
-1.142 0.119 0.719
-0.290 -0.399 0.784
0.517 0.855 0.048
-1.019 0.311 0.857
-1.126 0.164 -0.126
0.069 0.985 -0.155
-0.961 0.015 0.619
-0.927 -0.676 -0.104
0.202 0.713 -0.672
-0.575 -0.033 -0.050
-0.340 -0.920 -0.448
0.406 0.462 -0.788
-0.289 -0.183 -0.395
0.187 -1.062 -0.364
0.877 0.477 0.046
0.099 0.058 -0.378
0.929 -0.418 -0.669
0.478 0.876 -0.069
0.910 0.064 -0.380
1.786 -0.399 -0.246
0.438 0.881 0.179
0.972 0.103 -0.177
1.007 -0.462 0.648
-0.051 0.823 0.566
0.590 0.268 -0.208
-0.398 0.138 -0.119
-0.132 0.991 -0.018
0.660 -0.181 -0.289
0.160 -1.008 -0.542
-0.812 0.550 -0.192
1.008 0.020 -0.249
1.538 -0.531 0.397
0.424 0.831 0.361
1.002 -0.534 -0.272
1.342 -1.428 0.020
0.652 0.448 0.612
0.846 -0.047 -0.442
1.143 -0.688 -1.150
0.296 0.767 -0.570
0.801 0.113 -0.446
1.020 -0.423 -1.261
0.156 0.844 -0.514
0.727 0.078 -0.242
0.040 -0.458 -0.732
-0.432 0.844 -0.317
