25
2.229 0.088 -0.900
1.577 -0.552 -0.494
-0.543 0.768 0.339
0.287 0.122 2.264
-0.003 -0.362 1.439
-0.161 0.875 -0.457
2.554 0.153 0.159
1.720 -0.382 0.297
-0.527 0.845 0.087
2.332 0.121 -0.051
1.481 -0.382 0.098
-0.496 0.864 0.087
0.920 0.389 1.741
0.588 -0.269 1.066
-0.290 0.752 -0.591
-1.977 0.124 0.902
-1.237 -0.526 0.727
0.632 0.760 -0.149
2.954 0.381 -0.707
2.073 0.118 -0.312
-0.239 0.965 0.107
1.816 0.063 0.525
1.217 -0.512 -0.033
-0.421 0.818 -0.392
-1.233 0.125 -2.223
-1.083 -0.435 -1.408
0.102 0.829 0.550
1.476 0.407 -1.035
0.884 -0.276 -0.607
-0.554 0.731 0.400
2.112 0.141 -0.153
1.432 -0.501 -0.508
-0.569 0.767 -0.298
-1.199 0.278 -2.015
-0.522 0.277 -1.279
0.001 1.000 0.001
-1.842 0.223 -0.683
-1.055 -0.229 -0.264
0.399 0.892 0.213
-0.394 0.232 -2.276
-0.330 -0.344 -1.460
0.045 0.818 0.574
1.215 0.403 2.452
1.386 0.084 1.520
0.058 0.948 -0.313
0.621 0.403 1.604
0.419 -0.152 0.797
-0.135 0.831 -0.539
0.043 0.318 -1.459
0.287 -0.099 -0.583
0.112 0.909 0.402
0.907 0.275 2.549
0.314 0.068 1.772
-0.126 0.978 -0.164
0.820 0.313 1.537
1.290 -0.055 0.734
0.186 0.930 -0.318
2.029 0.152 -0.467
1.087 -0.168 -0.364
-0.318 0.948 0.035
-2.122 0.152 0.857
-1.485 -0.350 0.271
0.369 0.865 -0.339
-0.695 0.402 -1.764
0.133 0.361 -1.205
0.034 0.999 0.023
1.096 0.325 1.008
0.513 -0.253 0.437
-0.413 0.816 -0.404
-2.590 0.081 0.104
-1.845 -0.396 -0.360
0.405 0.879 -0.252
-1.688 0.194 0.219
-0.941 -0.160 0.781
0.283 0.935 0.213
