841
1.794 0.108 0.773
1.292 -0.334 1.516
-0.240 0.897 0.372
1.550 0.108 0.649
0.811 -0.240 1.226
-0.281 0.937 0.207
1.055 0.181 0.994
0.079 0.058 1.175
-0.130 0.991 -0.027
0.922 0.150 0.787
0.032 -0.084 0.397
-0.191 0.971 -0.147
1.052 0.117 0.766
0.583 -0.155 -0.074
-0.067 0.959 -0.274
0.500 0.076 0.442
0.985 -0.446 -0.260
0.436 0.840 -0.323
0.146 0.066 0.973
0.792 -0.540 0.507
0.568 0.788 -0.236
0.211 0.055 1.076
0.984 -0.577 1.009
0.635 0.770 0.070
1.176 0.070 0.958
1.649 -0.444 1.673
0.191 0.852 0.487
1.193 -0.028 1.169
0.480 -0.606 1.567
-0.490 0.816 0.306
0.287 0.100 1.829
-0.549 -0.292 1.445
-0.335 0.919 -0.208
-0.201 0.105 1.287
-1.014 -0.243 0.821
-0.260 0.934 -0.244
0.220 0.241 1.179
0.075 0.091 0.201
0.050 0.986 -0.158
0.062 0.087 0.939
0.715 -0.402 0.361
0.374 0.872 -0.316
-0.280 0.062 0.444
0.560 -0.469 0.327
0.535 0.845 0.007
-1.035 0.264 0.391
-0.280 -0.151 0.899
0.318 0.909 0.271
-1.691 0.210 0.304
-1.133 -0.393 0.874
0.455 0.797 0.397
-1.568 0.147 -0.013
-1.680 -0.489 0.750
-0.044 0.770 0.636
-1.876 0.193 0.411
-2.511 -0.482 0.787
-0.603 0.737 0.306
-1.864 0.205 0.629
-2.246 -0.508 0.040
-0.160 0.678 -0.717
