12
-2.509 0.460 -1.123
-1.988 -0.244 -1.606
0.516 0.710 -0.479
0.962 0.314 -0.835
-0.025 0.167 -0.784
-0.146 0.989 0.008
-2.526 0.363 -0.844
-2.057 -0.262 -1.469
0.375 0.781 -0.499
-0.263 0.418 -1.941
-1.242 0.338 -1.752
-0.079 0.997 0.015
-0.476 0.574 -1.966
-1.075 -0.211 -1.809
-0.759 0.619 0.199
-2.522 0.504 -0.911
-2.019 0.037 -1.638
0.266 0.884 -0.384
0.389 0.312 -1.057
-0.240 -0.375 -1.420
-0.596 0.726 -0.344
0.464 0.225 -1.054
-0.215 -0.343 -1.519
-0.468 0.823 -0.321
0.699 0.549 -1.044
-0.028 -0.139 -1.043
-0.687 0.726 0.001
-2.185 0.425 -2.212
-1.873 0.043 -1.342
0.129 0.924 0.359
0.715 0.584 0.079
0.137 0.161 -0.619
-0.270 0.906 -0.326
-2.206 0.252 -1.685
-1.341 -0.049 -1.283
0.272 0.954 0.127
