12
-0.419 0.252 -0.236
-1.309 -0.186 -0.366
-0.430 0.899 -0.085
-1.084 0.361 -0.698
-1.968 -0.040 -0.459
-0.400 0.915 0.056
-0.565 0.266 -0.546
-1.423 -0.021 -0.972
-0.228 0.956 -0.185
-0.856 0.190 -0.384
-1.314 -0.151 -1.205
-0.044 0.931 -0.362
-0.843 0.284 -1.041
-0.139 -0.100 -1.638
0.397 0.910 -0.117
-0.666 0.245 -0.976
0.216 -0.216 -0.882
0.439 0.879 0.185
0.260 0.219 -0.772
0.497 -0.299 0.050
0.042 0.850 0.525
0.011 0.233 -0.761
-0.774 -0.209 -0.326
-0.417 0.895 0.157
-0.475 0.294 -0.690
-1.359 -0.023 -1.034
-0.261 0.944 -0.202
-0.895 0.264 -0.539
-1.069 -0.109 -1.450
0.049 0.921 -0.386
-0.824 0.303 -0.629
-0.004 0.021 -1.127
0.282 0.956 -0.078
-0.392 0.236 -1.081
0.370 -0.252 -0.657
0.397 0.871 0.290
0.427 0.171 -0.871
0.452 -0.445 -0.084
-0.021 0.787 0.617
