20
-0.365 0.315 0.332
0.405 0.008 -0.227
0.249 0.952 -0.181
-1.561 0.407 -0.220
-0.608 0.153 -0.053
0.250 0.967 0.044
-0.265 0.473 1.050
0.468 0.043 0.523
0.349 0.903 -0.251
-1.144 0.523 0.948
-0.339 0.093 0.538
0.384 0.903 -0.195
-1.569 0.417 0.407
-0.687 -0.050 0.346
0.465 0.885 -0.032
-0.616 0.377 1.328
0.150 -0.102 0.900
0.418 0.878 -0.233
0.265 0.370 -1.256
0.929 0.122 -0.550
0.170 0.969 0.181
-0.420 0.305 -1.104
0.177 -0.294 -0.571
0.447 0.801 0.399
-0.826 0.602 0.475
-0.161 -0.141 0.556
0.737 0.670 0.089
0.825 0.414 -1.559
1.004 0.005 -0.664
0.081 0.912 0.401
1.482 0.343 -0.174
0.871 -0.301 -0.635
-0.514 0.765 -0.388
-0.808 0.412 0.682
-0.074 -0.236 0.483
0.626 0.761 -0.170
-1.645 0.478 0.547
-1.009 0.606 -0.215
-0.082 0.992 0.099
0.088 0.406 -1.471
0.083 -0.076 -0.594
-0.003 0.876 0.482
-0.916 0.595 -0.030
-0.247 -0.146 0.034
0.737 0.672 0.070
-0.901 0.347 1.855
-1.053 -0.165 1.010
-0.091 0.859 -0.504
-0.012 0.489 0.850
0.063 -0.166 0.099
0.066 0.755 -0.652
-1.581 0.441 0.406
-0.900 -0.182 0.021
0.542 0.782 -0.307
-0.032 0.422 -1.699
-0.504 -0.047 -0.952
-0.250 0.883 0.396
0.496 0.550 -1.319
-0.065 0.224 -0.557
-0.193 0.946 0.262
