18
2.011 -0.067 -0.811
1.068 -0.364 -0.657
-0.293 0.955 0.048
1.076 0.030 -0.414
0.119 -0.187 -0.219
-0.212 0.976 0.043
1.832 0.009 -0.860
0.916 -0.389 -0.814
-0.398 0.917 0.020
2.002 0.064 -0.962
1.178 -0.406 -0.643
-0.438 0.883 0.170
1.009 0.088 -0.523
0.036 0.238 -0.350
0.148 0.989 -0.026
2.654 0.067 -0.181
1.790 -0.434 -0.232
-0.500 0.865 -0.029
-0.446 0.183 0.945
-0.633 -0.434 0.181
-0.147 0.786 -0.600
1.263 0.035 -0.110
0.759 -0.431 -0.837
-0.265 0.885 -0.383
-1.728 0.212 0.756
-1.094 -0.233 0.123
0.315 0.896 -0.314
0.209 -0.093 0.092
-0.624 -0.271 -0.432
-0.150 0.984 -0.095
-1.402 -0.187 1.754
-1.146 -0.115 0.790
-0.018 0.997 0.069
-1.075 0.079 1.841
-0.742 -0.409 1.034
0.186 0.873 -0.450
1.931 -0.039 -0.941
1.152 -0.600 -1.222
-0.527 0.828 -0.190
0.232 -0.094 0.130
-0.757 -0.159 -0.006
-0.065 0.998 -0.009
2.112 -0.169 0.143
1.207 -0.460 0.452
-0.275 0.957 0.094
1.680 -0.070 -0.769
0.785 0.112 -0.363
0.165 0.983 -0.075
-2.136 0.164 2.031
-1.982 -0.278 1.148
0.076 0.897 -0.436
2.067 -0.125 -0.719
1.235 -0.678 -0.682
-0.553 0.833 0.025
