15
1.310 0.285 0.004
0.738 -0.392 -0.457
-0.528 0.735 -0.425
-1.216 0.412 0.098
-0.590 -0.239 -0.332
0.536 0.759 -0.369
0.444 0.132 -0.791
-0.236 -0.421 -0.308
-0.451 0.833 0.320
-1.537 0.355 -0.341
-0.895 -0.313 0.034
0.577 0.744 0.337
-0.339 0.423 0.682
-0.014 -0.119 -0.093
0.210 0.840 -0.500
-1.208 0.479 0.231
-1.040 -0.231 -0.453
0.170 0.704 -0.690
-2.058 0.313 -0.278
-1.389 -0.277 0.173
0.489 0.807 0.330
0.233 0.330 0.133
-0.624 -0.183 0.177
-0.512 0.858 0.026
-2.028 0.346 0.654
-1.689 -0.183 -0.124
0.211 0.849 -0.485
0.248 0.429 -0.710
-0.700 0.135 -0.833
-0.292 0.956 -0.038
-1.663 0.262 -1.179
-0.988 -0.121 -0.548
0.280 0.924 0.261
0.555 0.283 0.967
-0.078 0.416 0.204
0.085 0.991 0.103
1.069 0.193 0.109
0.077 0.310 0.071
0.117 0.993 0.004
-0.347 0.459 0.543
-0.440 -0.090 -0.287
-0.061 0.836 -0.546
-1.230 0.367 0.488
-0.467 0.020 -0.056
0.283 0.938 -0.202
