889
0.654 0.126 -0.227
1.431 -0.366 0.166
0.449 0.870 0.201
0.533 0.244 -0.369
1.387 0.422 0.119
-0.167 0.984 -0.066
-0.250 0.070 -0.019
0.573 -0.434 -0.281
0.505 0.860 -0.071
-0.367 0.194 0.423
0.000 -0.013 -0.484
0.109 0.978 -0.179
-0.319 0.165 0.210
0.553 -0.080 -0.213
0.220 0.970 -0.108
1.197 0.113 -0.036
1.678 -0.211 -0.850
0.144 0.946 -0.291
1.049 0.167 -0.306
0.148 -0.019 -0.697
-0.193 0.981 -0.023
0.593 0.168 -0.549
-0.376 -0.082 -0.539
-0.249 0.967 0.051
0.029 0.290 -0.741
-0.449 0.284 0.137
0.018 1.000 0.017
-0.161 0.201 -0.731
0.327 -0.065 0.100
0.182 0.963 0.201
0.815 0.091 -0.588
1.573 -0.328 -0.088
0.307 0.905 0.293
1.580 0.243 -0.678
1.468 0.274 0.316
0.048 0.999 -0.025
1.338 0.708 -0.711
0.620 0.763 -0.018
0.021 0.998 -0.057
1.455 0.127 -0.677
0.627 -0.023 -0.137
-0.100 0.988 0.121
-0.590 0.143 -0.448
-0.662 -0.238 0.474
-0.005 0.924 0.382
-0.737 0.241 -0.549
-1.233 0.018 0.290
-0.078 0.974 0.212
-0.438 0.088 -0.243
-1.096 -0.424 -0.795
-0.276 0.846 -0.456
-0.959 0.268 0.286
-1.114 -0.008 -0.663
-0.019 0.961 -0.276
-0.367 0.226 0.302
0.054 0.248 -0.604
0.088 0.994 0.064
0.216 0.289 -0.057
0.960 0.465 -0.703
-0.111 0.984 0.140
