10
1.466 1.191 -1.475
1.068 0.731 -0.681
-0.206 0.888 0.411
1.624 0.992 -0.704
1.134 0.341 -0.125
-0.421 0.759 0.498
-1.776 1.110 -0.869
-1.110 0.673 -0.264
0.324 0.899 0.294
1.606 0.988 1.714
0.775 0.438 1.635
-0.548 0.835 -0.052
1.628 1.120 0.118
0.961 0.445 0.434
-0.610 0.738 0.289
1.738 0.835 1.438
1.234 0.143 0.921
-0.483 0.722 -0.495
-0.372 1.003 2.046
0.382 0.486 1.641
0.455 0.856 -0.245
-1.953 1.004 -0.832
-1.202 0.761 -0.219
0.188 0.970 0.154
-1.545 0.832 -0.538
-1.204 0.341 0.264
0.192 0.871 0.452
-1.131 0.947 0.600
-0.284 0.417 0.647
0.529 0.848 0.029
