10
0.333 0.602 -1.222
-0.139 -0.125 -0.723
-0.543 0.685 0.486
-0.247 0.721 -1.060
-1.052 0.196 -0.784
-0.498 0.851 0.167
-0.063 0.735 -0.202
-0.377 0.243 0.611
-0.170 0.871 0.462
-0.322 0.729 -0.077
0.363 0.201 0.424
0.413 0.849 0.330
-0.730 0.739 0.209
-0.076 0.190 -0.311
0.420 0.836 -0.353
-0.053 0.760 0.773
-0.110 0.164 -0.028
-0.024 0.803 -0.595
0.345 0.620 -0.370
-0.369 0.013 -0.721
-0.517 0.794 -0.320
0.037 0.722 -0.581
-0.471 0.257 0.144
-0.280 0.885 0.372
0.011 0.657 -1.192
0.107 0.097 -0.369
0.040 0.828 0.559
-0.764 0.605 0.108
-0.158 -0.151 0.356
0.704 0.655 0.276
-0.568 0.638 0.673
0.218 0.064 0.903
0.566 0.818 0.104
