25
-1.290 -0.041 -1.446
-0.450 -0.163 -0.917
0.103 0.993 0.065
-1.200 0.048 -1.404
-0.344 -0.216 -0.958
0.234 0.965 0.122
-1.681 0.009 -0.168
-0.721 -0.272 -0.175
0.282 0.960 -0.002
-2.275 -0.225 0.284
-1.317 -0.463 0.122
0.235 0.971 -0.040
2.480 0.082 0.455
1.661 -0.491 0.437
-0.573 0.819 -0.013
-0.448 -0.114 -1.781
-0.073 0.112 -0.882
-0.087 0.974 -0.208
2.418 -0.039 0.586
1.584 -0.590 0.537
-0.550 0.835 -0.032
1.816 -0.067 -0.317
0.867 -0.381 -0.300
-0.314 0.949 0.005
1.921 0.102 -0.258
1.117 -0.480 -0.131
-0.574 0.814 0.090
1.669 0.091 -0.400
0.714 -0.140 -0.586
-0.227 0.973 -0.044
0.810 -0.100 2.014
0.532 -0.403 1.103
-0.089 0.953 -0.291
-1.369 -0.078 -0.022
-0.395 0.144 0.014
-0.222 0.975 -0.008
-1.307 -0.039 0.314
-0.427 -0.494 0.181
0.451 0.890 -0.068
-0.676 -0.120 -0.612
-0.183 0.056 0.240
-0.088 0.984 -0.153
0.674 -0.064 2.077
0.470 -0.621 1.272
-0.137 0.830 -0.540
0.561 0.042 1.253
-0.256 0.000 0.679
-0.034 0.999 -0.024
0.813 -0.249 2.007
0.908 -0.749 1.146
0.055 0.866 -0.497
0.256 0.034 1.640
-0.090 -0.330 0.775
-0.135 0.932 -0.338
2.280 -0.200 0.873
1.749 -0.383 1.700
-0.099 0.983 0.154
-1.233 0.006 -0.688
-0.378 0.319 -0.275
-0.281 0.950 -0.136
-1.272 0.003 -1.438
-0.329 0.106 -1.121
-0.097 0.995 -0.033
-2.141 0.025 0.347
-1.316 -0.428 0.009
0.419 0.892 -0.171
1.463 -0.091 -0.483
0.597 -0.487 -0.179
-0.373 0.918 0.131
-0.305 -0.202 1.281
0.478 -0.020 0.687
-0.145 0.983 0.110
1.608 -0.260 1.882
1.457 -0.539 0.934
-0.044 0.960 -0.275
