25
-1.828 -0.211 -0.238
-1.389 -0.685 -1.001
0.268 0.880 -0.393
-1.709 0.012 -0.182
-1.092 -0.116 -0.958
0.075 0.992 -0.104
-1.304 -0.028 -0.382
-0.330 -0.256 -0.386
0.226 0.971 -0.075
-0.744 -0.011 -0.653
-0.363 -0.208 0.251
0.130 0.979 0.159
-1.110 0.013 -0.772
-1.533 0.015 0.134
0.028 1.000 0.010
-0.688 -0.175 -0.321
-1.521 -0.581 0.054
-0.384 0.913 0.134
0.084 -0.164 -0.678
-0.829 -0.514 -0.466
-0.348 0.936 0.046
-0.002 0.052 -0.633
-0.834 0.056 -1.188
0.020 1.000 -0.023
-1.287 -0.109 -0.363
-1.390 -0.504 -1.276
0.014 0.917 -0.398
-0.931 -0.010 0.195
-0.346 -0.112 -0.609
0.073 0.995 -0.073
-0.986 -0.090 0.249
-0.094 -0.473 0.490
0.360 0.923 0.133
-0.899 -0.184 0.487
-0.210 -0.827 0.822
0.558 0.765 0.322
-0.295 -0.107 1.226
0.596 -0.537 1.082
0.429 0.902 -0.041
0.430 -0.286 1.597
1.041 -0.596 0.869
0.219 0.950 -0.221
0.871 -0.054 1.685
1.501 -0.520 1.064
0.322 0.885 -0.337
0.821 0.091 0.988
1.054 -0.696 0.417
0.411 0.611 -0.676
0.601 0.189 1.419
0.447 -0.025 0.454
0.016 0.976 -0.219
0.223 -0.086 1.403
-0.476 -0.428 0.774
-0.251 0.940 -0.232
-0.778 -0.208 0.613
-0.922 -0.686 -0.253
-0.026 0.877 -0.480
-1.311 -0.032 -0.621
-0.663 -0.183 -1.367
0.089 0.988 -0.123
-0.975 -0.015 -0.899
-0.158 -0.178 -0.346
0.156 0.986 0.059
-1.689 0.031 -1.053
-1.581 0.169 -0.068
-0.030 0.990 -0.135
-1.856 0.068 -1.084
-2.133 0.369 -0.171
0.172 0.950 -0.260
-1.051 -0.059 -0.986
-0.321 -0.258 -0.333
0.182 0.979 0.096
0.460 -0.225 -0.739
1.211 -0.703 -0.283
0.433 0.877 0.207
1.501 -0.330 -0.517
1.532 -0.668 0.423
0.139 0.933 0.331
