10
-0.504 1.013 -2.300
-0.254 0.513 -1.470
0.144 0.866 0.478
2.861 1.101 -1.144
2.061 0.651 -0.749
-0.404 0.893 0.199
2.087 1.197 0.278
1.403 0.502 0.503
-0.659 0.720 0.217
-0.260 1.004 -1.900
-0.017 0.383 -1.155
0.192 0.783 0.591
1.223 1.048 -1.872
1.089 0.687 -0.950
-0.052 0.932 0.358
0.931 1.192 -0.892
0.884 0.535 -0.140
-0.041 0.754 0.656
2.122 1.023 0.289
1.252 0.556 0.443
-0.460 0.884 0.082
2.479 1.127 -1.463
1.700 0.986 -0.852
-0.111 0.990 0.087
0.963 1.131 -0.998
0.684 0.575 -0.216
-0.187 0.831 0.524
2.771 0.936 -1.369
1.834 0.790 -1.054
-0.139 0.989 0.047
