28
-3.816 0.187 -1.641
-2.963 -0.327 -1.548
0.510 0.858 0.055
2.765 0.356 -1.689
1.973 -0.110 -1.293
-0.417 0.885 0.208
-3.321 0.048 -0.777
-2.325 -0.022 -0.723
0.070 0.998 0.004
3.014 0.341 0.055
2.047 0.093 0.121
-0.247 0.969 0.017
2.406 0.153 0.793
1.646 -0.012 0.164
-0.127 0.986 -0.105
0.701 0.173 -1.294
0.089 -0.365 -0.714
-0.390 0.843 0.370
-3.685 0.188 1.926
-3.013 -0.057 1.226
0.169 0.970 -0.176
-2.750 0.128 -1.951
-1.962 -0.348 -1.560
0.427 0.879 0.211
-3.718 0.188 1.133
-3.206 -0.076 0.316
0.140 0.964 -0.224
2.819 0.327 -1.694
1.953 -0.163 -1.595
-0.487 0.872 0.055
-3.393 0.278 1.864
-2.823 0.285 1.042
-0.004 1.000 0.005
-3.705 0.014 1.438
-3.284 -0.282 0.581
0.130 0.955 -0.266
-3.686 0.122 -1.008
-2.861 -0.305 -0.637
0.389 0.904 0.175
-0.179 0.180 -1.302
-0.797 -0.401 -0.772
-0.441 0.814 0.378
2.671 0.253 -0.799
1.754 -0.102 -0.617
-0.348 0.935 0.069
-3.511 0.287 0.109
-2.585 -0.090 0.065
0.377 0.926 -0.018
3.265 0.352 0.354
2.303 0.305 0.084
-0.045 0.999 -0.013
-3.692 0.198 -1.139
-2.983 -0.265 -0.607
0.371 0.886 0.278
-2.833 0.129 -1.614
-2.219 -0.387 -1.016
0.370 0.857 0.360
0.646 0.091 0.814
0.252 -0.258 -0.036
-0.147 0.937 -0.317
1.564 0.081 -1.693
0.721 0.143 -1.158
0.052 0.998 -0.033
-3.644 -0.001 -0.767
-2.756 -0.134 -1.207
0.119 0.991 -0.059
-2.960 -0.017 -1.669
-2.187 -0.641 -1.550
0.617 0.781 0.095
-3.117 0.274 -1.932
-2.609 -0.344 -1.333
0.400 0.786 0.471
2.433 0.200 -1.930
1.557 0.249 -1.451
0.043 0.999 -0.024
-2.836 -0.037 1.189
-2.228 -0.504 0.547
0.321 0.884 -0.339
1.568 0.256 -1.586
0.979 0.183 -0.781
-0.043 0.997 0.059
-2.787 0.087 -1.949
-1.905 0.167 -1.485
-0.071 0.997 -0.037
