343
-3.404 0.357 0.044
-2.767 -0.060 0.692
0.325 0.908 0.265
-3.337 0.479 -0.120
-2.387 0.270 -0.350
0.200 0.978 -0.061
-3.342 0.351 -0.079
-2.464 -0.106 -0.216
0.455 0.889 -0.050
-2.704 0.459 -1.285
-1.769 0.105 -1.279
0.354 0.933 -0.059
-0.525 0.390 -1.604
0.243 -0.016 -1.109
0.339 0.914 0.225
1.355 0.303 -0.326
1.428 -0.192 0.540
0.053 0.869 0.493
0.989 0.500 0.111
0.635 0.168 0.985
-0.123 0.943 0.309
-0.900 0.429 -1.252
-1.043 -0.115 -0.425
-0.092 0.839 0.537
-2.574 0.445 -1.469
-1.760 0.023 -1.071
0.357 0.905 0.230
-2.692 0.367 0.776
-1.780 -0.035 0.697
0.396 0.915 -0.076
-1.782 0.464 1.058
-1.287 0.186 0.234
0.100 0.959 -0.264
