53
-0.172 0.280 -1.199
0.232 -0.394 -0.581
0.369 0.738 0.565
-2.399 0.421 -0.492
-1.480 0.205 -0.823
0.203 0.976 -0.073
-0.643 0.520 -0.765
-0.219 -0.009 -0.030
0.264 0.849 0.458
0.092 0.235 1.050
0.648 -0.382 0.494
0.437 0.786 -0.437
-0.401 0.515 -1.601
-0.159 -0.027 -0.796
0.156 0.840 0.519
-2.015 0.551 -0.402
-1.392 -0.096 0.037
0.529 0.762 0.373
-0.735 0.249 -0.894
-0.376 -0.194 -0.073
0.177 0.896 0.406
1.007 0.574 1.292
1.365 -0.090 0.636
0.318 0.748 -0.583
0.569 0.488 -0.950
0.374 0.182 -0.018
-0.063 0.952 0.299
0.321 0.563 1.713
0.868 0.082 1.029
0.300 0.877 -0.376
0.503 0.372 -0.859
0.121 -0.207 -0.138
-0.271 0.815 0.511
-1.231 0.246 -1.945
-0.826 -0.169 -1.131
0.185 0.910 0.372
-0.182 0.511 -1.573
-0.175 0.259 -0.606
0.002 0.968 0.252
-1.132 0.546 -1.583
-1.133 0.084 -0.696
-0.000 0.887 0.462
1.280 0.574 -0.440
0.714 -0.110 0.020
-0.531 0.729 0.432
-1.705 0.573 -0.532
-1.203 -0.121 -0.017
0.484 0.720 0.497
-0.744 0.393 -1.624
-0.695 -0.172 -0.799
0.033 0.826 0.563
-0.820 0.375 0.322
-0.025 -0.197 0.119
0.554 0.821 -0.141
-1.912 0.319 -0.323
-0.941 0.124 -0.466
0.192 0.981 -0.028
-1.005 0.215 0.084
-0.229 -0.415 0.100
0.630 0.776 0.014
-0.883 0.322 -0.077
-0.178 -0.342 -0.330
0.624 0.749 -0.224
-0.394 0.441 -1.368
-0.179 0.129 -0.442
0.071 0.950 0.304
0.294 0.291 1.266
0.339 -0.302 0.462
0.033 0.805 -0.592
-1.390 0.362 -1.026
-1.023 -0.035 -0.185
0.159 0.918 0.364
0.533 0.340 1.916
0.995 0.075 1.070
0.127 0.964 -0.233
-0.358 0.490 -0.662
-0.356 0.258 0.310
0.000 0.973 0.232
-1.601 0.402 -1.432
-1.196 0.022 -0.600
0.166 0.925 0.342
-0.582 0.185 -1.144
-0.268 -0.093 -0.236
0.091 0.960 0.263
-0.436 0.231 0.299
0.277 -0.433 0.078
0.635 0.747 -0.197
1.042 0.567 1.728
1.067 -0.130 1.012
0.024 0.717 -0.697
-2.044 0.268 -0.424
-1.255 0.004 0.132
0.216 0.965 0.152
-1.542 0.423 -0.657
-0.699 -0.035 -0.940
0.434 0.889 -0.146
0.439 0.505 1.558
0.502 0.054 0.668
0.032 0.893 -0.450
-0.215 0.348 0.973
0.010 -0.230 0.189
0.160 0.816 -0.556
-0.053 0.210 -1.084
-0.341 -0.322 -0.288
-0.181 0.847 0.501
-0.725 0.435 -0.886
0.088 -0.124 -0.724
0.548 0.829 0.109
-0.399 0.370 -1.603
-0.588 -0.231 -0.827
-0.142 0.799 0.584
-0.918 0.220 -0.031
-0.251 -0.403 -0.440
0.531 0.782 -0.326
-0.691 0.489 -1.197
-0.354 0.198 -0.302
0.103 0.957 0.273
0.697 0.546 1.218
1.101 0.058 0.444
0.225 0.873 -0.432
1.899 0.451 0.696
1.126 -0.165 0.549
-0.605 0.788 -0.115
1.403 0.363 0.885
0.624 -0.173 1.209
-0.495 0.844 0.206
1.344 0.289 -0.267
0.467 -0.059 0.065
-0.326 0.937 0.123
1.355 0.498 0.111
0.596 -0.150 0.043
-0.645 0.762 -0.058
1.824 0.415 0.301
1.009 -0.163 0.302
-0.578 0.816 0.001
1.316 0.221 1.368
0.994 -0.365 0.624
-0.233 0.810 -0.538
-1.098 0.582 -1.132
-1.187 -0.018 -0.337
-0.067 0.800 0.596
-0.569 0.248 0.956
0.190 0.152 0.312
0.073 0.995 -0.062
0.723 0.523 0.359
0.135 -0.222 0.044
-0.656 0.667 -0.352
0.435 0.218 2.045
0.376 -0.320 1.204
-0.038 0.843 -0.537
-0.086 0.563 -0.541
-0.251 0.396 0.431
-0.028 0.986 0.165
1.355 0.193 1.799
1.120 -0.292 0.956
-0.130 0.875 -0.467
0.202 0.248 0.905
0.179 -0.239 0.032
-0.013 0.873 -0.488
