53
-0.196 0.220 0.645
-0.860 -0.177 0.011
-0.288 0.918 -0.272
-0.211 0.143 0.460
-0.126 -0.283 -0.440
-0.015 0.903 -0.429
-0.209 0.202 0.279
0.660 -0.251 0.081
0.430 0.890 -0.148
-0.078 0.193 0.199
0.397 -0.215 0.980
0.234 0.913 0.334
0.001 0.243 0.029
-0.507 -0.050 0.839
-0.118 0.955 0.271
-0.451 0.274 -0.046
-1.386 0.039 0.218
-0.232 0.972 0.045
-0.289 0.182 -0.184
-1.081 -0.428 -0.179
-0.609 0.791 -0.053
-0.145 0.079 -0.296
-0.669 -0.754 -0.474
-0.785 0.553 -0.277
0.104 0.199 -0.834
-0.727 -0.357 -0.852
-0.557 0.831 0.019
-0.391 0.299 -1.110
-1.224 0.014 -0.635
-0.221 0.957 0.188
-0.407 0.346 -1.260
-1.081 0.350 -0.522
0.052 0.998 0.043
-0.316 0.316 -1.116
-0.390 -0.054 -0.191
0.009 0.928 0.372
-0.318 0.284 -1.294
0.168 -0.241 -0.595
0.247 0.849 0.467
-0.360 0.401 -1.342
0.113 0.321 -0.464
0.084 0.995 0.046
-0.400 0.226 -1.231
0.023 -0.408 -0.584
0.336 0.773 0.538
-0.567 0.138 -1.314
0.008 -0.680 -1.327
0.792 0.552 0.260
-0.661 0.336 -1.356
0.284 0.058 -1.182
0.267 0.960 0.083
-0.840 0.341 -1.429
0.037 0.220 -1.894
0.107 0.993 -0.057
-1.413 0.298 -0.358
-0.932 0.104 -1.213
0.009 0.976 -0.216
-1.839 0.317 0.065
-1.593 0.137 -0.887
0.073 0.983 -0.166
-1.606 0.254 0.200
-1.726 -0.250 -0.656
-0.074 0.864 -0.498
-1.678 0.251 0.336
-2.314 -0.283 -0.220
-0.369 0.844 -0.389
-1.614 0.337 0.451
-2.479 0.280 -0.049
-0.024 0.997 -0.073
-1.706 0.151 0.403
-2.574 0.429 -0.007
0.239 0.960 0.144
-1.616 0.589 0.428
-2.510 0.438 0.006
-0.158 0.987 -0.017
-1.755 0.209 0.268
-2.128 -0.525 -0.301
-0.232 0.667 -0.708
-1.557 0.173 0.302
-1.085 -0.638 -0.042
0.689 0.584 -0.430
-1.383 0.269 0.344
-0.570 -0.205 0.684
0.438 0.881 0.181
-1.083 0.302 0.595
-0.126 0.049 0.731
0.255 0.967 0.012
-0.172 0.267 1.212
0.445 -0.278 0.645
0.399 0.838 -0.372
-0.247 0.347 1.231
0.220 0.233 0.354
0.058 0.993 -0.098
-0.331 0.451 1.311
-0.129 0.792 0.393
-0.180 0.934 0.308
-0.371 0.428 1.311
-0.387 0.634 0.333
-0.099 0.974 0.206
-0.209 0.414 1.248
0.699 0.366 0.833
0.010 0.996 -0.092
-0.037 0.357 1.485
0.803 0.078 1.951
0.270 0.959 0.088
-0.153 0.127 1.182
0.175 -0.709 1.622
0.590 0.545 0.596
0.544 0.170 0.928
1.098 -0.552 1.344
0.617 0.690 0.378
1.336 0.178 0.986
1.203 -0.665 1.507
-0.404 0.526 0.748
1.707 0.273 0.895
1.165 -0.249 1.553
-0.405 0.849 0.341
1.669 0.444 0.855
0.787 0.369 1.320
-0.078 0.997 0.014
1.583 0.244 0.650
0.831 -0.397 0.501
-0.623 0.767 -0.156
1.478 0.242 0.329
1.053 -0.634 0.103
-0.599 0.460 -0.655
1.584 0.036 0.576
1.072 -0.732 0.192
-0.573 0.639 -0.514
1.737 0.268 0.607
0.791 0.401 0.310
0.124 0.991 0.050
1.348 -0.857 0.726
0.446 -1.186 0.447
-0.339 0.941 -0.012
1.416 -0.434 0.639
0.795 -0.999 0.095
-0.518 0.817 -0.255
1.330 0.160 -0.016
0.824 -0.693 0.114
-0.840 0.521 0.151
1.808 -0.054 -0.136
1.104 -0.746 0.026
-0.697 0.717 0.031
1.739 0.212 -0.090
1.454 -0.221 0.765
-0.143 0.902 0.408
1.858 0.203 -0.164
2.278 -0.471 0.443
0.422 0.738 0.527
1.788 0.412 -0.177
2.371 0.457 0.634
-0.092 0.996 0.011
1.685 0.354 -0.137
1.332 0.113 0.768
-0.121 0.970 0.211
0.130 0.286 -0.723
0.565 -0.266 -0.011
0.310 0.833 0.458
-0.414 0.447 -1.438
-0.121 0.572 -0.490
-0.026 0.992 -0.123
