19
-0.467 0.464 1.155
-0.900 0.069 0.344
-0.186 0.919 -0.348
-0.071 0.389 1.640
-0.453 0.095 0.764
-0.118 0.956 -0.270
0.479 0.475 2.116
-0.168 -0.203 1.768
-0.597 0.735 -0.321
-0.218 0.482 0.312
-0.821 -0.035 -0.296
-0.364 0.856 -0.367
-1.101 0.329 -0.959
-1.093 -0.137 -0.074
0.005 0.885 0.465
1.077 0.233 -0.882
0.358 -0.065 -0.254
-0.225 0.954 0.197
0.598 0.506 -0.648
0.271 0.013 0.159
-0.185 0.870 0.457
-1.747 0.401 1.087
-1.700 -0.047 0.194
0.023 0.894 -0.447
0.327 0.198 1.233
-0.399 -0.437 0.968
-0.596 0.773 -0.218
1.639 0.247 -1.460
1.362 -0.420 -2.152
-0.247 0.745 -0.619
0.364 0.414 1.237
-0.279 -0.283 0.920
-0.625 0.717 -0.308
0.654 0.368 -0.943
-0.173 0.152 -0.423
-0.182 0.977 0.114
-0.189 0.232 -0.553
-0.474 -0.382 0.184
-0.221 0.789 0.573
-0.224 0.479 0.311
-0.704 -0.318 -0.056
-0.633 0.604 -0.484
0.188 0.487 0.352
-0.435 -0.259 0.115
-0.697 0.666 -0.265
0.869 0.385 1.004
0.911 -0.311 0.287
0.041 0.718 -0.695
0.064 0.332 2.075
-0.740 0.237 1.488
-0.076 0.996 -0.056
-1.349 0.528 1.956
-0.841 -0.043 1.310
0.353 0.821 -0.449
-0.917 0.235 1.442
-0.782 -0.414 0.693
0.115 0.761 -0.638
