19
0.181 0.393 -0.937
0.336 -0.135 -1.772
0.096 0.849 -0.519
0.648 0.372 -1.069
-0.129 0.115 -1.644
-0.206 0.967 -0.153
-0.763 0.491 -0.444
-0.194 0.224 -1.222
0.157 0.964 -0.215
-0.284 0.438 -0.868
-0.158 -0.108 -1.696
0.082 0.837 -0.540
0.186 0.362 -1.073
0.181 -0.456 -1.647
-0.008 0.575 -0.818
-0.753 0.542 -0.679
-0.397 0.107 -1.506
0.172 0.900 -0.400
0.166 0.469 -0.569
0.028 -0.213 -1.286
-0.129 0.731 -0.671
0.196 0.571 -1.134
-0.420 -0.099 -0.719
-0.556 0.742 0.374
-0.308 0.450 -0.258
0.396 0.096 -0.875
0.266 0.935 -0.233
-0.769 0.443 -0.297
-0.501 -0.144 -1.061
0.193 0.810 -0.553
-0.231 0.512 -0.231
-0.663 -0.228 -0.747
-0.475 0.673 -0.567
-0.301 0.355 -0.443
-0.402 -0.236 -1.243
-0.074 0.807 -0.586
-0.341 0.446 -0.646
0.403 -0.072 -1.067
0.451 0.855 -0.255
0.356 0.381 -0.664
-0.309 -0.284 -1.003
-0.592 0.747 -0.302
0.032 0.598 -1.604
-0.665 -0.079 -1.368
-0.641 0.736 0.217
-0.552 0.462 -1.119
0.302 -0.057 -1.088
0.519 0.855 0.019
-0.212 0.313 0.285
0.320 -0.079 -0.466
0.227 0.920 -0.320
0.238 0.351 -0.670
-0.713 0.048 -0.611
-0.303 0.953 0.019
0.179 0.368 -0.158
0.424 -0.260 -0.896
0.198 0.778 -0.596
