18
1.201 0.965 2.993
0.832 0.703 2.101
-0.100 0.965 -0.242
3.995 0.842 0.716
3.190 0.451 0.271
-0.342 0.920 -0.189
3.738 0.936 -1.239
2.792 0.669 -1.055
-0.262 0.964 0.051
-4.270 0.780 4.371
-3.444 0.656 3.822
0.104 0.992 -0.069
-4.745 1.109 -1.539
-3.933 0.536 -1.426
0.568 0.819 0.079
-4.352 1.102 0.395
-3.509 0.632 0.135
0.450 0.882 -0.139
-4.594 1.103 4.169
-4.020 1.176 3.353
-0.042 0.997 0.060
3.133 1.093 2.604
2.634 0.571 1.913
-0.306 0.852 -0.424
4.012 1.088 -3.273
3.345 0.540 -2.768
-0.437 0.836 0.331
2.174 0.745 -1.886
1.584 0.270 -1.233
-0.318 0.880 0.353
4.925 1.063 1.515
4.046 0.671 1.243
-0.375 0.920 -0.116
1.257 0.778 3.268
1.382 0.564 2.300
0.028 0.977 -0.212
3.947 0.785 -1.270
3.151 0.380 -0.819
-0.352 0.914 0.200
-2.706 0.740 3.559
-2.469 0.449 2.632
0.072 0.957 -0.282
4.049 1.021 -2.629
3.372 1.051 -1.893
0.020 1.000 -0.022
-4.844 1.022 4.459
-4.080 0.695 3.903
0.265 0.945 -0.193
1.138 0.962 2.681
1.284 0.695 1.728
0.040 0.964 -0.264
3.522 1.063 -3.199
3.049 0.536 -2.493
-0.293 0.850 0.438
