11
0.560 0.263 -0.908
0.850 -0.208 -0.076
0.152 0.882 0.446
0.528 0.285 -0.679
0.246 -0.154 0.174
-0.111 0.898 0.426
0.523 0.447 -0.358
-0.404 0.312 -0.010
-0.124 0.991 0.053
0.893 0.241 -0.315
0.089 -0.286 -0.590
-0.488 0.849 -0.200
0.067 0.380 -0.368
-0.334 0.102 -1.241
-0.107 0.961 -0.257
-0.495 0.353 -0.645
-0.078 0.013 -1.488
0.167 0.940 -0.297
-0.166 0.343 -0.527
0.765 0.084 -0.783
0.246 0.966 -0.084
0.663 0.353 -1.220
1.537 0.023 -0.864
0.303 0.944 0.130
0.510 0.347 -1.238
0.741 0.040 -0.314
0.082 0.952 0.296
0.121 0.294 -0.485
-0.244 -0.199 0.305
-0.212 0.870 0.445
-0.202 0.635 0.654
-0.384 0.165 1.518
-0.201 0.878 0.435
-0.359 0.544 0.227
-1.275 0.153 0.135
-0.394 0.919 0.016
