24
-2.419 0.076 -0.686
-1.421 0.017 -0.722
0.059 0.998 -0.002
-0.950 0.145 1.508
-0.266 0.219 0.783
-0.051 0.997 0.054
2.779 0.003 1.277
1.782 0.005 1.354
0.002 1.000 -0.000
0.509 0.282 2.625
0.687 0.306 1.641
-0.004 1.000 0.024
-1.412 0.106 -0.327
-0.464 -0.204 -0.397
0.310 0.951 -0.023
0.425 -0.008 -2.449
0.112 -0.034 -1.499
-0.008 1.000 0.024
-2.306 0.288 -0.767
-1.324 0.192 -0.607
0.094 0.995 0.015
-0.469 0.251 -2.886
-0.542 0.088 -1.902
-0.012 0.987 0.162
-0.537 0.323 1.211
0.327 0.048 0.789
0.247 0.961 -0.121
-0.812 0.313 -2.149
-0.720 0.246 -1.155
0.006 0.998 0.066
-2.421 0.036 -1.401
-2.113 0.171 -0.459
-0.042 0.991 -0.129
-0.004 0.283 -2.137
-0.456 0.424 -1.256
0.064 0.990 -0.126
-1.173 0.073 0.585
-0.732 -0.283 -0.239
0.168 0.934 -0.314
-2.813 -0.005 -1.486
-1.906 -0.223 -1.125
0.202 0.976 0.080
2.870 0.179 1.211
1.903 0.206 0.959
0.027 1.000 0.007
2.028 0.158 0.735
1.039 0.117 0.595
-0.040 0.999 -0.006
3.058 0.040 0.314
2.062 0.103 0.254
0.063 0.998 0.004
1.115 0.245 -0.776
0.721 0.064 0.126
-0.072 0.984 0.165
-2.420 0.346 -1.769
-1.436 0.522 -1.729
-0.176 0.984 -0.007
-2.284 0.252 -0.783
-1.371 -0.096 -0.570
0.339 0.938 0.079
-1.377 0.011 -1.397
-1.129 0.143 -0.438
-0.033 0.991 -0.128
-2.333 0.380 -1.831
-1.476 -0.135 -1.850
0.515 0.857 -0.011
-0.505 0.296 1.188
-0.231 -0.200 0.364
0.157 0.869 -0.470
-2.469 0.247 -1.476
-1.591 -0.195 -1.293
0.433 0.897 0.090
