811
-0.546 0.083 -0.422
-1.190 0.022 -1.185
-0.029 0.998 -0.056
-1.168 -0.067 -0.365
-1.745 -0.254 -1.160
-0.039 0.978 -0.203
-2.147 0.078 -0.446
-2.012 -0.290 -1.366
0.131 0.927 -0.351
-0.987 0.143 -0.634
-0.935 0.085 -1.631
0.165 0.985 -0.049
-1.069 -0.016 -0.603
-0.720 -0.335 -1.485
0.217 0.942 -0.255
-0.208 0.076 -1.320
-0.416 -0.139 -2.274
0.008 0.975 -0.222
-1.394 0.065 -0.868
-0.588 -0.280 -1.349
0.348 0.933 -0.087
-0.816 0.125 -1.550
0.117 -0.116 -1.280
0.198 0.964 0.176
-0.684 0.004 -1.281
0.237 -0.378 -1.214
0.378 0.923 0.068
-0.708 -0.035 -0.134
0.221 -0.394 -0.231
0.368 0.925 0.098
0.039 -0.093 0.462
0.968 -0.445 0.354
0.361 0.929 0.080
1.371 -0.027 1.029
1.484 -0.284 0.070
0.080 0.965 -0.249
1.777 -0.027 0.596
1.276 -0.257 -0.238
-0.108 0.973 -0.203
1.542 -0.014 0.587
1.403 -0.228 -0.379
-0.066 0.976 -0.206
0.509 -0.042 0.545
1.386 -0.298 0.138
0.242 0.966 -0.088
0.696 -0.071 0.220
1.321 -0.501 0.870
0.237 0.899 0.367
0.983 -0.098 0.524
0.675 -0.401 1.427
-0.179 0.950 0.257
0.160 -0.103 0.938
-0.005 -0.475 1.851
-0.071 0.928 0.365
1.295 -0.060 0.715
0.485 -0.340 1.231
-0.270 0.958 0.096
1.158 -0.106 0.875
0.224 -0.441 0.749
-0.335 0.942 -0.027
