29
-1.656 0.529 1.413
-0.884 -0.102 1.490
0.628 0.776 0.063
1.140 0.297 3.325
0.802 -0.055 2.452
-0.127 0.936 -0.328
2.086 0.345 4.190
1.761 0.128 3.269
-0.072 0.976 -0.204
-0.863 0.406 4.484
-0.276 0.175 3.708
0.140 0.973 -0.184
1.075 0.360 4.342
0.659 0.091 3.473
-0.116 0.963 -0.242
1.148 0.474 4.344
0.617 -0.158 3.780
-0.433 0.775 -0.460
-0.726 0.130 4.486
-0.253 -0.085 3.631
0.104 0.977 -0.188
1.703 0.270 2.319
1.196 -0.370 1.742
-0.423 0.768 -0.481
-1.066 0.484 2.442
-0.535 -0.139 1.868
0.423 0.782 -0.458
0.060 0.166 3.767
-0.027 -0.190 2.836
-0.033 0.934 -0.355
-0.663 0.144 4.487
-0.303 -0.396 3.726
0.231 0.842 -0.488
-1.587 0.219 3.452
-0.735 -0.293 3.340
0.508 0.859 -0.067
0.721 0.472 -1.446
0.192 -0.102 -0.822
-0.371 0.819 0.438
1.234 0.331 2.308
0.937 -0.269 1.564
-0.222 0.800 -0.557
1.094 0.350 3.269
1.227 -0.227 2.463
0.093 0.817 -0.569
-1.513 0.174 3.454
-0.879 -0.217 2.787
0.270 0.920 -0.284
-1.746 0.328 3.450
-0.836 -0.013 3.216
0.331 0.940 -0.085
1.620 0.414 0.571
1.184 -0.286 1.136
-0.428 0.714 0.554
1.620 0.291 0.522
0.712 -0.018 0.803
-0.296 0.951 0.092
-0.964 0.383 3.927
-0.918 0.127 2.961
0.012 0.967 -0.256
0.063 0.510 3.656
-0.309 0.042 2.855
-0.197 0.884 -0.425
-0.642 0.389 2.449
-0.026 0.008 1.760
0.254 0.925 -0.284
1.561 0.406 1.297
0.986 0.287 0.487
-0.069 0.993 -0.097
0.068 0.219 3.490
-0.312 -0.280 2.711
-0.219 0.867 -0.448
1.070 0.503 4.061
0.502 0.479 3.238
-0.014 1.000 -0.020
-0.726 0.263 -2.131
-0.256 -0.061 -1.310
0.161 0.946 0.281
0.172 0.340 -1.443
-0.248 -0.408 -0.928
-0.472 0.665 0.579
0.874 0.231 2.299
-0.013 -0.167 2.064
-0.384 0.918 -0.102
1.861 0.398 3.342
1.096 0.402 2.699
0.003 1.000 0.002
