22
0.267 0.257 -0.009
0.734 -0.057 -0.835
0.183 0.949 -0.257
0.139 0.178 -0.028
-0.300 -0.197 -0.845
-0.137 0.926 -0.352
-0.627 0.106 -0.125
-1.146 -0.333 -0.858
-0.276 0.898 -0.342
-1.269 0.308 -0.498
-1.714 0.082 -1.365
-0.101 0.974 -0.201
-0.645 0.228 -0.740
-1.493 -0.158 -1.105
-0.355 0.923 -0.148
-0.478 0.097 -1.020
-1.167 -0.505 -0.617
-0.493 0.797 0.350
-0.266 0.226 -0.679
-0.909 -0.130 -0.000
-0.242 0.935 0.261
0.607 0.108 -0.523
0.454 -0.380 0.336
-0.049 0.872 0.486
-0.104 0.174 -0.509
0.222 -0.179 0.368
0.186 0.933 0.307
-0.120 0.078 -0.687
0.673 -0.455 -0.394
0.519 0.844 0.131
0.235 0.113 0.350
0.810 -0.415 -0.274
0.386 0.848 -0.363
0.051 0.180 0.539
0.353 -0.170 -0.348
0.085 0.936 -0.340
0.215 0.115 -0.099
0.978 -0.492 0.123
0.599 0.793 0.109
0.543 0.141 -0.390
0.243 -0.304 0.453
-0.132 0.895 0.426
0.351 0.068 -0.741
-0.410 -0.518 -0.463
-0.539 0.810 0.234
0.697 0.089 -0.836
-0.139 -0.359 -0.519
-0.407 0.894 0.189
-0.654 0.019 -0.236
-1.431 -0.398 -0.709
-0.402 0.905 -0.138
-1.456 0.371 -0.501
-1.966 0.163 0.333
-0.060 0.977 0.206
-2.162 0.285 -0.280
-1.895 -0.234 0.532
0.210 0.854 0.476
-1.677 0.420 -0.233
-2.283 0.150 0.515
-0.117 0.961 0.252
-1.530 0.076 0.262
-2.302 -0.529 0.458
-0.577 0.796 0.182
-1.255 0.269 -0.171
-1.766 -0.041 0.630
-0.141 0.950 0.278
0.211 0.106 -0.176
-0.405 -0.360 -0.811
-0.324 0.885 -0.334
