11
-0.103 0.634 -0.850
-0.506 -0.219 -0.519
-0.659 0.522 0.542
0.419 0.554 0.453
-0.237 -0.058 0.011
-0.508 0.791 -0.342
-0.758 0.783 -0.245
-0.147 0.024 -0.021
0.712 0.651 0.261
-0.319 0.419 0.717
0.292 -0.214 0.243
0.500 0.774 -0.388
1.122 0.756 -0.325
0.422 0.043 -0.386
-0.710 0.702 -0.062
-0.437 0.441 0.301
-0.078 -0.186 -0.389
0.290 0.779 -0.556
0.464 0.593 0.239
0.163 0.047 -0.543
-0.196 0.838 -0.510
-0.364 0.703 -0.192
0.266 -0.040 -0.415
0.701 0.669 -0.248
0.868 0.766 0.527
0.122 0.268 0.087
-0.430 0.867 -0.253
-0.270 0.516 0.725
0.338 -0.064 0.182
0.432 0.815 -0.386
0.502 0.452 -0.428
-0.275 -0.072 -0.779
-0.477 0.852 -0.216
