11
-0.503 0.400 0.598
0.118 0.400 -0.186
0.000 1.000 -0.000
0.852 0.486 0.032
0.274 0.396 0.843
-0.053 0.996 0.074
0.300 0.565 -0.033
1.034 -0.109 0.053
0.669 0.739 0.079
-0.215 0.354 -0.153
-0.109 -0.310 -0.893
0.094 0.748 -0.657
-0.831 0.371 0.192
-0.684 0.227 -0.787
0.021 0.990 -0.142
-0.832 0.468 -0.411
-0.546 -0.149 -1.144
0.225 0.787 -0.575
-0.215 0.350 -0.096
0.531 -0.211 -0.454
0.506 0.828 -0.243
0.850 0.416 0.326
0.375 0.384 1.206
-0.015 0.999 0.028
-0.215 0.438 0.141
-0.204 -0.168 -0.655
0.008 0.796 -0.605
0.154 0.492 -0.041
-0.587 -0.094 0.288
-0.536 0.810 0.238
0.234 0.680 0.189
-0.252 -0.082 0.617
-0.572 0.647 0.503
