8
1.272 0.218 -0.549
0.742 -0.116 -1.328
-0.252 0.940 -0.231
1.274 0.138 0.110
0.438 -0.378 0.296
-0.482 0.853 0.201
0.803 0.121 1.354
0.455 -0.038 2.278
-0.105 0.986 0.131
0.924 0.033 2.774
0.047 -0.421 2.934
-0.435 0.890 0.137
0.169 0.040 3.379
-0.469 -0.205 2.650
-0.098 0.966 -0.240
0.554 -0.036 2.521
0.348 -0.444 1.631
-0.072 0.913 -0.402
1.087 0.121 0.375
0.758 -0.268 -0.485
-0.250 0.914 -0.319
1.831 0.268 -1.897
1.075 -0.280 -2.255
-0.513 0.836 -0.194
1.172 0.331 -2.583
0.696 -0.156 -1.851
-0.274 0.873 0.403
