21
-1.146 0.323 -1.117
-0.646 -0.105 -0.365
0.237 0.904 0.357
1.066 0.526 -0.984
0.416 -0.029 -0.464
-0.433 0.832 0.346
0.871 0.459 -0.879
0.121 -0.105 -0.534
-0.512 0.826 0.236
0.218 0.369 -0.250
-0.320 -0.349 0.193
-0.554 0.696 0.456
-1.038 0.394 0.363
-0.220 -0.018 -0.038
0.369 0.911 -0.181
1.691 0.354 0.522
1.230 -0.266 -0.113
-0.364 0.785 -0.502
-0.544 0.547 -0.156
0.284 -0.005 -0.057
0.548 0.834 0.065
0.822 0.427 0.941
0.605 -0.171 0.168
-0.161 0.802 -0.575
-0.013 0.325 -0.385
-0.423 -0.226 0.341
-0.271 0.835 0.480
-1.656 0.359 0.044
-0.904 -0.194 -0.316
0.499 0.833 -0.239
-1.190 0.206 -0.395
-0.338 -0.298 -0.535
0.497 0.864 -0.082
-1.272 0.434 -0.776
-0.519 0.312 -0.130
0.092 0.993 0.079
-1.044 0.244 -1.043
-0.307 -0.338 -0.699
0.527 0.814 0.245
0.485 0.258 0.170
-0.034 -0.456 0.640
-0.529 0.700 0.480
1.158 0.209 -0.949
0.304 -0.035 -0.488
-0.214 0.970 0.116
-0.157 0.423 -0.715
0.568 0.132 -0.091
0.221 0.957 0.190
-0.380 0.370 -1.294
-0.585 0.051 -0.369
-0.069 0.948 0.311
1.061 0.304 1.622
0.733 -0.213 0.831
-0.198 0.856 -0.477
0.114 0.331 -0.728
0.244 -0.262 0.067
0.096 0.805 0.585
-0.163 0.581 -0.161
0.181 -0.251 -0.595
0.517 0.555 -0.652
0.091 0.231 1.003
0.667 0.209 0.186
0.013 1.000 -0.019
