30
1.147 0.424 -0.158
0.804 0.374 0.780
-0.017 0.999 0.047
1.026 0.269 -1.155
0.626 0.141 -2.062
-0.051 0.992 -0.117
0.879 0.254 -0.254
0.580 -0.290 0.529
-0.194 0.839 0.508
0.740 0.222 -1.013
0.128 -0.307 -0.424
-0.381 0.849 0.367
0.613 0.266 -0.414
0.198 -0.383 0.224
-0.354 0.761 0.544
0.485 0.152 -1.117
-0.101 -0.195 -1.848
-0.217 0.938 -0.271
0.091 0.400 -1.208
0.328 -0.245 -0.481
0.200 0.764 0.613
0.094 0.466 -0.939
0.331 -0.268 -0.303
0.256 0.679 0.688
0.358 0.160 -1.096
0.190 -0.360 -0.258
-0.102 0.854 0.509
-0.466 0.355 -0.328
-0.333 -0.426 0.282
0.167 0.624 0.763
-0.738 0.238 -0.244
-0.056 -0.338 0.208
0.480 0.817 0.318
-0.883 0.298 -1.223
-0.296 -0.203 -0.588
0.340 0.865 0.369
-0.863 0.237 -1.383
-0.494 -0.461 -1.995
0.361 0.715 -0.599
-0.986 0.465 -1.237
-0.725 -0.249 -0.587
0.266 0.701 0.662
-0.448 0.161 -1.229
-0.015 -0.489 -0.603
0.369 0.760 0.534
0.877 0.242 -0.137
0.081 -0.361 -0.077
-0.601 0.798 0.045
0.617 0.395 -0.584
0.395 -0.298 0.102
-0.213 0.721 0.660
-0.728 0.201 -0.716
-0.031 -0.268 -0.172
0.369 0.883 0.288
0.084 0.214 -0.892
-0.140 -0.475 -0.203
-0.213 0.725 0.655
0.825 0.448 -0.472
0.105 -0.089 -0.032
-0.458 0.843 0.280
1.030 0.453 -1.257
0.152 0.417 -1.736
-0.031 0.999 -0.017
0.515 0.351 -0.749
-0.229 -0.297 -0.584
-0.633 0.761 0.141
-0.191 0.355 -0.766
-0.574 -0.474 -0.358
-0.567 0.559 0.605
0.887 0.343 -0.620
0.738 -0.327 0.108
-0.134 0.743 0.656
0.077 0.323 -0.565
-0.565 -0.076 0.090
-0.279 0.917 0.284
0.608 0.458 -0.180
0.330 -0.334 0.364
-0.360 0.611 0.705
-0.186 0.406 -0.848
-0.235 -0.389 -0.243
-0.063 0.607 0.792
-0.330 0.277 -0.928
0.097 -0.267 -1.650
0.277 0.839 -0.469
0.357 0.401 -1.038
0.315 -0.193 -0.235
-0.031 0.804 0.594
-0.725 0.175 -0.859
-0.309 -0.181 -0.022
0.159 0.934 0.319
