10
1.377 0.359 -1.169
0.410 0.343 -0.915
-0.016 1.000 0.004
0.399 0.457 -1.238
-0.547 0.140 -1.184
-0.317 0.948 0.018
0.799 0.238 0.232
-0.065 -0.087 -0.153
-0.297 0.946 -0.132
0.548 0.361 1.656
-0.397 0.396 1.330
0.033 0.999 0.011
0.124 0.363 1.626
-0.420 -0.159 0.970
-0.333 0.853 -0.402
-1.464 0.250 -1.230
-1.648 0.333 -0.251
0.015 0.997 -0.081
-1.680 0.463 1.055
-1.714 0.562 0.061
0.003 0.995 0.098
0.804 0.366 1.674
0.346 -0.265 1.047
-0.372 0.776 -0.508
-1.640 0.468 0.800
-1.480 0.048 -0.093
0.074 0.907 -0.414
-0.637 0.354 -1.692
-0.311 -0.124 -0.876
0.177 0.878 0.444
