19
-1.353 0.074 -1.426
-0.666 -0.182 -0.746
0.182 0.967 0.180
-1.584 0.058 -1.565
-0.830 -0.219 -0.968
0.217 0.961 0.172
-0.979 0.201 -0.911
-0.369 0.075 -0.128
0.077 0.992 0.099
-2.173 0.237 0.184
-1.200 0.016 0.129
0.220 0.975 -0.012
-0.869 0.084 -2.205
-0.490 0.096 -1.280
-0.004 1.000 -0.010
-0.472 0.002 -1.966
0.206 0.038 -1.232
-0.025 0.999 -0.027
-2.469 0.025 0.043
-1.478 0.152 0.080
-0.127 0.992 -0.005
-1.465 0.033 -0.422
-0.471 -0.062 -0.374
0.096 0.995 0.005
-2.182 0.156 0.216
-1.364 -0.298 0.570
0.417 0.891 0.180
0.292 -0.052 -1.244
0.389 0.154 -0.270
-0.020 0.979 -0.204
-2.747 0.176 -0.124
-1.954 -0.415 0.027
0.580 0.807 0.111
1.430 -0.037 1.625
0.714 -0.486 1.091
-0.360 0.893 -0.269
2.471 0.182 0.473
1.518 -0.110 0.385
-0.291 0.956 -0.027
-1.425 0.031 -1.949
-1.102 0.173 -1.013
-0.046 0.990 -0.134
1.822 -0.031 -0.228
0.867 -0.315 -0.148
-0.283 0.959 0.024
1.063 -0.106 -0.747
0.603 -0.722 -0.108
-0.360 0.788 0.500
1.460 0.263 0.373
0.603 -0.248 0.436
-0.510 0.860 0.037
-1.644 0.123 -0.530
-1.128 -0.408 0.142
0.323 0.847 0.422
1.827 -0.021 -0.304
0.983 -0.522 -0.494
-0.489 0.865 -0.110
