9
1.813 0.473 -1.107
1.889 0.251 -0.135
0.017 0.975 0.222
-0.570 0.679 -0.950
0.423 0.569 -0.933
0.111 0.994 0.002
-0.140 0.492 0.619
0.687 0.212 0.131
0.241 0.960 -0.143
-0.052 0.836 -1.015
0.845 0.425 -1.176
0.404 0.912 -0.073
-0.606 0.480 -0.946
0.380 0.566 -0.800
-0.085 0.996 -0.013
1.830 0.554 -0.278
1.348 0.058 -1.001
-0.275 0.869 -0.412
-1.036 0.778 -1.000
-0.185 0.842 -0.479
-0.055 0.998 -0.034
1.854 0.822 0.095
1.533 0.141 -0.564
-0.298 0.733 -0.612
0.421 0.835 -0.059
0.092 0.184 -0.744
-0.282 0.759 -0.587
