15
-0.442 0.709 -1.423
0.349 0.241 -1.029
0.418 0.884 0.208
-1.213 0.644 -1.293
-0.455 0.415 -0.683
0.178 0.974 0.143
-0.958 0.450 0.533
-0.069 0.194 0.152
0.235 0.967 -0.101
-1.123 0.605 -0.372
-0.146 0.578 -0.163
0.027 1.000 0.006
-0.899 0.575 1.461
-0.012 0.634 1.003
-0.052 0.998 0.027
-1.598 0.662 -1.215
-0.861 0.195 -0.727
0.389 0.884 0.258
-1.344 0.494 0.611
-0.514 -0.022 0.398
0.500 0.856 -0.129
-1.792 0.505 -0.595
-1.095 0.001 -0.085
0.407 0.864 0.298
-0.809 0.692 -1.345
-1.251 -0.074 -0.879
-0.528 0.642 0.556
1.095 0.479 0.824
0.961 -0.115 0.030
-0.099 0.805 -0.586
-0.282 0.513 -1.510
-0.651 -0.122 -0.831
-0.303 0.773 0.557
-0.809 0.505 1.442
0.007 -0.042 1.253
0.533 0.837 -0.124
1.016 0.419 0.499
0.760 -0.021 -0.362
-0.125 0.898 -0.421
-0.219 0.547 -1.224
0.110 -0.028 -0.475
0.231 0.818 0.526
-0.477 0.508 1.376
-0.313 0.031 0.512
0.089 0.879 -0.469
