15
-0.085 0.606 0.433
0.319 0.056 -0.298
0.272 0.835 -0.478
0.071 0.852 0.445
0.868 0.852 -0.159
-0.032 0.999 -0.041
-0.002 0.600 0.453
0.477 0.054 -0.235
0.295 0.838 -0.460
0.036 0.548 0.424
0.031 0.251 -0.531
0.042 0.954 -0.297
0.048 0.405 0.271
-0.629 -0.019 -0.331
-0.291 0.905 -0.310
0.033 0.460 0.383
-0.822 -0.060 0.386
-0.517 0.851 0.096
-0.575 0.493 0.289
-1.026 -0.208 0.841
-0.330 0.706 0.626
-0.597 0.663 0.418
-0.487 0.167 -0.443
0.142 0.865 -0.481
-0.437 0.654 -0.420
0.347 0.172 -0.811
0.448 0.876 -0.180
-0.485 0.844 -0.842
0.425 0.820 -0.428
0.074 0.992 -0.105
-0.661 0.622 -0.539
-0.624 0.081 0.301
0.049 0.841 0.538
-0.721 0.648 -0.435
-0.869 0.132 0.409
0.006 0.853 0.523
-0.513 0.573 -0.575
-0.070 0.001 0.116
0.449 0.808 0.381
-0.044 0.566 0.478
0.640 -0.055 0.093
0.505 0.782 -0.364
-1.008 0.595 0.991
-0.991 0.094 0.126
0.033 0.865 -0.501
-1.106 0.572 1.105
-1.207 -0.083 0.356
-0.009 0.753 -0.657
