11
-0.355 1.006 -0.564
-0.256 0.206 -1.157
0.132 0.601 -0.788
0.535 0.825 -0.181
0.254 0.343 -1.011
-0.155 0.876 -0.457
0.878 0.774 -0.445
0.183 0.159 -0.816
-0.543 0.788 -0.290
0.024 0.970 0.282
-0.110 0.427 -0.547
-0.087 0.840 -0.536
-0.467 1.129 -0.255
-0.452 0.558 -1.076
0.010 0.821 -0.571
0.630 0.967 -0.531
-0.085 0.362 -0.883
-0.543 0.797 -0.267
0.944 1.028 -1.447
0.189 0.578 -0.971
-0.381 0.893 0.240
1.327 0.891 0.476
1.505 0.444 -0.401
0.089 0.895 -0.437
0.667 0.810 -1.544
0.090 0.195 -1.006
-0.450 0.788 0.420
1.251 0.812 -0.315
0.529 0.621 -0.980
-0.140 0.982 -0.129
-0.207 0.788 -1.964
0.029 0.423 -1.063
0.092 0.931 0.353
