10
-0.405 0.826 -1.552
0.253 0.264 -1.051
0.447 0.827 0.341
-0.590 1.014 1.082
0.017 0.489 0.486
0.375 0.851 -0.368
-0.797 0.967 -0.536
-0.123 0.232 -0.603
0.731 0.678 -0.072
-0.271 1.057 -1.510
0.240 0.291 -1.118
0.607 0.644 0.466
-0.445 0.889 0.665
-0.097 0.404 -0.137
0.193 0.875 -0.445
-1.577 0.923 0.612
-1.195 0.262 -0.034
0.336 0.751 -0.569
-0.355 1.054 0.743
0.191 0.243 0.532
0.757 0.585 -0.292
-0.179 1.068 -0.341
0.519 0.358 -0.250
0.705 0.704 0.092
0.605 1.053 -0.048
0.233 0.237 0.395
-0.525 0.578 0.625
0.821 0.951 -0.748
0.212 0.737 0.015
-0.134 0.977 0.167
