9
0.097 0.489 -1.033
1.032 0.463 -0.681
0.025 1.000 0.009
0.272 0.684 0.376
1.233 0.510 0.160
0.169 0.985 -0.038
1.856 0.566 -0.771
1.947 -0.089 -0.022
0.079 0.755 0.651
1.845 0.502 -0.046
1.441 0.109 -0.872
-0.172 0.920 -0.353
-0.127 0.479 0.590
0.624 0.070 0.072
0.336 0.913 -0.232
0.468 0.462 0.662
0.625 -0.020 -0.200
0.086 0.876 -0.474
1.809 0.717 -1.142
1.657 0.237 -0.278
-0.083 0.877 0.473
1.825 0.859 -0.343
1.300 0.093 -0.713
-0.626 0.643 -0.441
0.041 0.618 -1.026
0.901 0.121 -0.912
0.493 0.867 0.065
