20
-2.991 0.422 -2.248
-2.253 -0.092 -2.685
0.442 0.858 -0.262
-3.456 0.609 -1.843
-2.663 0.124 -2.213
0.439 0.875 -0.205
0.665 0.657 3.272
0.107 0.718 2.444
0.034 0.998 0.050
2.545 0.316 1.091
1.722 0.483 1.635
0.139 0.986 -0.092
2.951 0.572 0.449
2.017 0.645 0.100
0.068 0.997 0.026
1.504 0.409 2.456
0.869 0.413 1.683
0.003 1.000 0.003
1.967 0.393 0.056
1.442 0.051 0.836
-0.191 0.940 0.283
0.151 0.445 2.675
0.204 0.298 1.687
0.008 0.989 -0.146
-3.515 0.400 -1.792
-2.622 0.431 -2.241
-0.027 1.000 0.014
0.458 0.572 2.973
-0.128 0.701 2.173
0.076 0.992 0.104
0.172 0.536 -1.436
0.169 0.474 -0.438
-0.000 0.998 0.062
-1.541 0.352 -2.625
-1.258 0.397 -1.667
-0.013 0.999 -0.044
-0.926 0.551 -3.557
-1.259 0.075 -2.743
-0.180 0.879 0.441
2.638 0.492 1.007
1.890 0.019 1.473
-0.402 0.881 0.251
0.861 0.502 2.056
0.865 0.374 1.064
0.001 0.992 -0.128
0.586 0.346 3.158
0.548 -0.091 2.259
-0.018 0.900 -0.436
-1.153 0.532 -3.352
-1.511 0.087 -2.531
-0.178 0.896 0.408
-1.744 0.615 -2.877
-0.953 0.235 -2.398
0.325 0.925 0.197
-0.441 0.666 -3.100
-0.334 0.406 -2.140
0.029 0.966 0.258
-0.676 0.524 -3.392
-0.446 0.620 -2.424
-0.022 0.995 -0.094
