33
0.104 0.040 -0.727
-0.353 -0.355 -1.524
-0.133 0.916 -0.377
0.042 -0.093 -0.757
-0.248 -0.683 -1.511
-0.112 0.803 -0.585
0.087 0.025 -0.691
-0.089 -0.334 -1.608
0.010 0.930 -0.367
0.088 0.194 -0.628
-0.175 0.252 -1.591
0.060 0.997 0.044
-0.028 0.149 -0.577
-0.618 0.157 -1.385
0.011 1.000 0.002
0.019 0.119 -0.459
-0.772 0.097 -1.070
-0.024 1.000 -0.005
0.191 0.064 -0.543
-0.734 -0.125 -0.872
-0.176 0.982 -0.071
0.082 -0.058 -0.661
-0.780 -0.513 -0.883
-0.440 0.890 -0.117
-0.108 -0.071 -1.350
-0.965 -0.583 -1.302
-0.509 0.858 0.064
0.009 0.146 -0.764
-0.986 0.142 -0.657
-0.004 1.000 -0.006
0.066 0.035 -0.518
-0.867 -0.267 -0.318
-0.294 0.953 0.068
-0.060 0.152 -0.189
-1.002 0.092 0.141
-0.056 0.998 0.023
-0.169 0.054 0.198
-1.012 -0.303 0.599
-0.304 0.933 0.194
-0.087 -0.025 -0.298
-0.664 -0.383 0.436
-0.168 0.932 0.322
-0.673 -0.017 -0.891
-0.744 -0.273 0.074
0.085 0.962 0.261
-1.100 0.002 -0.526
-0.916 -0.362 0.386
0.167 0.927 0.336
-1.074 -0.009 -0.189
-0.507 -0.527 0.451
0.385 0.854 0.350
-1.093 0.225 0.143
-0.178 0.174 0.542
0.083 0.994 -0.064
-1.086 0.032 0.037
-0.230 -0.466 0.176
0.505 0.863 -0.018
-1.087 0.061 0.382
-0.280 -0.476 0.135
0.506 0.843 -0.180
-0.731 0.072 0.157
-0.042 -0.328 -0.447
0.290 0.917 -0.276
-0.092 0.107 -0.173
0.372 -0.086 -1.038
0.148 0.979 -0.139
-0.126 0.044 -0.311
-0.041 -0.359 -1.222
0.055 0.915 -0.400
-0.081 -0.028 -0.310
0.193 -0.547 -1.119
0.191 0.854 -0.484
0.218 -0.131 -0.646
-0.433 -0.814 -0.978
-0.594 0.730 -0.337
0.648 -0.143 -0.503
-0.145 -0.749 -0.443
-0.608 0.793 -0.026
0.720 -0.071 -0.420
-0.115 -0.569 -0.186
-0.498 0.865 0.061
0.670 -0.093 -0.668
-0.124 -0.623 -0.966
-0.446 0.841 -0.307
0.349 -0.163 -1.025
-0.387 -0.814 -0.840
-0.643 0.758 0.109
-0.155 -0.139 -1.210
-0.784 -0.823 -0.840
-0.561 0.729 0.393
-0.861 -0.089 -1.583
-0.827 -0.695 -0.788
0.151 0.789 0.595
-0.855 -0.045 -1.414
-0.337 -0.646 -0.806
0.476 0.794 0.378
-0.846 -0.046 -0.998
-0.189 -0.635 -1.468
0.496 0.808 -0.319
-1.121 -0.025 -0.939
-0.631 -0.543 -1.639
0.305 0.855 -0.419
