45
2.906 0.302 1.516
2.017 -0.155 1.546
-0.457 0.890 0.015
3.185 0.033 -0.232
2.201 0.196 -0.173
0.163 0.987 -0.010
1.699 0.029 -0.702
0.700 -0.003 -0.670
-0.032 0.999 0.001
0.421 0.296 2.985
-0.315 0.360 2.311
0.047 0.998 0.043
-1.365 0.056 3.323
-1.460 -0.094 2.339
-0.014 0.989 -0.149
2.805 0.083 0.513
1.815 0.053 0.650
-0.029 1.000 0.004
2.619 0.045 1.283
1.732 -0.393 1.136
-0.431 0.899 -0.071
0.559 0.022 3.104
-0.100 -0.125 2.366
-0.098 0.989 -0.110
0.520 -0.020 1.047
-0.326 -0.195 0.543
-0.150 0.985 -0.089
1.653 -0.018 2.811
0.804 -0.139 2.296
-0.103 0.993 -0.062
0.705 0.084 0.271
-0.277 -0.063 0.386
-0.145 0.989 0.017
-3.733 0.353 0.647
-2.754 0.249 0.818
0.102 0.995 0.018
-2.619 0.106 -3.435
-1.865 -0.338 -3.919
0.374 0.896 -0.240
-0.072 0.217 3.504
-0.378 -0.014 2.580
-0.073 0.973 -0.219
1.318 0.208 2.813
0.367 0.078 2.532
-0.124 0.992 -0.037
-1.509 0.133 -3.545
-1.236 0.145 -2.583
-0.003 1.000 -0.011
-1.508 0.279 -3.123
-1.350 0.344 -2.137
-0.010 0.998 -0.064
1.104 0.016 0.604
0.152 -0.165 0.360
-0.175 0.984 -0.045
1.429 -0.001 -1.479
0.477 0.236 -1.285
0.233 0.971 -0.047
1.140 0.140 3.395
0.779 0.207 2.464
0.024 0.998 0.063
-0.737 0.019 -3.918
0.034 -0.007 -3.282
0.020 1.000 0.017
-0.258 0.041 -1.720
-1.059 0.180 -1.137
0.112 0.990 -0.082
-2.616 0.306 -0.283
-1.785 0.422 0.262
-0.097 0.993 -0.064
-3.621 0.359 0.936
-2.872 0.249 0.282
0.082 0.994 -0.072
3.088 0.032 0.088
3.208 -0.277 -0.856
0.039 0.951 -0.306
2.512 0.338 1.196
1.966 0.136 0.384
-0.113 0.979 -0.168
2.074 0.078 0.190
1.343 0.163 -0.487
0.062 0.996 0.057
-2.957 0.091 0.362
-2.150 0.088 0.953
0.003 1.000 0.002
-1.476 0.295 1.721
-1.344 0.141 0.742
0.021 0.988 -0.152
2.038 0.023 0.232
1.316 0.073 -0.458
0.036 0.999 0.034
-2.711 0.268 -3.341
-1.852 0.026 -3.792
0.214 0.970 -0.112
-0.359 0.039 -2.690
-0.353 0.216 -1.706
-0.001 0.984 -0.177
3.653 0.243 0.281
2.732 -0.089 0.077
-0.325 0.943 -0.072
0.412 0.152 0.027
-0.541 -0.104 -0.134
-0.253 0.967 -0.043
-2.179 0.307 2.698
-2.771 -0.141 2.028
-0.296 0.894 -0.336
-2.039 0.145 -3.558
-1.286 0.251 -2.908
-0.081 0.994 -0.070
-1.891 0.184 -0.611
-1.191 0.198 0.104
-0.010 1.000 -0.010
1.415 0.154 3.073
2.029 0.237 2.288
-0.051 0.997 0.065
3.469 0.360 0.530
2.503 0.567 0.377
0.205 0.978 0.032
-2.530 0.249 -0.212
-1.718 0.425 0.345
-0.145 0.984 -0.099
1.262 0.188 3.309
0.284 0.150 3.104
-0.037 0.999 -0.008
1.979 0.195 0.064
1.064 -0.128 0.307
-0.312 0.947 0.083
-0.865 0.111 3.210
-0.437 -0.040 2.318
0.065 0.989 -0.136
-0.010 0.100 0.605
-0.943 -0.176 0.374
-0.268 0.961 -0.066
1.317 0.184 -1.351
0.635 0.289 -0.627
0.072 0.994 -0.076
