12
-0.536 0.284 -1.118
0.248 -0.304 -1.318
0.566 0.809 -0.159
0.603 0.342 0.577
1.131 -0.190 -0.085
0.302 0.846 -0.439
0.474 0.288 -0.558
1.120 -0.306 -1.039
0.491 0.805 -0.334
-0.550 0.495 -1.083
0.228 0.277 -0.495
0.187 0.976 0.113
0.085 0.380 -0.759
0.146 -0.124 0.103
-0.074 0.859 0.507
0.242 0.369 -0.197
-0.170 -0.084 0.594
-0.302 0.886 0.352
1.040 0.296 1.805
0.157 -0.174 1.811
-0.470 0.883 0.010
-0.930 0.172 3.487
-1.109 -0.272 2.609
-0.131 0.895 -0.426
-2.709 0.283 1.506
-2.384 -0.121 0.650
0.165 0.915 -0.368
-0.954 0.329 -0.281
-1.503 -0.107 -0.995
-0.218 0.898 -0.381
-0.295 0.286 -1.580
-1.181 -0.175 -1.633
-0.458 0.887 -0.056
-1.644 0.313 -0.315
-1.379 -0.200 -1.132
0.204 0.857 -0.472
-1.159 0.342 -0.756
-0.287 -0.089 -0.990
0.433 0.900 -0.046
