16
0.761 0.206 0.921
1.176 -0.029 0.042
0.100 0.972 -0.212
0.656 0.414 1.333
1.132 0.166 0.489
0.122 0.969 -0.216
-1.616 0.066 1.150
-0.833 0.018 0.529
0.038 0.999 -0.030
2.042 0.372 -1.333
1.297 0.149 -0.704
-0.171 0.975 0.144
-2.176 0.348 -0.437
-1.355 0.008 -0.895
0.297 0.940 -0.166
-1.243 0.352 0.150
-0.378 -0.002 -0.206
0.328 0.935 -0.135
-1.541 0.204 -1.627
-0.833 0.089 -0.930
0.081 0.993 0.080
-1.480 0.210 -1.004
-0.625 -0.075 -0.569
0.254 0.959 0.129
2.422 0.275 0.015
1.519 -0.020 0.328
-0.278 0.956 0.096
2.099 0.073 -1.319
1.171 -0.090 -0.982
-0.153 0.987 0.055
-1.257 0.409 0.250
-0.627 -0.045 -0.380
0.321 0.891 -0.321
1.923 0.056 0.660
1.650 0.349 -0.256
0.084 0.956 0.281
0.858 0.209 0.544
0.992 -0.211 -0.353
0.062 0.908 -0.415
2.268 0.177 -1.278
1.288 0.086 -1.453
-0.090 0.996 -0.016
-1.756 0.258 1.114
-0.961 0.377 0.520
-0.095 0.993 0.071
1.502 0.381 -0.372
0.596 0.165 -0.008
-0.200 0.976 0.081
