16
-0.759 0.651 -0.493
-0.608 -0.188 0.029
0.234 0.543 0.806
-0.765 0.352 -0.470
-0.539 -0.376 0.178
0.239 0.686 0.687
0.309 0.473 0.356
-0.198 -0.190 -0.194
-0.450 0.748 -0.487
-1.572 0.605 0.376
-0.943 -0.102 0.052
0.628 0.708 -0.324
-0.949 0.376 -0.511
-0.324 -0.286 -0.098
0.552 0.750 0.365
-0.385 0.566 -0.822
-0.876 -0.242 -0.496
-0.673 0.590 0.447
-1.511 0.625 0.392
-0.762 -0.028 0.281
0.646 0.758 -0.095
0.040 0.547 -0.040
-0.605 -0.180 0.194
-0.683 0.687 0.248
-0.275 0.481 -0.340
-0.752 -0.282 0.096
-0.563 0.646 0.515
-1.485 0.701 -0.125
-0.752 0.164 0.293
0.466 0.844 0.265
-0.880 0.550 0.208
-0.257 -0.041 -0.304
0.457 0.807 -0.375
0.266 0.613 -0.532
-0.477 -0.055 -0.489
-0.666 0.745 0.039
-0.483 0.444 0.130
0.321 -0.146 0.054
0.587 0.808 -0.056
-0.507 0.694 -0.186
-0.915 -0.135 -0.567
-0.607 0.558 -0.566
-0.662 0.518 -0.669
-0.020 -0.233 -0.821
0.731 0.660 -0.173
-1.665 0.624 -0.838
-0.972 -0.079 -0.998
0.685 0.711 -0.158
