20
-1.987 0.202 1.225
-0.994 0.227 1.106
-0.025 1.000 0.003
1.058 0.252 -0.718
0.088 0.286 -0.477
0.033 0.999 -0.008
1.701 0.144 -1.440
0.766 0.383 -1.178
0.230 0.971 -0.064
1.429 0.080 -1.640
0.523 -0.157 -1.292
-0.222 0.971 0.085
0.979 0.305 -2.067
0.733 -0.110 -1.191
-0.113 0.910 0.400
1.954 0.150 -1.219
1.023 0.196 -1.581
0.043 0.999 0.017
-2.318 0.320 1.501
-1.584 -0.229 1.101
0.482 0.836 -0.263
-1.511 0.149 2.006
-1.054 -0.369 1.283
0.276 0.855 -0.438
-0.929 0.303 2.567
-0.901 -0.210 1.709
0.017 0.858 -0.513
-1.432 0.242 1.892
-0.577 0.088 1.396
0.134 0.988 -0.077
-2.885 0.229 1.142
-1.987 0.177 0.707
0.047 0.999 -0.023
-0.201 0.275 0.711
-0.978 -0.353 0.694
-0.629 0.778 -0.014
-1.483 -0.016 1.966
-0.671 -0.273 1.441
0.216 0.966 -0.139
1.832 0.034 -1.625
1.167 -0.496 -1.099
-0.416 0.848 0.329
0.278 0.207 -0.124
-0.588 -0.026 0.319
-0.207 0.973 0.106
-0.655 0.348 -0.156
-0.066 0.457 0.644
-0.065 0.994 -0.088
-1.043 0.031 0.741
-0.602 -0.564 0.069
0.327 0.804 -0.497
1.017 0.088 -2.120
0.372 -0.351 -1.494
-0.315 0.899 0.306
1.592 0.163 -0.289
0.923 -0.411 -0.762
-0.469 0.819 -0.331
0.417 0.050 -0.013
-0.291 -0.570 -0.350
-0.560 0.784 -0.267
