408
-1.305 0.003 1.051
-0.402 -0.426 1.015
0.427 0.903 -0.052
-1.163 0.002 1.176
-0.683 -0.430 0.413
0.217 0.901 -0.375
0.367 0.054 1.281
0.925 -0.268 0.516
0.139 0.945 -0.296
0.284 0.200 1.159
-0.405 0.160 0.435
-0.078 0.997 0.018
0.146 -0.072 1.139
-0.489 -0.688 0.674
-0.457 0.786 -0.416
0.255 0.227 1.255
-0.641 0.212 0.813
-0.020 1.000 0.007
-1.006 0.017 0.853
-0.790 -0.309 -0.068
-0.009 0.942 -0.335
-1.143 0.042 -0.893
-0.209 -0.312 -0.935
0.354 0.935 -0.015
-0.453 0.130 -1.468
0.260 -0.205 -0.852
0.247 0.942 0.227
-0.130 0.098 -1.342
0.200 -0.250 -0.464
0.067 0.936 0.346
-1.327 0.006 -0.063
-0.662 -0.476 0.508
0.362 0.876 0.319
-0.312 0.002 1.239
0.551 -0.380 0.907
0.344 0.924 -0.169
0.159 0.106 1.189
-0.420 0.005 0.380
-0.120 0.992 -0.037
