22
1.392 0.394 1.679
0.724 0.134 0.981
-0.179 0.966 -0.187
-2.078 0.243 1.224
-1.401 -0.317 0.748
0.459 0.828 -0.323
-3.060 0.338 1.436
-2.480 -0.236 0.858
0.407 0.819 -0.405
-3.053 0.285 1.651
-2.368 -0.139 1.058
0.320 0.906 -0.277
1.548 0.358 0.686
0.550 0.298 0.644
-0.061 0.998 -0.003
-2.681 0.530 1.667
-2.061 0.099 1.011
0.295 0.903 -0.313
1.850 0.345 0.404
1.040 0.008 -0.075
-0.289 0.942 -0.171
2.319 0.282 -0.947
1.343 0.084 -1.037
-0.198 0.980 -0.018
-2.111 0.387 -0.322
-1.397 -0.214 0.035
0.538 0.799 0.269
3.080 0.469 -1.939
2.351 0.091 -1.368
-0.298 0.926 0.233
1.295 0.398 0.693
0.478 -0.118 0.949
-0.493 0.856 0.154
1.871 0.534 1.029
1.411 0.061 0.277
-0.247 0.881 -0.404
0.583 0.272 -0.447
-0.247 0.223 0.108
-0.041 0.999 0.027
2.553 0.268 -0.667
1.701 0.391 -0.158
0.106 0.992 -0.063
1.849 0.405 0.365
1.186 -0.100 -0.188
-0.388 0.863 -0.323
0.873 0.558 0.740
0.576 -0.103 0.051
-0.261 0.751 -0.607
-2.071 0.550 1.440
-2.101 -0.042 0.634
-0.022 0.806 -0.591
2.527 0.395 -1.459
1.849 0.402 -0.724
0.005 1.000 -0.005
-1.089 0.457 1.225
-0.496 -0.072 0.619
0.370 0.848 -0.378
-1.087 0.425 1.299
-1.152 -0.163 0.492
-0.047 0.809 -0.586
1.556 0.460 -0.934
1.056 -0.156 -0.325
-0.391 0.788 0.477
-2.598 0.485 -0.312
-1.867 -0.185 -0.185
0.660 0.742 0.115
