9
2.193 1.040 -0.940
1.395 0.486 -0.705
-0.532 0.832 0.157
0.690 0.952 1.515
0.716 0.280 0.775
0.023 0.740 -0.672
0.684 1.006 1.567
0.363 0.335 0.899
-0.290 0.741 -0.605
-1.762 1.019 0.903
-1.275 0.399 0.288
0.385 0.785 -0.486
-2.424 0.982 -1.910
-1.888 0.295 -1.419
0.507 0.727 0.464
-2.383 1.137 0.613
-1.751 0.485 0.195
0.544 0.758 -0.360
-1.704 1.103 0.445
-1.027 0.453 0.099
0.579 0.760 -0.296
0.721 0.739 1.276
0.092 0.338 0.610
-0.276 0.916 -0.292
0.434 1.060 -1.446
0.381 0.490 -0.626
-0.036 0.822 0.569
