19
0.551 0.070 1.456
1.362 -0.268 1.935
0.302 0.941 0.153
1.052 -0.121 1.514
1.500 -0.615 2.259
0.343 0.864 0.368
0.670 0.072 1.752
1.612 -0.261 1.706
0.335 0.942 0.027
0.484 0.030 1.540
1.341 -0.383 1.848
0.409 0.909 0.082
0.079 0.073 0.947
0.657 -0.254 1.695
0.200 0.945 0.257
0.325 -0.003 0.643
0.200 -0.435 1.536
-0.066 0.902 0.427
0.600 0.021 1.317
-0.096 -0.449 1.859
-0.417 0.880 0.228
0.245 0.050 0.789
-0.425 -0.407 1.374
-0.404 0.885 0.230
0.519 0.021 0.268
-0.358 -0.431 0.434
-0.445 0.892 0.076
0.555 0.117 0.371
-0.202 -0.143 -0.227
-0.168 0.964 -0.207
0.722 0.091 0.113
-0.070 -0.191 -0.429
-0.153 0.951 -0.270
0.729 -0.298 0.217
-0.097 -0.559 -0.282
-0.194 0.964 -0.183
0.391 0.028 0.538
0.085 -0.336 -0.342
-0.047 0.929 -0.368
0.279 0.019 1.042
0.241 -0.324 0.104
0.019 0.939 -0.344
0.051 0.007 1.125
0.384 -0.287 0.229
0.090 0.956 -0.279
-0.195 0.107 0.476
0.584 -0.081 -0.123
0.128 0.982 -0.142
-0.194 0.118 0.933
0.610 -0.115 0.386
0.205 0.972 -0.112
-0.307 0.097 1.213
0.548 -0.140 0.751
0.218 0.971 -0.094
-0.181 0.131 1.618
0.786 -0.125 1.599
0.256 0.967 0.002
0.329 0.065 1.218
0.991 -0.264 1.891
0.265 0.943 0.200
