28
2.688 0.305 0.964
1.863 0.034 1.460
-0.232 0.963 0.140
2.275 0.359 0.116
1.595 -0.188 0.604
-0.444 0.837 0.319
2.653 0.178 0.967
1.739 0.041 1.350
-0.126 0.991 0.053
-3.371 0.159 -1.655
-2.603 -0.212 -1.133
0.307 0.929 0.208
1.562 0.260 -1.733
0.995 -0.294 -1.123
-0.377 0.833 0.406
-3.868 0.199 1.000
-2.929 -0.138 0.938
0.336 0.941 -0.022
-3.639 0.073 -0.767
-2.646 0.110 -0.654
-0.037 0.999 -0.004
0.678 0.132 -1.812
0.694 -0.043 -0.828
0.003 0.985 0.175
-3.686 -0.036 1.893
-3.041 -0.322 1.185
0.193 0.958 -0.212
1.573 0.109 -1.483
0.843 -0.126 -0.842
-0.177 0.972 0.155
2.439 -0.019 -1.797
1.685 -0.520 -1.372
-0.436 0.866 0.246
2.431 0.235 -1.976
1.654 0.113 -1.359
-0.095 0.993 0.076
-3.014 0.209 -1.667
-2.444 0.023 -0.866
0.108 0.982 0.152
-4.022 0.026 -1.397
-3.131 0.131 -0.955
-0.094 0.995 -0.046
1.551 0.330 -1.969
1.552 -0.219 -1.133
0.001 0.836 0.548
-3.236 0.061 -1.926
-2.622 -0.428 -1.307
0.344 0.872 0.347
-3.210 -0.016 1.858
-2.633 -0.198 1.062
0.107 0.983 -0.148
-0.183 0.316 -1.382
-0.517 -0.302 -0.670
-0.263 0.786 0.559
2.265 0.166 -0.765
1.418 -0.363 -0.719
-0.529 0.848 0.029
-3.419 0.210 -0.774
-2.657 -0.379 -0.503
0.554 0.809 0.197
-3.999 0.335 -0.437
-3.225 -0.118 0.005
0.393 0.892 0.224
-2.851 0.333 0.818
-2.176 0.176 0.098
0.107 0.988 -0.115
2.430 0.225 -2.008
1.571 0.159 -1.500
-0.057 0.998 0.034
-3.424 0.299 -1.653
-2.641 -0.319 -1.575
0.615 0.786 0.062
2.931 0.211 -1.703
2.198 -0.378 -1.364
-0.535 0.808 0.247
0.696 0.326 -1.406
0.483 -0.276 -0.637
-0.161 0.799 0.580
-2.934 0.291 0.090
-2.158 -0.323 -0.057
0.603 0.789 -0.115
-3.688 0.239 0.998
-2.767 0.339 0.621
-0.093 0.995 0.038
