948
-1.735 -0.002 0.459
-1.129 -0.435 1.126
0.302 0.901 0.311
-1.790 -0.098 0.612
-2.056 -0.672 1.386
-0.147 0.818 0.556
-1.403 0.118 0.813
-2.201 0.018 1.407
-0.073 0.995 0.070
-1.041 -0.087 0.948
-1.841 -0.686 0.973
-0.598 0.794 -0.108
-1.486 -0.052 0.787
-1.966 -0.598 0.101
-0.334 0.837 -0.433
-2.638 -0.066 0.770
-2.811 -0.498 -0.115
-0.100 0.902 -0.420
-3.338 -0.074 0.797
-2.932 -0.597 0.048
0.317 0.849 -0.422
-1.841 0.059 0.888
-1.554 -0.232 -0.025
0.127 0.956 -0.265
-1.849 -0.054 0.819
-1.698 -0.471 -0.077
0.142 0.906 -0.398
-1.008 -0.067 0.871
-1.054 -0.613 0.035
-0.056 0.838 -0.543
-0.626 0.091 0.723
-0.979 -0.379 -0.085
-0.198 0.883 -0.426
-1.216 -0.083 0.469
-0.570 -0.639 -0.053
0.458 0.830 -0.318
-0.168 0.183 0.123
0.062 -0.257 -0.745
0.076 0.897 -0.435
-0.541 -0.120 0.878
-0.077 -0.681 0.193
0.302 0.827 -0.473
-0.807 -0.117 0.875
-0.074 -0.598 0.394
0.446 0.874 -0.193
-2.231 -0.099 0.562
-1.405 -0.619 0.783
0.496 0.854 0.158
-1.416 -0.091 0.593
-0.569 -0.605 0.451
0.499 0.858 -0.126
0.753 -0.116 0.642
0.918 -0.684 -0.164
0.118 0.823 -0.556
1.911 -0.015 0.530
1.335 -0.566 -0.074
-0.362 0.834 -0.415
1.557 0.138 0.152
1.347 0.062 -0.823
-0.039 0.997 -0.069
