31
1.655 -0.175 -2.051
1.815 -0.159 -1.064
-0.002 1.000 -0.015
0.056 0.110 -1.786
0.594 -0.163 -0.988
0.153 0.962 0.226
-1.059 -0.130 -1.779
-0.224 0.073 -1.269
-0.173 0.979 -0.106
-1.863 -0.183 -1.269
-0.970 -0.167 -0.818
-0.014 1.000 -0.007
-2.072 -0.102 -1.767
-1.196 -0.354 -1.355
0.228 0.968 0.107
-1.414 -0.121 0.279
-0.442 -0.142 0.045
0.020 1.000 -0.005
1.539 -0.122 0.093
0.628 -0.341 -0.255
-0.205 0.976 -0.078
1.568 0.038 -2.358
1.290 0.145 -1.403
0.030 0.994 -0.103
-1.907 -0.006 -0.837
-0.991 0.202 -0.495
-0.195 0.978 -0.073
-1.651 0.025 -1.889
-0.896 -0.326 -1.336
0.283 0.937 0.207
-1.367 0.160 -0.901
-0.584 -0.211 -0.402
0.313 0.929 0.200
-0.997 0.015 0.983
-1.303 -0.175 0.051
-0.059 0.982 -0.181
1.538 0.161 -2.004
0.789 0.181 -1.341
0.015 1.000 -0.013
2.507 0.152 0.522
1.564 0.338 0.799
0.178 0.983 -0.052
1.141 0.117 0.633
0.309 0.080 0.079
-0.031 0.999 -0.021
2.049 -0.193 -0.471
1.089 -0.282 -0.205
-0.085 0.996 0.024
1.706 -0.113 -0.938
0.725 0.047 -0.823
0.159 0.987 -0.019
2.040 -0.005 -1.575
1.382 0.159 -0.839
0.109 0.986 -0.122
2.563 -0.030 -0.234
1.581 0.083 -0.385
0.111 0.994 0.017
-1.463 0.146 1.299
-0.754 0.083 0.596
0.045 0.998 -0.044
0.079 -0.016 -1.704
0.337 0.158 -0.753
-0.046 0.985 -0.168
-0.868 0.060 -1.108
-0.268 -0.032 -0.314
0.056 0.996 0.074
-0.883 0.148 -0.994
0.028 -0.227 -1.163
0.369 0.927 -0.069
1.053 0.008 -2.207
0.454 0.123 -1.414
0.070 0.993 -0.092
2.163 -0.047 0.304
1.351 -0.133 -0.273
-0.070 0.996 -0.050
1.167 0.123 -1.911
0.566 -0.167 -1.166
-0.182 0.957 0.226
1.642 0.128 0.737
0.823 -0.190 0.260
-0.274 0.948 -0.160
2.196 -0.038 0.412
1.960 -0.196 -0.546
-0.038 0.987 -0.153
-0.396 -0.056 -1.413
0.337 -0.547 -0.942
0.413 0.871 0.265
-0.465 -0.103 0.888
-0.885 -0.335 0.011
-0.100 0.973 -0.209
-1.123 -0.184 1.313
-0.460 -0.237 0.566
0.036 0.999 -0.040
