23
-2.511 0.401 1.188
-2.204 -0.239 0.484
0.256 0.768 -0.587
2.761 0.289 -0.841
1.770 0.173 -0.781
-0.115 0.993 0.007
1.891 0.123 -1.851
1.076 0.191 -1.276
0.055 0.998 -0.039
-1.753 0.239 -1.600
-1.715 -0.334 -0.781
0.026 0.820 0.572
2.427 0.068 0.100
1.442 0.225 0.029
0.156 0.988 0.011
-2.753 0.241 -1.558
-2.717 -0.138 -0.633
0.015 0.925 0.379
2.642 0.330 2.101
2.026 0.244 1.318
-0.053 0.996 -0.067
1.722 0.318 2.384
1.177 0.410 1.551
0.050 0.996 0.077
1.634 0.264 2.376
1.028 -0.189 1.724
-0.309 0.891 -0.333
3.174 0.244 -0.785
2.192 0.228 -0.974
-0.016 1.000 -0.003
-1.580 0.159 1.565
-1.556 -0.184 0.626
0.009 0.939 -0.343
2.504 0.127 2.083
1.524 -0.071 2.054
-0.199 0.980 -0.006
2.872 0.204 1.146
1.932 0.430 0.889
0.218 0.974 0.060
3.153 0.097 -0.788
2.401 -0.146 -0.175
-0.188 0.970 0.154
1.681 0.429 2.381
0.865 0.613 1.834
0.153 0.983 0.102
2.096 0.094 -0.917
1.896 -0.262 -0.004
-0.076 0.934 0.348
1.137 0.296 -1.105
1.328 0.027 -0.161
0.053 0.963 0.263
1.904 0.091 0.030
1.075 0.054 0.588
-0.030 0.999 0.020
-1.329 0.393 -1.960
-0.803 0.241 -1.124
0.081 0.988 0.129
1.779 0.222 0.999
1.099 -0.178 0.385
-0.297 0.916 -0.268
-0.815 0.109 -1.291
-0.987 -0.163 -0.344
-0.048 0.962 0.267
2.479 0.286 2.079
1.953 -0.068 1.306
-0.199 0.935 -0.293
-2.689 0.322 -1.915
-1.897 0.311 -1.305
0.009 1.000 0.007
