13
-1.328 0.249 0.023
-1.353 -0.367 -0.764
-0.019 0.787 -0.616
-0.777 0.608 -1.066
-1.158 0.021 -0.352
-0.276 0.809 0.518
-1.954 0.356 -0.391
-1.142 -0.124 -0.059
0.444 0.877 0.181
0.862 0.533 -1.358
0.108 0.320 -0.736
-0.165 0.977 0.136
-1.642 0.365 -0.415
-0.704 0.464 -0.082
-0.093 0.995 -0.033
-1.345 0.570 -0.203
-0.807 -0.102 -0.713
0.488 0.741 -0.462
-1.759 0.489 -0.575
-1.498 0.030 0.274
0.135 0.888 0.439
-1.792 0.285 -0.942
-1.174 -0.373 -0.511
0.539 0.754 0.376
0.313 0.263 -0.370
-0.333 -0.408 -0.006
-0.584 0.742 0.329
0.244 0.461 -1.130
-0.240 -0.179 -0.533
-0.403 0.768 0.497
0.514 0.415 -0.308
-0.478 0.381 -0.182
-0.034 0.999 0.004
1.085 0.237 -1.374
0.369 0.339 -0.683
0.074 0.995 -0.071
-0.261 0.377 0.597
-0.734 0.330 -0.283
-0.022 0.999 -0.041
