682
0.584 0.415 -2.231
1.458 0.068 -1.891
0.297 0.936 0.191
0.529 0.508 -2.379
1.514 0.353 -2.455
0.155 0.988 -0.008
1.101 0.564 -2.284
1.182 0.491 -1.290
0.074 0.995 0.067
0.969 0.348 -1.981
0.216 -0.135 -1.533
-0.432 0.875 0.217
1.057 0.433 -1.637
0.413 0.176 -2.357
-0.165 0.966 -0.197
1.020 0.459 -1.573
1.134 0.217 -2.537
-0.037 0.968 -0.248
1.300 0.416 -1.597
2.016 0.102 -2.221
0.224 0.949 -0.221
0.881 0.316 -2.462
1.690 -0.266 -2.375
0.576 0.813 0.077
0.818 0.382 -2.441
0.666 -0.086 -1.570
-0.103 0.884 0.456
0.085 0.343 -1.496
-0.296 -0.076 -0.672
-0.185 0.908 0.376
-0.312 0.522 -0.367
-1.019 0.449 0.337
0.021 0.992 0.123
-0.540 0.436 0.671
-1.006 0.122 1.499
-0.103 0.948 0.301
-0.685 0.507 0.731
-0.225 0.361 1.607
0.086 0.989 0.119
-0.298 0.611 1.392
0.700 0.662 1.369
-0.051 0.998 -0.043
-0.486 0.415 2.480
-0.245 0.019 1.594
0.148 0.917 -0.369
-0.747 0.496 2.693
-1.446 0.161 2.061
-0.260 0.942 -0.211
-0.729 0.384 1.818
-0.694 0.062 0.872
-0.040 0.945 -0.323
-0.322 0.368 -0.092
-0.033 -0.116 -0.918
0.153 0.875 -0.459
-0.167 0.539 -0.828
0.101 0.510 -1.791
0.016 1.000 -0.026
0.422 0.321 -2.092
1.298 -0.041 -2.409
0.346 0.932 -0.109
