1138
-0.863 0.339 0.381
-0.194 0.417 1.120
-0.049 0.997 -0.061
-0.854 0.063 0.451
-0.268 -0.521 1.013
0.437 0.812 0.387
-1.015 0.203 0.423
-0.176 -0.106 0.872
0.261 0.951 0.166
-0.954 0.247 0.386
-0.144 -0.009 0.913
0.224 0.967 0.123
-1.080 0.296 0.336
-0.128 0.235 0.638
0.055 0.998 0.029
-1.070 0.049 0.688
-0.457 -0.737 0.606
0.786 0.617 -0.041
-1.148 0.153 1.037
-0.521 -0.349 0.442
0.370 0.865 -0.339
-1.179 0.058 1.044
-0.824 -0.560 0.343
0.236 0.785 -0.572
-1.337 0.060 0.873
-1.150 -0.569 0.118
0.199 0.776 -0.598
-1.419 0.268 0.654
-1.002 0.084 -0.236
0.066 0.983 -0.172
-1.384 0.319 0.393
-0.802 0.208 -0.412
0.032 0.993 -0.114
-1.333 0.060 0.013
-0.603 -0.554 -0.288
0.537 0.788 -0.302
-1.379 0.349 -0.003
-0.428 0.396 -0.306
-0.041 0.999 0.027
-1.156 -0.005 0.050
-0.688 -0.735 -0.449
0.394 0.677 -0.622
-1.399 0.047 0.321
-1.391 -0.588 -0.451
0.015 0.772 -0.636
-1.482 0.035 -0.577
-0.909 -0.429 -1.253
0.204 0.879 -0.430
-1.086 0.016 -0.090
-1.518 -0.622 -0.728
-0.344 0.771 -0.537
-1.565 0.162 0.014
-1.681 -0.204 -0.909
-0.021 0.930 -0.366
-1.208 0.143 -0.028
-1.859 -0.324 -0.627
-0.319 0.884 -0.343
-1.055 0.304 0.061
-1.987 0.286 -0.301
0.010 0.997 -0.077
