11
-1.488 0.213 -1.117
-0.684 -0.361 -0.966
0.564 0.819 0.106
-2.309 0.191 2.451
-1.590 -0.121 1.830
0.236 0.950 -0.204
-2.350 -0.078 2.696
-1.582 -0.154 2.060
0.058 0.997 -0.048
-0.549 0.245 -0.929
0.270 -0.314 -0.801
0.552 0.829 0.087
-0.217 -0.075 2.221
0.403 -0.424 1.519
0.231 0.937 -0.262
-1.918 0.116 0.864
-1.082 0.250 0.334
-0.113 0.991 0.072
-2.345 0.041 2.667
-2.034 0.088 1.718
-0.015 0.999 0.045
-0.906 0.012 -3.068
-0.607 -0.042 -2.115
0.016 0.999 0.051
-1.140 0.133 1.020
-0.301 -0.378 0.833
0.498 0.860 -0.111
-1.085 0.169 1.031
-0.292 -0.433 0.932
0.597 0.799 -0.075
2.073 0.232 -2.836
1.369 -0.262 -2.325
-0.400 0.870 0.290
