41
-2.427 0.002 2.643
-2.151 -0.032 1.682
0.009 0.999 -0.032
-1.846 0.132 2.345
-1.848 -0.170 1.392
-0.001 0.953 -0.302
-2.266 0.223 2.530
-1.585 0.097 1.808
0.086 0.992 -0.091
2.460 0.138 0.688
1.593 0.103 0.191
-0.030 0.999 -0.017
-1.844 0.209 2.357
-2.025 0.147 1.375
-0.011 0.998 -0.061
0.632 0.001 2.027
0.280 -0.195 1.112
-0.070 0.981 -0.182
-0.533 -0.005 2.602
-0.596 0.174 1.620
0.012 0.984 0.179
0.088 0.297 2.530
0.408 0.037 1.619
0.086 0.966 -0.245
1.268 0.263 2.040
0.691 0.235 1.224
-0.016 1.000 -0.023
-1.215 0.073 2.332
-0.680 0.138 1.490
-0.035 0.998 0.055
0.099 0.132 2.590
0.443 -0.021 1.664
0.053 0.988 -0.143
-1.875 0.164 3.729
-1.312 0.182 2.903
-0.010 1.000 0.015
-3.041 0.040 2.755
-2.262 0.036 2.127
0.004 1.000 -0.003
-1.657 0.066 3.401
-1.541 0.328 2.442
-0.031 0.965 0.259
-2.943 0.302 3.299
-2.212 0.207 2.623
0.070 0.995 -0.064
3.191 0.330 2.155
2.679 0.187 1.308
-0.074 0.990 -0.122
-2.516 0.335 3.204
-1.913 0.057 2.457
0.175 0.961 -0.216
0.054 0.148 2.338
-0.464 0.215 1.486
0.035 0.998 0.057
0.654 -0.002 2.152
0.084 -0.307 1.390
-0.183 0.952 -0.245
-1.162 0.029 2.626
-0.849 0.144 1.683
-0.036 0.993 0.109
-3.646 0.021 -2.300
-2.744 -0.396 -2.187
0.413 0.909 0.052
1.975 0.227 2.448
1.558 -0.084 1.595
-0.137 0.950 -0.280
-1.150 0.343 2.693
-1.016 0.514 1.717
-0.023 0.985 0.170
-0.576 0.071 2.361
-0.032 -0.067 1.534
0.076 0.990 -0.116
-2.296 0.282 0.004
-1.458 0.373 -0.535
-0.077 0.996 0.050
2.553 0.091 2.135
2.294 -0.198 1.213
-0.078 0.957 -0.278
1.999 -0.004 -3.031
1.447 -0.119 -2.205
-0.064 0.993 0.095
1.486 -0.007 -2.311
0.803 -0.375 -1.680
-0.270 0.930 0.250
1.941 0.338 2.042
1.307 -0.119 1.419
-0.326 0.889 -0.320
-3.232 0.187 -1.104
-2.319 -0.136 -1.356
0.311 0.946 -0.086
2.291 0.158 0.084
1.329 -0.113 0.057
-0.272 0.962 -0.008
2.573 0.242 2.248
1.736 0.021 1.749
-0.190 0.975 -0.113
-2.367 0.072 2.977
-2.184 -0.392 2.110
0.096 0.886 -0.454
1.625 0.302 -2.334
0.643 0.204 -2.175
-0.097 0.995 0.016
-1.656 0.239 3.693
-1.284 -0.179 2.864
0.171 0.908 -0.381
-2.443 0.257 -0.604
-1.541 -0.081 -0.874
0.325 0.941 -0.097
-2.261 -0.018 3.567
-2.282 0.294 2.617
0.007 0.950 0.312
1.694 0.038 -2.346
1.162 -0.220 -1.539
-0.142 0.966 0.215
-3.069 0.222 2.598
-2.571 0.403 1.750
-0.091 0.984 0.155
-3.082 0.253 0.768
-2.179 -0.139 0.590
0.385 0.920 -0.076
3.183 0.240 2.115
2.716 0.408 1.247
0.080 0.986 0.148
