12
0.381 0.621 -0.146
0.867 -0.164 0.238
0.616 0.620 0.487
0.495 0.399 0.268
0.922 -0.420 0.652
0.608 0.574 0.548
1.119 0.385 -0.474
1.592 -0.371 -0.022
0.547 0.654 0.523
1.177 0.435 -0.459
1.429 -0.279 0.194
0.256 0.700 0.666
1.512 0.382 -0.115
0.881 -0.315 0.226
-0.613 0.717 0.331
1.690 0.417 -0.408
0.989 -0.064 0.118
-0.385 0.876 0.289
1.938 0.691 0.308
1.028 0.293 0.193
-0.395 0.917 -0.050
0.591 0.486 0.216
1.340 -0.168 0.322
0.647 0.757 0.092
1.236 0.396 -0.084
0.580 -0.172 0.413
-0.453 0.823 0.343
1.506 0.590 0.239
0.742 -0.000 -0.021
-0.559 0.807 -0.190
1.273 0.559 -0.291
1.302 0.031 0.557
0.018 0.849 0.528
1.197 0.730 -0.454
1.506 0.187 0.326
0.200 0.839 0.505
