16
-2.577 0.570 0.054
-1.609 0.434 0.262
0.132 0.991 0.028
0.671 0.468 -1.510
1.227 0.061 -0.786
0.248 0.913 0.324
2.225 0.430 0.387
1.448 -0.145 0.131
-0.546 0.818 -0.180
3.015 0.306 0.457
2.151 -0.131 0.207
-0.420 0.899 -0.122
-0.478 0.296 -0.950
-0.100 -0.064 -0.097
0.145 0.933 0.329
-2.748 0.672 -3.397
-1.916 0.530 -2.861
0.119 0.990 0.076
2.500 0.360 1.181
1.894 -0.164 1.780
-0.373 0.851 0.369
-1.658 0.619 -1.120
-0.758 0.203 -0.992
0.413 0.909 0.059
2.069 0.322 1.612
1.533 -0.133 0.901
-0.274 0.891 -0.363
-2.626 0.334 0.020
-1.680 0.156 -0.254
0.170 0.984 -0.049
2.462 0.578 0.060
1.469 0.473 0.016
-0.105 0.994 -0.005
0.052 0.608 -1.702
-0.065 -0.020 -0.933
-0.095 0.778 0.621
2.751 0.417 0.267
2.120 -0.098 -0.312
-0.380 0.857 -0.348
2.260 0.452 0.337
1.266 0.437 0.231
-0.015 1.000 -0.002
-2.378 0.677 -0.751
-1.536 0.139 -0.718
0.538 0.843 0.021
0.709 0.615 -0.049
-0.186 0.210 0.137
-0.396 0.914 0.082
