18
-2.647 -0.085 -0.231
-1.790 -0.386 0.187
0.270 0.954 0.132
2.449 0.079 -1.404
1.645 -0.023 -0.818
-0.083 0.995 0.060
1.503 -0.126 -1.386
0.915 -0.312 -0.599
-0.112 0.982 0.149
1.558 0.245 -1.385
0.941 -0.169 -0.717
-0.281 0.910 0.305
1.899 0.076 0.399
0.921 0.103 0.604
0.026 1.000 -0.005
-1.975 0.118 -0.448
-1.296 -0.446 -0.918
0.464 0.826 -0.321
-2.597 -0.076 0.607
-1.602 0.021 0.610
-0.097 0.995 -0.000
1.548 0.117 -1.251
0.856 0.332 -0.561
0.152 0.977 -0.152
2.428 -0.102 -1.465
2.211 -0.640 -0.651
-0.139 0.843 0.519
1.690 0.237 -1.425
0.905 -0.382 -1.446
-0.619 0.785 -0.016
1.594 0.118 -1.396
0.811 -0.504 -1.373
-0.621 0.784 0.019
-1.472 -0.076 1.289
-1.026 0.152 0.423
-0.104 0.974 0.202
-1.980 -0.037 0.504
-1.183 -0.640 0.461
0.602 0.798 -0.032
2.197 0.067 0.309
1.256 0.033 -0.027
-0.032 0.999 -0.011
-2.401 0.234 1.145
-1.691 -0.157 0.559
0.301 0.920 -0.249
-1.655 -0.115 -0.551
-0.738 -0.079 -0.153
-0.033 0.999 -0.014
-1.780 0.161 0.199
-1.347 -0.318 0.962
0.236 0.878 0.417
-2.673 0.222 0.375
-2.024 -0.031 1.092
0.170 0.967 0.188
