13
1.988 0.855 2.486
1.325 0.616 1.777
-0.163 0.971 -0.174
1.812 0.872 0.165
0.885 0.499 0.221
-0.372 0.928 0.022
1.434 0.772 0.170
0.475 0.509 0.278
-0.262 0.965 0.029
-1.402 0.658 4.304
-1.639 0.660 3.332
0.000 1.000 0.002
1.910 0.896 2.487
1.217 0.945 1.768
0.033 0.999 0.035
1.374 0.850 4.816
1.002 0.925 3.891
0.028 0.997 0.070
-0.210 0.673 -4.133
-0.090 0.445 -3.167
0.028 0.974 0.226
2.155 0.737 2.484
1.340 0.158 2.512
-0.579 0.815 0.020
1.735 0.602 -2.157
1.105 0.161 -1.517
-0.310 0.898 0.314
-1.553 0.824 2.411
-1.024 0.544 1.609
0.154 0.960 -0.234
1.941 0.599 4.810
1.309 0.064 4.249
-0.400 0.845 -0.355
-0.988 0.745 0.064
-0.237 0.137 0.322
0.575 0.794 0.197
2.019 0.723 0.163
1.034 0.855 0.049
0.131 0.991 0.015
