493
-0.996 0.514 0.388
-0.641 0.229 -0.503
0.150 0.957 -0.247
-0.962 0.543 0.219
-0.525 0.400 -0.670
0.048 0.990 -0.135
-0.888 0.574 -0.807
0.081 0.333 -0.752
0.244 0.968 -0.053
-0.790 0.816 -0.486
-0.028 0.261 -0.820
0.485 0.831 -0.274
-0.997 0.337 -0.877
-0.310 -0.389 -0.910
0.725 0.688 -0.039
-0.991 0.234 -0.815
-0.519 -0.643 -0.909
0.871 0.480 -0.109
-0.770 0.083 0.095
-0.435 -0.644 -0.504
0.337 0.686 -0.645
-0.807 0.425 -0.404
-0.198 -0.348 -0.231
0.767 0.631 0.120
-0.715 0.428 -0.432
-0.138 -0.322 -0.106
0.750 0.643 0.153
-0.709 0.425 0.077
-0.122 -0.382 0.137
0.803 0.573 -0.166
-0.843 0.396 0.197
-0.787 -0.402 -0.402
0.180 0.598 -0.781
-0.818 0.345 -0.182
-1.145 -0.490 -0.625
-0.508 0.551 -0.662
-1.145 0.296 -0.506
-1.283 -0.684 -0.650
-0.957 0.169 -0.235
-0.782 0.429 -0.371
-0.916 -0.489 -0.745
-0.369 0.396 -0.841
-0.462 0.369 -0.472
-0.264 -0.510 -0.905
0.308 0.475 -0.824
