17
-1.339 0.417 -1.842
-0.588 -0.205 -2.060
0.598 0.783 -0.174
-0.823 0.246 1.944
-0.591 0.076 0.986
0.040 0.985 -0.165
0.335 0.379 -2.129
-0.591 0.172 -1.813
-0.195 0.979 0.067
0.148 0.552 1.613
0.215 0.094 0.726
0.035 0.889 -0.456
0.047 0.479 1.401
-0.546 0.163 0.660
-0.197 0.949 -0.247
-1.252 0.531 -1.884
-0.546 -0.080 -1.526
0.545 0.791 0.277
1.192 0.519 1.436
0.374 0.318 0.898
-0.167 0.980 -0.110
0.025 0.479 -1.606
0.138 -0.079 -0.784
0.076 0.830 0.553
1.144 0.467 1.335
0.337 0.057 0.910
-0.362 0.912 -0.191
-1.331 0.549 0.413
-0.615 -0.064 0.080
0.556 0.790 -0.258
0.071 0.580 0.871
0.294 -0.105 0.178
0.210 0.728 -0.652
-0.057 0.338 1.183
-0.303 -0.311 0.464
-0.210 0.760 -0.615
-1.046 0.202 0.277
-0.458 -0.274 -0.377
0.318 0.880 -0.353
0.623 0.293 -2.264
0.287 0.000 -1.368
-0.103 0.956 0.274
0.250 0.373 1.915
0.347 -0.286 1.169
0.084 0.752 -0.653
-0.300 0.294 1.049
0.226 -0.334 0.476
0.425 0.778 -0.463
0.296 0.507 1.893
0.495 0.528 0.914
-0.004 1.000 0.021
