16
-1.910 0.230 0.481
-1.084 0.092 -0.065
0.116 0.990 -0.076
-0.008 0.210 0.005
-0.443 0.231 -0.895
0.009 1.000 0.019
-2.005 0.313 0.466
-1.172 0.074 -0.032
0.205 0.971 -0.123
-2.753 0.310 -0.300
-1.808 0.267 -0.626
0.041 0.999 -0.014
0.672 0.032 1.338
0.167 0.006 0.475
-0.013 1.000 -0.023
-0.029 0.236 0.133
-0.588 0.162 -0.692
-0.042 0.997 -0.062
-1.623 0.224 -1.335
-1.112 -0.288 -0.645
0.305 0.859 0.412
1.209 -0.019 1.415
0.473 -0.462 0.903
-0.363 0.897 -0.253
-0.097 0.155 0.563
0.240 0.133 -0.379
0.008 1.000 -0.022
-1.964 0.034 0.592
-1.241 -0.498 0.151
0.454 0.847 -0.277
-1.987 0.310 0.736
-1.555 0.083 -0.137
0.101 0.974 -0.203
-2.180 0.151 -0.493
-1.320 -0.213 -0.849
0.336 0.931 -0.139
-1.914 0.152 0.480
-1.006 -0.248 0.360
0.397 0.916 -0.053
-2.007 0.129 -1.396
-1.039 0.308 -1.217
-0.176 0.984 -0.033
-1.833 -0.022 -0.438
-0.936 -0.453 -0.341
0.429 0.902 0.046
-1.037 0.181 0.616
-0.366 -0.386 0.137
0.461 0.824 -0.329
