46
1.257 0.224 -1.626
0.423 -0.297 -1.448
-0.510 0.853 0.109
0.880 0.088 1.307
1.273 0.049 0.388
0.015 0.999 -0.036
-0.624 0.155 0.288
0.272 0.086 -0.151
0.062 0.998 -0.030
-0.743 0.134 0.493
-0.002 -0.032 -0.158
0.125 0.986 -0.109
-0.791 0.098 1.498
-0.746 -0.369 0.615
0.024 0.884 -0.466
-0.911 0.341 1.589
-0.332 -0.058 0.877
0.251 0.917 -0.309
-1.419 0.272 0.722
-0.639 -0.050 0.186
0.265 0.947 -0.182
1.535 0.194 1.512
0.906 0.053 0.747
-0.090 0.990 -0.109
-1.121 0.057 1.449
-1.142 -0.451 0.588
-0.012 0.861 -0.508
0.894 0.133 1.012
1.085 -0.164 0.077
0.059 0.955 -0.291
-1.405 0.100 0.432
-0.565 -0.144 -0.051
0.212 0.970 -0.122
0.238 0.408 0.840
0.493 0.266 -0.117
0.036 0.990 -0.137
-1.121 0.221 1.435
-0.330 0.223 0.823
-0.002 1.000 0.001
-0.768 0.032 1.008
-0.208 -0.497 0.370
0.349 0.848 -0.398
1.219 0.334 1.182
0.600 -0.178 0.587
-0.369 0.859 -0.355
1.910 0.419 0.630
1.917 -0.120 -0.212
0.005 0.843 -0.539
-0.408 0.383 0.441
0.111 -0.108 -0.258
0.293 0.871 -0.395
-0.577 0.097 -1.047
0.415 0.066 -0.926
0.030 1.000 0.004
1.539 0.207 1.448
1.752 0.086 0.478
0.026 0.993 -0.118
0.201 0.413 1.610
-0.038 -0.091 0.780
-0.139 0.864 -0.484
1.226 0.298 0.036
0.417 -0.287 0.096
-0.584 0.811 0.043
1.806 0.343 -1.591
0.996 0.042 -1.087
-0.255 0.954 0.158
-1.102 0.220 1.048
-0.316 0.346 0.443
-0.100 0.992 0.077
-0.897 0.332 -1.427
0.051 0.017 -1.458
0.315 0.949 -0.010
-0.678 0.328 0.281
0.201 0.439 -0.182
-0.098 0.994 0.052
-0.088 0.333 0.690
0.696 0.408 0.073
-0.059 0.997 0.046
0.560 0.235 1.051
0.014 0.011 0.244
-0.126 0.974 -0.186
-0.441 0.335 1.125
-0.502 -0.174 0.266
-0.036 0.861 -0.507
-0.707 0.133 1.618
-0.103 0.326 0.845
-0.119 0.981 0.152
-0.425 0.257 0.801
-0.413 -0.162 -0.107
0.006 0.908 -0.419
2.015 0.358 -0.246
1.146 -0.112 -0.399
-0.463 0.882 -0.082
-1.268 0.143 -0.909
-1.394 -0.406 -0.083
-0.082 0.836 0.543
-0.984 0.343 1.579
-0.231 -0.100 1.091
0.372 0.897 -0.241
0.827 0.067 0.676
0.179 -0.349 0.038
-0.296 0.910 -0.292
1.084 0.107 0.027
0.163 -0.264 -0.094
-0.368 0.929 -0.048
2.241 0.121 0.654
1.450 0.195 0.048
0.059 0.997 0.045
1.802 0.306 0.406
1.005 -0.232 0.131
-0.508 0.843 -0.175
-1.135 0.168 -0.119
-0.318 -0.397 -0.236
0.559 0.825 -0.080
-1.008 0.286 0.905
-0.129 -0.095 0.620
0.363 0.925 -0.117
0.547 0.394 1.316
0.336 -0.211 0.548
-0.161 0.796 -0.583
2.421 0.424 -1.221
1.671 0.147 -0.621
-0.216 0.961 0.173
-0.267 0.039 -1.674
0.587 -0.280 -1.262
0.288 0.948 0.139
2.044 0.045 -0.669
1.183 -0.199 -0.221
-0.217 0.970 0.113
-0.902 0.264 -0.757
0.001 -0.135 -0.597
0.392 0.917 0.069
1.248 0.404 0.570
0.977 -0.148 -0.219
-0.179 0.834 -0.522
1.549 0.111 1.238
1.106 -0.248 0.415
-0.170 0.933 -0.316
