11
0.633 0.363 0.299
-0.362 0.339 0.206
-0.024 1.000 -0.002
0.820 0.471 -1.391
0.085 0.422 -0.714
-0.036 0.999 0.033
1.511 0.374 1.082
0.636 0.238 0.618
-0.120 0.991 -0.064
0.686 0.622 -1.355
0.176 0.444 -0.513
-0.092 0.984 0.153
0.505 0.613 -1.306
-0.052 0.621 -0.475
0.004 1.000 -0.006
-1.409 0.581 2.429
-1.041 0.014 1.693
0.253 0.824 -0.508
-2.222 0.576 -0.966
-2.036 0.195 -0.061
0.076 0.924 0.374
1.536 0.672 1.694
0.541 0.754 1.753
0.082 0.997 -0.005
-0.582 0.421 -0.977
-0.310 0.241 -0.031
0.050 0.984 0.173
0.495 0.558 0.337
-0.307 0.332 -0.216
-0.186 0.974 -0.128
-0.778 0.610 -1.682
-0.601 0.547 -0.700
0.011 0.998 0.062
