378
0.777 0.386 -0.322
0.542 -0.033 0.555
-0.117 0.908 0.403
0.174 0.387 -0.522
-0.046 -0.088 0.330
-0.190 0.877 0.441
-0.179 0.364 -0.521
-0.568 -0.114 0.266
-0.243 0.878 0.413
-1.648 0.223 0.091
-1.124 -0.170 0.847
0.125 0.913 0.388
-0.159 0.348 0.010
-0.886 -0.132 0.501
-0.435 0.876 0.210
0.394 0.276 0.304
-0.414 -0.298 0.167
-0.558 0.818 -0.140
-0.198 0.275 0.199
-0.963 -0.309 -0.073
-0.584 0.807 -0.089
0.034 0.408 -0.106
-0.732 0.078 -0.658
-0.269 0.944 -0.191
-0.005 0.375 0.042
-0.245 -0.052 -0.829
-0.127 0.904 -0.408
-0.886 0.432 0.009
-0.172 0.072 -0.591
0.285 0.933 -0.220
-0.491 0.363 -0.891
0.151 -0.087 -0.270
0.344 0.893 0.291
0.893 0.441 -0.505
0.681 0.125 0.419
-0.064 0.949 0.309
