9
0.329 0.010 1.661
0.852 -0.449 0.942
0.270 0.889 -0.370
-1.243 0.102 1.153
-0.467 -0.463 0.872
0.532 0.825 -0.192
-1.887 0.160 2.227
-1.087 0.203 1.628
-0.034 0.999 0.026
-0.731 0.184 1.277
0.154 0.097 0.819
0.077 0.996 -0.040
-0.969 0.006 -0.848
-0.137 -0.170 -0.322
0.149 0.984 0.094
0.193 0.015 2.196
-0.184 -0.384 1.360
-0.164 0.917 -0.364
-0.390 0.354 -2.063
-0.526 -0.080 -1.172
-0.065 0.901 0.429
-1.116 0.171 -0.884
-0.216 -0.264 -0.921
0.435 0.900 -0.018
0.182 0.345 0.692
-0.103 -0.135 -0.137
-0.157 0.877 -0.455
