11
0.168 0.242 -1.147
0.440 -0.019 -0.221
0.100 0.965 0.242
0.165 0.337 -0.772
-0.285 0.442 0.115
0.110 0.992 -0.062
0.092 0.116 -0.592
-0.513 -0.581 -0.207
-0.571 0.717 0.400
-0.023 0.060 -0.485
-0.493 -0.527 0.174
-0.217 0.801 0.558
-0.303 0.263 -0.496
-0.949 0.085 0.247
0.002 0.972 0.235
-0.062 0.007 -0.620
0.042 -0.593 0.173
0.234 0.790 0.567
0.159 0.222 -0.713
1.013 -0.049 -0.267
0.190 0.957 0.218
0.073 0.394 -0.218
0.921 0.901 -0.066
-0.526 0.840 0.132
-0.097 0.133 -0.149
0.509 -0.579 0.205
0.648 0.700 0.301
-0.371 -0.020 -0.279
-0.186 -0.920 -0.674
0.351 0.436 -0.829
-0.379 0.191 0.068
-1.053 0.292 -0.664
0.274 0.954 -0.121
-0.496 0.096 -0.173
-0.696 -0.636 -0.824
0.100 0.646 -0.757
