19
0.303 0.424 -0.225
-0.003 -0.524 -0.133
-0.907 0.319 0.274
0.160 0.438 -0.235
-0.097 -0.446 0.155
-0.487 0.467 0.738
1.147 0.226 0.187
0.491 -0.514 0.334
-0.722 0.673 0.161
1.150 0.199 0.100
0.382 -0.391 0.349
-0.561 0.807 0.182
0.417 0.325 0.731
0.456 -0.284 -0.061
0.030 0.793 -0.609
0.422 0.291 0.538
-0.022 -0.282 -0.151
-0.310 0.820 -0.482
0.214 0.395 -0.688
-0.020 -0.327 -0.037
-0.244 0.691 0.680
-0.397 0.359 0.312
-0.135 -0.316 -0.377
0.240 0.738 -0.631
0.752 0.416 -0.349
0.548 -0.260 0.359
-0.187 0.737 0.650
0.996 0.158 0.235
0.131 -0.341 0.275
-0.499 0.866 0.023
1.098 0.389 0.242
0.245 0.007 -0.113
-0.353 0.924 -0.147
0.830 0.451 0.599
0.894 -0.103 -0.231
0.042 0.833 -0.552
1.260 0.351 -0.113
0.834 -0.392 -0.629
-0.473 0.669 -0.573
-0.399 0.147 0.433
-0.230 -0.486 -0.322
0.138 0.774 -0.617
0.444 0.273 0.340
1.106 -0.427 0.071
0.649 0.714 -0.263
0.441 0.143 0.539
0.316 -0.206 -0.390
-0.047 0.937 -0.346
0.945 0.161 0.777
1.474 -0.344 0.096
0.310 0.863 -0.399
-0.209 0.253 -0.712
-0.174 -0.169 0.193
0.016 0.907 0.422
0.846 0.209 -0.234
0.845 -0.747 -0.530
-0.002 0.297 -0.955
