292
2.636 0.706 -0.270
1.721 0.307 -0.323
-0.397 0.917 -0.047
1.833 0.687 -0.647
1.058 0.064 -0.540
-0.615 0.783 0.096
0.844 0.701 -1.144
0.102 0.109 -0.828
-0.543 0.806 0.236
-0.625 0.728 -1.064
-1.071 0.260 -0.301
-0.201 0.883 0.424
-1.040 0.692 -0.408
-0.295 0.027 -0.360
0.666 0.744 -0.050
-0.700 0.649 0.486
-0.014 -0.059 0.315
0.649 0.700 -0.298
-0.059 0.699 1.035
0.229 0.031 0.349
0.161 0.740 -0.653
1.050 0.701 0.516
0.797 0.033 -0.183
-0.393 0.732 -0.557
-0.519 0.634 0.906
-1.153 0.122 0.326
-0.341 0.858 -0.385
