14
0.663 0.261 -0.185
-0.109 0.250 0.450
-0.009 1.000 0.007
1.193 0.145 0.767
0.438 0.087 1.420
-0.043 0.998 0.038
1.464 0.260 -0.472
0.472 0.202 -0.359
-0.057 0.998 0.007
1.181 0.307 -0.575
0.219 0.525 -0.407
0.215 0.976 -0.037
-0.366 0.220 -2.115
-0.376 0.334 -1.122
0.001 0.994 -0.114
1.843 0.171 0.012
0.885 0.318 -0.232
0.143 0.989 0.036
-2.117 0.460 0.489
-1.547 -0.011 1.163
0.304 0.882 0.360
-1.372 0.364 -0.314
-0.843 0.437 0.532
-0.039 0.997 -0.062
0.001 0.282 -2.069
0.057 0.092 -1.089
0.011 0.982 0.190
-0.498 0.519 0.768
0.258 0.184 0.206
0.268 0.942 -0.200
0.337 0.292 -1.292
0.139 0.080 -0.335
-0.043 0.977 0.208
-1.686 0.217 -1.050
-0.813 0.358 -1.517
-0.124 0.990 0.066
-0.215 0.198 0.887
-0.198 0.387 -0.094
-0.003 0.982 0.189
-0.265 0.453 0.824
-0.780 0.533 -0.030
0.041 0.997 0.068
