15
0.345 0.419 2.320
0.041 0.023 1.454
-0.131 0.918 -0.374
0.166 0.358 3.154
0.053 0.231 2.168
-0.015 0.992 -0.126
-1.474 0.681 2.010
-0.903 0.189 1.352
0.322 0.871 -0.372
-1.468 0.662 1.985
-0.904 0.079 1.401
0.405 0.812 -0.419
-0.459 0.598 -4.044
-0.284 0.055 -3.222
0.113 0.840 0.531
-3.440 0.411 2.387
-2.690 -0.058 1.920
0.398 0.883 -0.248
-1.496 0.703 -2.715
-1.094 0.242 -1.924
0.209 0.888 0.411
1.344 0.456 -3.658
0.999 -0.097 -2.899
-0.229 0.833 0.503
-2.413 0.691 2.757
-1.701 0.249 2.211
0.351 0.897 -0.269
0.398 0.449 2.072
0.094 -0.175 1.353
-0.243 0.781 -0.575
-3.012 0.374 0.705
-2.080 0.419 0.344
-0.042 0.999 0.016
3.215 0.597 -3.627
2.671 0.625 -2.788
0.015 1.000 -0.023
-1.508 0.344 2.172
-1.601 -0.095 1.278
-0.045 0.898 -0.437
1.553 0.549 3.416
0.849 0.571 2.706
0.015 1.000 0.015
1.316 0.425 -3.508
1.035 0.223 -2.570
-0.058 0.979 0.194
