15
3.014 0.666 -0.466
2.082 0.330 -0.333
-0.333 0.942 0.047
3.014 0.477 0.257
2.063 0.184 0.166
-0.292 0.956 -0.028
0.789 0.687 1.410
0.225 0.462 0.615
-0.130 0.974 -0.184
-3.060 0.368 -0.126
-2.127 0.130 -0.397
0.229 0.971 -0.067
-0.056 0.652 2.552
-0.022 0.748 1.557
-0.003 0.995 0.096
-3.028 0.369 -0.168
-2.110 -0.023 -0.120
0.391 0.920 0.020
0.114 0.675 2.682
-0.448 0.441 1.889
-0.135 0.972 -0.191
-0.947 0.556 1.794
-0.234 0.214 1.182
0.260 0.940 -0.223
1.382 0.321 1.862
1.176 0.204 0.890
-0.024 0.993 -0.115
2.430 0.326 -0.911
1.696 0.525 -1.561
0.149 0.980 0.132
2.629 0.530 -0.760
1.768 0.064 -0.556
-0.454 0.885 0.107
-0.045 0.544 -2.752
-0.815 0.307 -2.159
-0.188 0.971 0.145
0.143 0.502 -2.894
0.115 0.072 -1.992
-0.013 0.903 0.429
0.746 0.613 1.898
1.084 0.384 0.985
0.079 0.973 -0.215
0.772 0.405 3.183
0.737 0.606 2.204
0.007 0.980 0.201
