11
-2.422 0.782 -2.176
-1.861 0.133 -1.664
0.480 0.760 0.438
-3.332 0.904 -0.013
-2.554 0.295 -0.173
0.596 0.794 -0.122
-1.069 1.027 -0.050
-0.380 0.388 -0.392
0.573 0.769 -0.284
-3.399 1.105 -0.517
-2.438 0.947 -0.744
0.154 0.987 -0.036
3.960 0.942 -0.406
3.070 0.520 -0.235
-0.415 0.906 0.080
-2.576 0.959 -2.986
-1.887 0.636 -2.337
0.235 0.947 0.221
-2.386 1.076 -3.489
-2.023 0.445 -2.804
0.296 0.775 0.558
-1.267 0.986 0.466
-0.444 0.605 0.045
0.339 0.925 -0.173
-0.185 1.036 -2.689
-0.210 0.545 -1.818
-0.014 0.871 0.491
-2.590 0.782 -2.948
-2.055 0.415 -2.187
0.211 0.930 0.300
4.217 1.073 -1.088
3.541 0.433 -0.722
-0.563 0.768 0.305
