21
-1.267 0.419 -1.453
-0.330 0.222 -1.164
0.188 0.980 0.058
-1.085 0.137 -0.418
-0.086 0.105 -0.403
0.031 1.000 0.000
3.266 0.315 0.233
3.003 -0.236 -0.559
-0.174 0.834 -0.523
-1.773 0.111 1.655
-1.130 -0.255 0.983
0.253 0.931 -0.264
-1.387 0.352 0.742
-0.699 -0.025 0.122
0.280 0.926 -0.252
-0.909 0.340 -0.464
0.067 0.351 -0.248
-0.012 1.000 -0.003
3.282 0.409 0.297
2.397 -0.013 0.101
-0.412 0.907 -0.091
1.292 0.145 0.968
0.697 -0.483 0.467
-0.481 0.778 -0.405
0.043 0.282 -1.128
0.441 -0.090 -0.290
0.160 0.928 0.336
1.019 0.450 -1.540
1.268 -0.148 -0.778
0.186 0.801 0.569
1.927 0.160 -2.223
2.166 -0.332 -1.386
0.135 0.870 0.473
0.065 0.285 -1.043
-0.057 -0.250 -0.207
-0.077 0.845 0.529
0.867 0.366 -2.145
0.890 -0.128 -1.276
0.013 0.869 0.494
2.167 0.313 -1.268
1.741 -0.258 -0.567
-0.296 0.821 0.488
-1.531 0.364 -1.384
-0.968 0.026 -0.630
0.202 0.941 0.271
2.113 0.277 -1.485
1.722 -0.383 -0.843
-0.343 0.751 0.564
-0.781 0.164 1.307
-0.603 -0.283 0.430
0.089 0.895 -0.438
0.110 0.234 0.562
-0.010 -0.282 -0.285
-0.073 0.856 -0.511
-2.987 0.150 2.258
-2.062 -0.104 1.975
0.243 0.967 -0.074
2.151 0.315 0.092
1.428 -0.212 -0.354
-0.449 0.850 -0.277
2.228 0.361 0.398
1.677 -0.213 -0.207
-0.387 0.819 -0.424
