13
1.877 0.533 -0.358
1.324 -0.069 0.218
-0.417 0.798 0.435
0.016 0.576 -0.836
-0.358 0.113 -0.032
-0.195 0.886 0.420
-1.046 0.720 -1.707
-0.668 0.123 -0.999
0.281 0.802 0.527
-1.320 0.626 -1.981
-0.745 0.520 -1.170
0.061 0.994 0.086
3.678 0.599 3.093
3.196 -0.086 2.547
-0.454 0.728 -0.514
-1.370 0.847 -1.985
-0.632 0.410 -1.471
0.358 0.899 0.250
-0.869 0.533 -1.555
-0.327 0.551 -0.714
-0.010 1.000 -0.016
4.381 0.541 2.146
3.424 0.252 2.117
-0.288 0.957 -0.009
-0.835 0.461 -2.599
-0.620 0.511 -1.623
-0.011 0.999 -0.049
-0.099 0.757 -0.689
-0.489 0.300 0.110
-0.201 0.889 0.411
3.775 0.780 3.182
2.999 0.212 2.907
-0.536 0.823 -0.189
-1.888 0.755 -0.113
-0.985 0.326 -0.148
0.429 0.903 -0.017
1.491 0.849 0.132
1.372 0.274 0.941
-0.084 0.818 0.569
