15
2.907 0.553 2.056
2.322 0.103 1.382
-0.295 0.893 -0.340
2.281 0.650 1.445
1.477 0.632 0.850
-0.015 1.000 -0.011
2.756 0.604 0.516
1.793 0.482 0.277
-0.118 0.993 -0.029
2.261 0.585 1.900
1.570 0.697 1.187
0.078 0.994 0.080
-3.091 0.431 0.794
-2.281 0.017 0.377
0.368 0.910 -0.190
-2.881 0.430 0.839
-1.898 0.560 0.968
-0.129 0.992 -0.017
-2.384 0.532 -0.549
-1.396 0.428 -0.664
0.103 0.995 -0.012
0.814 0.284 1.308
0.182 0.276 0.533
-0.005 1.000 -0.006
3.137 0.509 -0.896
2.289 0.011 -1.076
-0.487 0.867 -0.103
2.184 0.369 -0.028
1.228 0.114 0.117
-0.252 0.967 0.038
-1.979 0.278 -1.573
-1.642 0.302 -0.632
-0.008 1.000 -0.022
3.611 0.657 0.296
2.725 0.632 0.759
-0.021 1.000 0.011
0.814 0.624 1.310
0.526 0.315 0.403
-0.094 0.951 -0.295
-1.920 0.611 -1.945
-0.927 0.492 -1.924
0.119 0.993 0.002
-3.313 0.554 -0.348
-2.454 0.379 -0.829
0.153 0.984 -0.086
