9
-0.599 0.473 -0.969
0.300 0.046 -0.876
0.425 0.904 0.044
-1.503 0.457 -0.883
-0.707 -0.086 -0.616
0.514 0.840 0.172
0.278 0.329 0.675
-0.454 -0.286 0.383
-0.571 0.789 -0.228
1.154 0.404 -0.678
0.459 -0.175 -0.251
-0.493 0.816 0.303
1.224 0.301 -0.657
0.425 -0.275 -0.484
-0.563 0.817 0.122
-0.288 0.210 1.037
-0.580 -0.297 0.227
-0.172 0.861 -0.478
0.265 0.561 0.672
-0.436 0.178 0.070
-0.291 0.924 -0.249
-1.251 0.549 1.004
-0.490 -0.097 1.052
0.645 0.763 0.041
0.401 0.330 -1.117
0.591 0.198 -0.144
0.025 0.991 0.130
