17
-0.914 0.520 -1.402
-0.084 0.426 -0.852
0.078 0.996 0.052
0.025 0.326 -0.696
0.937 -0.069 -0.584
0.392 0.919 0.048
-0.162 0.360 1.423
-0.641 0.285 0.549
-0.036 0.997 -0.066
0.922 0.430 -1.040
0.143 0.462 -0.414
0.025 0.999 -0.020
-0.699 0.348 -1.419
-0.040 0.206 -0.680
0.095 0.990 0.106
0.961 0.325 -1.555
0.447 -0.062 -0.789
-0.215 0.922 0.321
-0.833 0.173 1.715
-0.329 0.283 0.858
-0.056 0.994 0.095
-1.377 0.355 -1.544
-0.712 0.242 -0.806
0.076 0.994 0.084
-1.352 0.399 -1.084
-1.457 0.186 -0.113
-0.023 0.977 0.212
0.313 0.348 1.352
-0.232 0.200 0.527
-0.081 0.989 -0.123
0.450 0.403 -1.001
-0.136 -0.174 -0.431
-0.413 0.817 0.402
-0.938 0.274 1.515
-0.408 0.034 0.702
0.131 0.971 -0.201
0.715 0.168 -0.242
-0.265 0.079 -0.422
-0.087 0.996 -0.016
0.989 0.188 -1.051
0.422 0.186 -0.228
-0.001 1.000 0.002
1.391 0.369 1.227
0.728 -0.080 0.627
-0.333 0.894 -0.301
0.596 0.442 0.560
-0.187 0.128 0.024
-0.259 0.949 -0.177
-0.286 0.510 1.671
0.150 0.168 0.839
0.159 0.940 -0.303
