16
-0.587 0.305 -3.210
-0.311 0.074 -2.277
0.065 0.973 0.221
-0.655 0.421 -3.138
-0.362 0.123 -2.229
0.092 0.955 0.283
0.196 0.249 -2.580
0.564 0.022 -1.678
0.086 0.974 0.210
-0.366 0.143 -3.110
-0.021 0.157 -2.171
-0.005 1.000 -0.013
-1.896 0.466 -0.630
-1.403 0.139 0.176
0.171 0.945 0.280
0.339 0.231 -2.445
0.475 -0.095 -1.509
0.047 0.945 0.323
-0.700 0.423 -1.463
-0.126 0.546 -0.654
-0.071 0.992 -0.100
2.363 0.363 -0.098
1.503 0.158 0.370
-0.180 0.979 0.098
3.422 0.127 0.859
2.506 -0.187 1.108
-0.303 0.949 0.082
3.702 0.485 0.561
2.741 0.377 0.307
-0.104 0.994 -0.028
-2.914 0.147 -1.043
-1.989 -0.176 -0.845
0.315 0.947 0.068
-2.186 0.411 -0.903
-1.270 0.084 -0.669
0.318 0.945 0.081
2.618 0.210 0.940
1.619 0.197 0.974
-0.012 1.000 0.000
3.443 0.218 -0.242
2.563 -0.254 -0.297
-0.471 0.881 -0.029
1.243 0.113 -0.990
0.693 -0.308 -0.269
-0.255 0.907 0.335
1.500 0.273 -1.263
1.172 0.402 -0.327
0.043 0.992 -0.122
