11
1.051 0.529 1.035
0.342 0.159 0.433
-0.282 0.929 -0.239
4.008 0.539 -1.357
3.117 0.726 -0.944
0.170 0.982 -0.079
-3.190 0.291 0.117
-2.811 -0.355 0.778
0.322 0.763 0.561
1.170 0.191 1.045
0.559 -0.271 0.402
-0.318 0.887 -0.335
-1.047 0.528 -0.033
-0.461 -0.121 0.452
0.500 0.761 0.414
2.450 0.210 -1.413
2.048 -0.143 -0.568
-0.152 0.936 0.319
-3.068 0.564 1.039
-2.561 -0.087 0.473
0.435 0.759 -0.485
-3.030 0.312 1.348
-2.053 0.440 1.180
-0.126 0.992 0.022
1.289 0.243 1.056
0.739 -0.336 0.455
-0.391 0.815 -0.427
-3.175 0.315 0.237
-2.322 0.287 0.759
0.023 1.000 0.014
3.468 0.310 -0.328
2.748 0.142 0.346
-0.122 0.986 0.115
