44
2.581 0.226 -1.529
2.047 -0.376 -0.935
-0.402 0.799 0.448
2.918 0.324 -0.978
2.080 -0.151 -0.707
-0.451 0.880 0.146
3.486 0.250 -2.725
3.190 -0.011 -1.806
-0.080 0.965 0.248
4.195 0.114 0.556
3.481 0.014 1.249
-0.071 0.995 0.069
1.789 -0.009 -1.815
1.748 -0.361 -0.880
-0.015 0.936 0.352
3.544 0.334 -2.598
3.298 0.238 -1.633
-0.024 0.995 0.093
1.389 0.177 -2.699
1.184 -0.043 -1.745
-0.046 0.976 0.214
3.522 0.302 -1.951
2.698 -0.106 -1.557
-0.368 0.913 0.176
2.322 0.070 -2.191
2.479 -0.423 -1.335
0.089 0.870 0.485
3.084 0.187 -3.158
2.475 0.042 -2.378
-0.090 0.989 0.115
0.948 -0.012 -2.120
1.402 -0.022 -1.229
0.005 1.000 0.009
1.089 0.219 -1.807
1.288 -0.101 -0.880
0.067 0.948 0.312
0.367 0.180 -1.850
0.852 -0.167 -1.047
0.180 0.938 0.297
3.297 0.144 -2.551
2.838 -0.297 -1.780
-0.225 0.898 0.379
4.168 0.008 1.270
3.205 -0.074 1.014
-0.080 0.997 -0.021
-3.555 0.345 1.059
-2.588 0.280 0.815
0.064 0.998 -0.016
1.931 0.023 -3.343
1.522 0.034 -2.431
0.005 1.000 -0.011
3.793 0.320 0.736
2.864 0.059 0.475
-0.251 0.965 -0.071
-0.298 0.262 -1.765
0.384 0.120 -1.047
0.098 0.990 0.103
-2.929 0.326 -0.065
-1.948 0.152 0.019
0.173 0.985 0.015
2.945 0.261 1.469
2.075 -0.089 1.124
-0.326 0.937 -0.129
4.059 0.025 -0.085
3.503 -0.294 0.683
-0.187 0.948 0.259
0.354 0.223 -1.877
0.673 -0.220 -1.039
0.157 0.896 0.415
2.703 0.349 0.896
2.197 -0.165 0.204
-0.303 0.858 -0.415
-3.963 0.290 0.688
-2.996 0.041 0.742
0.249 0.968 0.014
2.760 0.076 1.032
2.151 -0.384 0.386
-0.316 0.888 -0.334
1.981 0.189 0.833
1.063 -0.134 0.601
-0.313 0.946 -0.079
-3.725 0.316 0.983
-2.884 -0.216 0.877
0.527 0.847 -0.066
3.404 0.338 -1.898
2.614 -0.245 -1.704
-0.566 0.813 0.139
-1.991 0.244 -0.844
-1.212 -0.000 -0.265
0.196 0.970 0.146
2.682 0.016 -2.948
2.064 0.126 -2.170
0.068 0.994 -0.086
0.349 0.219 -1.889
-0.098 -0.120 -1.061
-0.161 0.941 0.298
4.158 0.019 -0.130
3.483 -0.525 0.368
-0.438 0.839 0.323
-3.880 0.102 2.523
-3.445 -0.298 1.716
0.190 0.916 -0.352
-0.067 0.377 -1.255
0.404 0.327 -0.374
0.023 0.999 0.044
1.560 0.191 -2.319
1.237 -0.391 -1.574
-0.232 0.813 0.535
3.257 0.378 -0.428
2.594 0.259 0.311
-0.079 0.993 0.089
4.334 0.155 -0.181
3.543 -0.223 -0.663
-0.322 0.926 -0.196
2.000 0.291 -2.901
2.333 -0.212 -2.104
0.194 0.864 0.465
0.868 0.216 1.490
-0.062 -0.058 1.244
-0.265 0.962 -0.070
2.237 0.197 -2.779
1.524 -0.250 -2.239
-0.357 0.894 0.270
0.152 0.282 1.700
-0.705 -0.017 1.281
-0.268 0.954 -0.131
2.721 0.077 -2.863
3.109 -0.179 -1.978
0.103 0.967 0.234
3.905 0.119 0.686
3.176 0.298 1.347
0.133 0.984 -0.120
