24
-0.361 0.626 -0.437
0.041 0.388 -1.322
0.098 0.971 -0.217
1.423 0.533 0.369
0.481 0.197 0.344
-0.335 0.942 -0.009
-1.652 0.447 0.439
-0.958 0.220 -0.245
0.161 0.974 -0.159
0.432 0.283 -1.330
0.545 0.390 -0.343
-0.012 0.994 -0.106
1.254 0.373 0.364
0.427 -0.187 0.304
-0.558 0.829 -0.040
1.489 0.581 -2.248
0.878 0.261 -1.524
-0.207 0.947 0.245
-2.317 0.349 -0.109
-1.447 0.295 -0.598
0.047 0.999 -0.026
-0.355 0.431 -0.164
-0.238 0.134 -1.112
0.036 0.955 -0.295
0.433 0.586 -1.128
0.715 0.260 -0.226
0.097 0.945 0.311
0.433 0.302 -1.208
0.137 0.157 -0.264
-0.044 0.989 0.139
-0.846 0.391 -0.001
0.003 -0.087 0.223
0.463 0.878 0.122
-1.012 0.541 -0.297
-0.362 0.240 -0.995
0.205 0.954 -0.220
0.951 0.346 -0.310
0.631 0.488 -1.247
0.046 0.990 0.134
-0.827 0.530 -1.964
0.156 0.635 -2.114
-0.103 0.995 0.016
-1.857 0.484 0.643
-1.244 -0.063 0.073
0.400 0.837 -0.373
1.507 0.461 -1.593
0.552 0.189 -1.713
-0.271 0.962 -0.034
2.259 0.583 -0.345
1.353 0.588 -0.767
0.004 1.000 0.002
-1.288 0.290 -1.968
-0.383 -0.135 -2.006
0.425 0.905 -0.018
1.086 0.401 -1.509
1.073 0.113 -0.551
-0.004 0.958 0.288
0.952 0.375 -0.284
0.553 0.083 -1.153
-0.122 0.956 -0.265
-1.618 0.301 -1.317
-0.696 -0.016 -1.538
0.309 0.948 -0.074
-1.987 0.481 -0.012
-1.153 0.657 -0.536
-0.149 0.984 0.093
1.087 0.430 -1.250
0.889 0.036 -0.353
-0.085 0.919 0.385
-0.877 0.330 -1.673
-0.584 0.445 -0.724
-0.034 0.993 -0.110
