16
-2.875 0.390 -1.852
-2.883 0.014 -0.925
-0.003 0.927 0.376
0.218 0.270 -2.075
-0.734 0.083 -1.830
-0.181 0.982 0.047
-2.999 0.155 1.498
-2.772 -0.017 0.539
0.040 0.985 -0.167
3.088 0.463 1.652
2.357 0.015 1.136
-0.366 0.894 -0.258
3.076 0.276 1.800
2.315 0.157 1.163
-0.091 0.993 -0.076
2.084 0.377 1.100
1.104 0.212 1.220
-0.163 0.986 0.020
0.122 0.295 -1.429
-0.221 -0.249 -0.663
-0.222 0.839 0.497
-2.594 0.252 1.826
-1.940 -0.189 1.211
0.321 0.898 -0.302
-0.591 0.157 -0.307
-1.425 0.048 0.233
-0.091 0.994 0.059
2.090 0.252 0.566
1.885 0.184 1.543
-0.014 0.998 0.067
-2.957 0.364 0.726
-2.017 0.229 0.413
0.128 0.991 -0.043
-1.374 0.327 -1.775
-1.401 -0.290 -0.989
-0.022 0.787 0.617
-1.485 0.150 1.337
-1.321 -0.430 0.539
0.117 0.814 -0.569
-1.370 0.148 -1.927
-1.433 -0.356 -1.065
-0.037 0.864 0.502
-1.372 0.172 -1.848
-1.384 -0.364 -1.004
-0.007 0.844 0.536
-2.893 0.188 -1.077
-2.535 -0.391 -0.344
0.255 0.816 0.520
