10
-1.695 0.754 1.464
-0.877 0.523 0.937
0.194 0.973 -0.125
2.194 0.810 -3.579
1.552 0.690 -2.821
-0.077 0.993 0.091
4.348 0.744 1.600
3.508 0.687 1.061
-0.048 0.998 -0.031
-2.050 0.722 -0.609
-1.293 0.534 0.016
0.145 0.982 0.120
2.205 1.032 -2.871
1.473 0.830 -2.221
-0.151 0.979 0.135
5.226 0.964 -2.897
4.507 0.904 -2.205
-0.043 0.998 0.041
-0.834 0.776 -3.940
-0.854 0.542 -2.968
-0.005 0.972 0.234
4.342 0.715 0.746
3.426 0.787 0.351
0.066 0.997 0.028
-1.691 0.794 1.938
-1.463 0.304 1.096
0.128 0.872 -0.472
-1.568 0.849 -3.630
-0.793 0.941 -3.004
-0.071 0.996 -0.058
