21
1.953 0.212 0.354
0.979 -0.009 0.304
-0.221 0.975 -0.012
0.091 0.289 -0.618
-0.579 -0.222 -0.079
-0.398 0.860 0.319
-0.707 0.194 -0.407
-1.053 -0.536 0.183
-0.369 0.684 0.629
-0.634 0.206 -0.240
-0.996 -0.550 0.304
-0.419 0.654 0.631
-2.022 -0.017 1.802
-1.989 -0.590 0.984
0.023 0.819 -0.573
1.718 0.000 0.175
0.843 -0.404 -0.090
-0.387 0.915 -0.117
1.054 -0.051 -1.922
0.479 -0.208 -1.118
-0.091 0.988 0.127
-0.471 0.213 1.278
-1.069 -0.295 0.658
-0.353 0.861 -0.366
0.809 0.087 0.129
-0.065 -0.370 -0.037
-0.449 0.889 -0.086
-2.020 0.280 0.406
-1.200 -0.209 0.109
0.460 0.872 -0.166
-1.331 0.087 1.888
-0.766 -0.362 1.196
0.284 0.893 -0.348
-1.629 -0.032 2.008
-1.464 -0.400 1.093
0.065 0.930 -0.362
-0.615 -0.018 0.947
-1.050 -0.623 0.280
-0.331 0.796 -0.507
2.161 0.285 -1.996
1.711 -0.220 -1.260
-0.263 0.863 0.431
2.195 0.213 -0.612
1.429 -0.424 -0.520
-0.633 0.771 0.076
2.337 0.163 -0.666
1.586 -0.248 -0.148
-0.338 0.912 0.233
-1.276 0.190 1.473
-1.583 -0.396 0.723
-0.222 0.810 -0.542
1.379 0.264 -0.604
0.567 -0.296 -0.770
-0.548 0.829 -0.112
1.645 0.112 0.007
1.009 -0.522 -0.432
-0.522 0.773 -0.360
-2.218 0.066 0.486
-1.516 -0.368 -0.079
0.338 0.901 -0.272
-1.321 0.311 0.225
-0.447 -0.098 -0.037
0.392 0.913 -0.118
