12
0.488 0.307 -0.189
-0.285 -0.296 0.009
-0.584 0.798 0.149
0.427 0.186 0.343
-0.186 -0.403 -0.183
-0.448 0.807 -0.384
-0.299 0.133 0.010
0.427 -0.465 0.351
0.540 0.802 0.254
-0.899 0.239 -0.298
-0.332 -0.373 -0.849
0.439 0.791 -0.427
0.159 0.165 -0.411
-0.161 -0.496 0.267
-0.282 0.750 0.598
-0.167 0.091 0.434
-0.405 -0.532 -0.312
-0.189 0.783 -0.593
-0.277 0.151 0.156
0.204 -0.368 0.863
0.292 0.855 0.429
0.181 0.440 0.086
-0.121 -0.342 -0.459
-0.380 0.622 -0.684
-0.518 0.307 -0.034
-0.846 -0.630 -0.152
-0.882 0.348 -0.316
-0.839 0.197 0.253
-0.275 -0.355 -0.361
0.374 0.834 -0.406
0.136 0.452 -0.135
-0.537 -0.210 -0.463
-0.595 0.749 -0.290
-0.514 0.334 -0.126
0.217 -0.167 -0.590
0.423 0.866 -0.268
