18
-0.209 0.045 0.860
-0.117 -0.427 -0.017
0.121 0.879 -0.460
0.005 0.030 0.578
-0.388 -0.537 -0.146
-0.244 0.823 -0.512
-0.426 0.137 -0.049
-1.038 -0.539 -0.461
-0.556 0.737 -0.384
-0.070 -0.314 0.070
-0.534 -1.139 -0.252
-0.589 0.559 -0.584
-0.135 -0.195 -0.580
-0.624 -0.986 -0.949
-0.652 0.612 -0.447
-0.345 0.020 -0.941
-0.927 -0.786 -1.042
-0.806 0.589 -0.054
-0.260 0.023 -1.440
-0.904 -0.742 -1.459
-0.765 0.644 0.013
-0.119 0.018 -1.244
-0.767 -0.635 -1.636
-0.516 0.755 -0.404
0.047 0.203 -1.483
-0.872 -0.138 -1.681
-0.319 0.938 -0.138
0.050 0.299 -1.136
-0.881 0.187 -0.788
-0.120 0.993 -0.003
-0.215 0.276 -1.195
-0.691 0.136 -0.326
-0.084 0.990 0.114
-0.034 0.373 -1.240
0.594 0.362 -0.462
0.069 0.997 -0.041
0.187 0.702 -1.072
0.792 0.459 -0.314
0.230 0.965 0.125
-0.065 0.116 -0.918
0.564 -0.328 -0.280
0.368 0.893 0.260
0.209 0.108 -1.124
0.965 -0.513 -0.919
0.633 0.774 0.013
0.371 0.040 -1.368
0.964 -0.744 -1.185
0.797 0.604 0.004
0.260 0.131 -1.327
0.809 -0.483 -1.895
0.271 0.773 -0.574
-0.319 0.047 -0.601
-0.783 -0.560 -1.246
-0.368 0.795 -0.483
-0.303 0.043 0.295
-0.585 -0.587 -0.429
-0.212 0.776 -0.594
