29
-0.103 -0.163 0.100
0.766 -0.631 -0.057
0.469 0.883 -0.039
0.182 -0.258 0.128
1.033 -0.748 0.315
0.491 0.870 0.048
0.318 -0.223 -0.253
0.923 -0.724 0.367
0.360 0.866 0.348
0.299 -0.216 -0.543
1.042 -0.682 -0.061
0.385 0.885 0.262
0.174 -0.303 -1.070
1.021 -0.831 -1.012
0.531 0.844 -0.080
0.388 -0.105 -0.705
1.293 -0.440 -0.441
0.302 0.940 0.158
0.169 -0.004 -0.693
0.827 -0.017 0.059
-0.015 0.999 0.030
0.182 -0.217 -0.493
0.345 -0.571 0.428
0.046 0.935 0.351
0.328 -0.116 -0.183
0.332 -0.372 0.784
-0.032 0.966 0.256
0.396 -0.309 -0.241
0.001 -0.876 0.481
-0.308 0.823 0.478
0.183 -0.068 -0.297
-0.467 -0.232 0.445
-0.130 0.986 0.104
0.782 -0.262 -0.362
-0.053 -0.737 -0.083
-0.444 0.880 0.168
0.509 -0.223 -0.406
-0.383 -0.620 -0.619
-0.400 0.916 -0.030
0.294 -0.203 0.107
0.211 -0.636 -0.790
-0.010 0.901 -0.434
0.194 -0.283 0.022
0.531 -0.846 -0.733
0.242 0.827 -0.508
-0.039 -0.090 -0.068
0.608 -0.323 -0.794
0.216 0.969 -0.117
0.476 -0.193 -0.351
1.198 -0.638 0.178
0.354 0.895 0.269
0.980 -0.228 -0.959
1.329 -0.605 -0.101
0.234 0.922 0.310
0.551 -0.104 -0.563
0.313 -0.389 0.366
-0.111 0.958 0.265
-0.457 -0.172 0.397
-1.215 -0.575 0.909
-0.335 0.915 0.225
-0.876 -0.131 0.020
-0.930 -0.521 0.939
0.015 0.920 0.391
-0.768 0.083 -0.004
-0.836 0.141 0.992
-0.029 0.998 -0.061
-0.485 -0.059 0.481
-1.168 -0.212 1.195
-0.102 0.988 0.115
-0.037 -0.124 0.136
-0.994 -0.410 0.169
-0.285 0.958 0.032
-0.180 -0.126 0.318
-1.074 -0.351 -0.072
-0.200 0.974 -0.104
0.457 -0.231 0.199
-0.350 -0.595 -0.265
-0.262 0.926 -0.271
-0.445 -0.123 0.236
-1.214 -0.360 -0.357
-0.165 0.971 -0.172
-1.280 -0.146 0.876
-1.699 -0.519 0.048
-0.143 0.927 -0.346
-1.196 0.059 0.903
-1.921 0.101 0.215
0.096 0.995 -0.041
-0.815 -0.122 0.386
-0.240 -0.484 -0.348
0.266 0.931 -0.251
