11
1.656 -0.059 -1.481
1.234 -0.167 -0.581
-0.046 0.994 0.098
1.649 0.282 -1.666
1.263 0.072 -0.768
-0.083 0.978 0.193
-1.310 0.066 -2.018
-1.006 0.014 -1.067
0.016 0.999 0.050
-0.904 0.015 -2.059
-0.448 -0.398 -1.270
0.207 0.910 0.358
-1.420 -0.055 0.800
-1.142 -0.420 -0.089
0.109 0.931 -0.348
0.180 0.146 -1.546
-0.179 0.067 -0.616
-0.028 0.997 0.073
-1.281 0.115 -1.200
-0.900 -0.421 -0.447
0.242 0.844 0.479
0.177 -0.005 -1.631
-0.176 0.287 -0.742
0.108 0.956 -0.271
-0.544 -0.066 -0.602
0.097 -0.299 0.129
0.154 0.972 0.175
-1.420 -0.068 0.669
-0.549 -0.181 0.192
0.098 0.994 -0.054
0.832 0.192 1.694
0.086 -0.433 1.463
-0.597 0.781 -0.185
