289
-1.320 0.187 -0.658
-0.490 -0.368 -0.707
0.552 0.831 -0.067
-1.414 0.259 -0.679
-0.610 -0.277 -0.938
0.511 0.845 -0.159
-1.204 0.361 -0.254
-0.538 0.084 0.439
0.233 0.959 0.160
-1.212 0.462 -0.473
-0.228 0.604 -0.362
-0.129 0.984 -0.121
-0.997 0.294 -0.307
-0.088 -0.122 -0.340
0.412 0.908 -0.081
0.242 0.251 -0.563
0.559 -0.147 0.298
0.209 0.914 0.347
0.021 0.368 -0.440
-0.047 0.172 0.538
0.098 0.975 0.201
-0.093 0.169 0.348
0.832 -0.171 0.177
0.321 0.938 -0.131
-0.046 0.106 0.194
-0.033 -0.332 -0.705
-0.080 0.896 -0.437
