25
2.020 0.449 1.419
1.021 0.494 1.445
0.045 0.999 -0.001
2.165 0.189 -0.528
1.328 -0.020 -0.023
-0.179 0.978 0.108
0.043 0.365 -1.902
0.384 0.084 -1.005
0.100 0.960 0.263
0.111 0.528 -1.790
0.040 0.054 -0.912
-0.039 0.880 0.473
2.952 0.319 0.990
2.066 -0.101 1.188
-0.409 0.908 0.092
-0.790 0.434 0.309
0.021 -0.001 -0.082
0.391 0.901 -0.189
2.924 0.236 -1.001
2.003 0.194 -0.615
-0.038 0.999 0.016
1.741 0.536 -1.071
1.338 0.152 -0.241
-0.168 0.924 0.345
3.504 0.176 -0.147
2.885 -0.043 0.608
-0.139 0.976 0.169
1.092 0.540 -1.113
0.602 0.020 -0.413
-0.298 0.854 0.426
-0.531 0.236 -0.951
0.280 -0.340 -0.845
0.571 0.817 0.075
3.022 0.195 -0.916
2.090 0.257 -0.558
0.058 0.998 -0.022
-0.281 0.399 -0.863
0.401 0.143 -0.178
0.181 0.967 0.181
0.565 0.462 -1.684
0.888 0.377 -0.742
0.027 0.996 0.080
-0.728 0.386 -0.330
0.102 0.072 0.132
0.274 0.950 0.152
1.101 0.517 -1.151
1.421 0.578 -0.205
-0.020 0.998 -0.058
3.071 0.414 -1.130
2.193 0.124 -0.750
-0.267 0.957 0.115
2.644 0.232 -1.070
1.682 -0.032 -1.013
-0.263 0.965 0.016
3.304 0.438 0.640
2.404 0.243 0.248
-0.179 0.981 -0.078
3.203 0.439 1.236
2.382 0.419 0.664
-0.016 1.000 -0.011
-0.534 0.498 0.343
0.358 0.048 0.294
0.448 0.893 -0.025
0.856 0.415 0.998
1.400 -0.203 0.431
0.428 0.786 -0.446
0.186 0.353 -0.209
1.050 -0.147 -0.269
0.499 0.866 -0.035
-0.465 0.504 -1.502
-0.399 -0.025 -0.656
0.041 0.848 0.528
3.610 0.439 -0.607
2.943 -0.003 -0.006
-0.328 0.897 0.296
