42
0.560 0.273 0.687
-0.220 0.118 0.082
-0.123 0.988 -0.095
2.026 0.120 0.954
1.050 -0.012 0.777
-0.130 0.991 -0.024
0.921 0.276 0.466
-0.036 0.213 0.183
-0.061 0.998 -0.018
2.048 0.031 0.194
1.119 -0.005 -0.175
-0.034 0.999 -0.014
1.671 0.218 0.378
0.703 0.080 0.170
-0.135 0.990 -0.029
1.949 0.155 0.331
1.046 -0.077 -0.029
-0.216 0.973 -0.086
1.819 0.290 0.971
0.883 0.297 0.621
0.006 1.000 0.002
2.384 0.017 0.976
1.515 -0.028 0.483
-0.039 0.999 -0.022
2.482 0.151 0.160
1.612 -0.078 -0.278
-0.205 0.973 -0.103
1.560 0.062 0.612
0.600 0.313 0.491
0.250 0.968 0.031
1.979 0.103 -0.937
1.084 -0.040 -0.514
-0.129 0.990 0.061
1.948 0.004 1.339
1.077 -0.275 0.934
-0.253 0.960 -0.118
1.718 0.331 -0.537
0.845 -0.154 -0.565
-0.485 0.874 -0.015
2.717 0.257 0.443
1.767 0.258 0.132
0.001 1.000 0.000
1.998 0.016 0.893
1.089 0.222 0.531
0.192 0.978 0.076
2.604 0.041 1.287
1.818 0.215 0.694
0.138 0.985 0.104
0.988 0.336 1.257
0.283 0.030 0.617
-0.227 0.952 -0.206
2.514 0.207 -0.601
1.598 0.030 -0.241
-0.165 0.984 0.065
2.357 0.044 -1.725
1.560 -0.211 -1.178
-0.210 0.967 0.144
2.283 0.249 -0.582
1.437 -0.265 -0.446
-0.508 0.858 0.082
2.156 0.295 0.565
1.354 -0.246 0.310
-0.515 0.841 -0.164
1.413 -0.022 -0.892
0.522 -0.388 -0.623
-0.350 0.931 0.106
-1.414 0.291 -0.179
-0.612 -0.295 -0.300
0.580 0.810 -0.087
2.620 0.237 0.907
1.620 0.221 0.929
-0.016 1.000 0.000
1.372 0.233 -1.268
0.660 -0.369 -0.904
-0.535 0.799 0.274
1.753 0.056 0.218
0.967 -0.466 -0.112
-0.482 0.853 -0.202
-0.883 0.113 1.051
-0.724 -0.340 0.174
0.081 0.892 -0.445
-0.764 0.332 0.544
-0.512 -0.265 -0.218
0.188 0.802 -0.567
1.280 0.115 0.229
0.898 -0.476 -0.481
-0.280 0.807 -0.521
1.671 0.178 0.378
1.068 -0.446 -0.119
-0.481 0.782 -0.396
2.021 0.072 -1.319
1.520 -0.267 -0.523
-0.180 0.941 0.286
2.749 0.093 0.816
2.147 -0.321 0.134
-0.274 0.910 -0.310
0.183 0.010 0.706
0.667 -0.599 0.078
0.372 0.793 -0.482
-0.196 -0.019 0.712
0.185 -0.565 -0.034
0.249 0.838 -0.486
0.179 0.188 0.658
0.187 -0.489 -0.079
0.007 0.736 -0.676
-0.969 0.167 1.076
-0.158 -0.181 0.605
0.301 0.937 -0.175
1.978 0.161 1.337
0.986 0.032 1.325
-0.129 0.992 -0.002
-1.071 0.007 0.019
-0.188 -0.357 -0.278
0.345 0.932 -0.116
-0.446 0.203 -0.621
0.279 -0.364 -0.230
0.500 0.823 0.269
2.048 0.026 -0.884
1.332 -0.138 -0.205
-0.119 0.986 0.113
1.822 0.340 -1.303
0.850 0.553 -1.199
0.211 0.977 -0.023
-1.094 0.168 0.295
-0.206 -0.290 0.240
0.457 0.889 -0.028
