410
1.478 0.218 -0.783
0.781 -0.098 -1.426
-0.207 0.948 -0.241
1.167 0.199 -1.011
0.279 -0.003 -1.424
-0.161 0.978 -0.133
0.311 0.117 -1.410
-0.422 -0.267 -0.849
-0.346 0.921 0.178
-1.045 0.096 -1.382
-1.298 -0.311 -0.505
-0.109 0.913 0.392
-1.327 0.289 -0.829
-1.422 0.123 0.152
0.015 0.986 0.167
-1.735 0.193 0.159
-1.343 -0.288 0.943
0.276 0.875 0.398
-1.352 0.234 0.667
-0.526 -0.322 0.762
0.560 0.827 -0.035
-0.114 0.348 1.484
0.492 -0.302 1.025
0.389 0.745 -0.542
1.341 0.362 1.298
0.875 -0.295 0.705
-0.380 0.754 -0.536
1.548 0.184 -0.396
0.825 -0.178 -0.985
-0.246 0.931 -0.270
1.274 0.159 -0.896
0.631 -0.249 -1.544
-0.286 0.913 -0.291
0.592 0.160 -1.253
-0.364 -0.116 -1.154
-0.280 0.959 -0.031
0.411 0.199 -0.971
-0.357 -0.002 -0.362
-0.196 0.978 0.075
