28
-0.781 0.113 0.218
-0.084 -0.291 -0.374
0.308 0.915 -0.262
-1.690 0.199 -1.160
-0.966 -0.389 -0.799
0.526 0.809 0.263
0.106 0.066 -1.562
0.838 -0.478 -1.151
0.475 0.839 0.266
-0.543 0.351 -1.561
0.088 -0.310 -1.154
0.556 0.750 0.358
-1.522 -0.017 -0.148
-0.624 -0.427 -0.310
0.404 0.912 -0.073
2.358 0.277 -0.335
1.577 -0.328 -0.492
-0.593 0.796 -0.119
2.534 0.281 -0.600
1.873 -0.359 -0.991
-0.551 0.768 -0.326
1.740 0.353 -2.698
1.445 -0.227 -1.938
-0.210 0.815 0.540
-1.594 0.346 -0.770
-0.677 -0.008 -0.584
0.347 0.935 0.070
-1.456 0.355 0.867
-1.194 -0.196 0.074
0.173 0.835 -0.523
-0.845 0.323 -0.643
0.035 -0.130 -0.501
0.448 0.891 0.072
2.332 0.032 -2.540
2.206 -0.378 -1.637
-0.057 0.912 0.406
-0.802 0.196 -0.531
-0.085 -0.448 -0.267
0.605 0.765 0.222
1.894 0.247 -1.983
1.458 -0.308 -1.275
-0.291 0.832 0.473
-1.605 0.117 -0.115
-0.977 -0.322 -0.757
0.307 0.899 -0.314
-0.631 0.015 0.160
0.263 -0.432 0.117
0.446 0.895 -0.022
2.437 0.267 -0.855
1.706 -0.407 -0.966
-0.666 0.739 -0.101
1.565 0.342 0.271
1.419 -0.191 -0.563
-0.092 0.846 -0.525
-2.030 0.206 -0.343
-1.303 -0.440 -0.107
0.614 0.764 0.199
2.152 0.143 0.108
1.333 -0.154 -0.383
-0.254 0.955 -0.152
0.188 0.327 0.064
0.899 -0.009 -0.554
0.253 0.942 -0.220
-1.241 0.321 1.046
-0.377 0.101 0.594
0.195 0.976 -0.102
2.249 0.344 -0.943
1.313 -0.009 -0.960
-0.353 0.936 -0.007
0.866 0.129 -1.268
1.332 -0.516 -0.662
0.393 0.764 0.512
0.127 0.023 -0.099
0.580 -0.345 -0.911
0.180 0.930 -0.322
-0.930 -0.001 -0.375
-0.088 -0.183 -0.883
0.155 0.983 -0.094
2.278 0.261 -2.251
1.950 -0.055 -1.360
-0.109 0.949 0.296
2.032 0.337 -1.510
1.126 0.269 -1.093
-0.062 0.998 0.029
