16
-2.719 0.442 -3.285
-2.116 0.195 -2.526
0.153 0.969 0.193
-1.877 0.338 -4.197
-1.370 0.330 -3.335
0.004 1.000 0.007
-1.752 0.593 1.546
-0.774 0.381 1.538
0.212 0.977 -0.002
0.137 0.474 -3.563
-0.295 0.442 -2.662
-0.014 0.999 0.029
1.566 0.476 -3.688
1.369 0.234 -2.738
-0.049 0.970 0.237
0.164 0.423 -3.241
-0.317 0.150 -2.409
-0.137 0.962 0.237
-2.339 0.459 -1.291
-1.492 0.026 -0.980
0.406 0.901 0.149
-1.346 0.310 -4.087
-1.506 0.054 -3.134
-0.042 0.967 0.252
-0.735 0.401 1.656
-0.304 0.128 0.796
0.122 0.962 -0.244
1.557 0.236 -3.806
1.140 -0.168 -2.991
-0.184 0.915 0.360
0.567 0.380 -3.235
0.119 -0.100 -2.481
-0.245 0.877 0.413
-1.303 0.479 0.078
-0.323 0.398 -0.100
0.080 0.997 -0.015
1.219 0.205 -1.845
0.462 -0.135 -1.287
-0.274 0.940 0.202
0.858 0.250 -1.818
0.412 -0.255 -1.079
-0.261 0.863 0.433
-1.352 0.505 -4.168
-0.723 0.220 -3.445
0.187 0.959 0.215
0.701 0.491 1.635
0.397 0.007 0.814
-0.168 0.875 -0.454
