541
-0.067 0.136 1.241
0.760 -0.274 0.856
0.383 0.912 -0.149
-0.387 0.348 1.298
0.454 0.400 0.760
-0.025 0.998 0.058
-0.426 0.110 1.395
0.336 -0.340 0.931
0.402 0.892 -0.206
-0.597 0.357 1.181
0.342 0.280 1.517
0.078 0.997 0.008
-0.459 0.082 1.107
0.150 -0.419 1.722
0.358 0.866 0.349
-0.803 0.143 1.393
-0.236 -0.343 2.057
0.295 0.873 0.387
-1.118 0.215 1.330
-0.660 -0.226 2.102
0.238 0.897 0.372
-1.889 0.201 1.260
-1.296 -0.173 1.972
0.269 0.927 0.263
-2.297 0.116 1.154
-1.566 -0.471 1.499
0.560 0.807 0.186
-2.616 0.159 0.931
-1.920 -0.238 0.333
0.322 0.918 -0.233
-2.313 0.160 0.448
-1.773 -0.234 -0.296
0.237 0.919 -0.315
-1.949 0.224 0.089
-1.361 -0.151 -0.629
0.235 0.927 -0.291
-1.448 0.273 -0.358
-0.503 -0.053 -0.379
0.327 0.945 0.022
-1.439 0.251 -0.493
-0.584 -0.107 -0.116
0.329 0.934 0.141
-0.131 0.275 -0.053
0.646 -0.023 0.501
0.237 0.955 0.181
-0.296 0.243 -0.096
0.316 -0.093 0.620
0.259 0.941 0.220
-0.672 0.123 -0.510
-0.004 -0.463 -0.053
0.498 0.810 0.310
