497
0.186 0.034 0.330
0.138 -0.343 1.254
0.017 0.925 0.379
0.009 -0.074 0.403
-0.005 -0.724 1.164
-0.021 0.761 0.649
-0.316 0.114 0.554
-0.728 -0.181 1.417
-0.092 0.955 0.282
-0.458 -0.007 0.514
-1.124 -0.564 1.009
-0.429 0.830 0.356
-0.351 0.171 0.328
-1.334 -0.003 0.262
-0.175 0.984 0.014
-0.359 0.127 -0.016
-1.116 -0.165 -0.601
-0.252 0.956 -0.151
-0.141 -0.105 0.067
-0.287 -0.846 -0.590
-0.140 0.672 -0.727
0.009 -0.003 0.220
0.240 -0.519 -0.605
0.136 0.857 -0.498
0.154 0.131 0.221
1.003 -0.135 -0.236
0.211 0.963 -0.168
0.230 -0.001 0.503
0.981 -0.575 0.832
0.518 0.819 0.247
0.072 -0.103 0.466
0.142 -0.780 1.199
0.110 0.736 0.668
-0.419 -0.087 0.709
-0.725 -0.663 1.468
-0.085 0.810 0.580
-0.764 -0.137 0.814
-0.991 -0.880 1.444
-0.174 0.667 0.724
-0.084 0.102 0.243
-0.967 -0.317 0.030
-0.426 0.905 -0.013
0.177 -0.145 0.133
0.016 -0.938 -0.455
-0.265 0.608 -0.748
