9
1.808 -0.915 -0.761
0.950 -1.365 -0.512
-0.432 0.893 0.125
0.435 -0.826 -0.727
-0.008 -1.202 0.088
-0.179 0.927 0.330
-1.782 -0.887 0.728
-0.915 -1.211 0.350
0.297 0.946 -0.129
0.436 -0.699 0.071
-0.136 -0.005 0.508
0.552 0.719 -0.422
2.033 -0.991 -0.026
1.386 -1.472 0.566
-0.354 0.877 0.324
-2.027 -1.031 0.731
-1.045 -1.217 0.698
0.186 0.983 -0.006
1.408 -0.677 -0.780
0.673 -0.317 -0.205
0.284 0.933 -0.222
-1.853 -0.930 -0.868
-0.967 -0.571 -0.574
-0.341 0.933 -0.113
1.114 -0.828 0.805
0.134 -0.992 0.915
-0.163 0.986 0.018
