27
-2.633 0.293 -0.440
-1.651 0.285 -0.626
0.008 1.000 -0.001
-1.344 0.559 0.181
-0.717 0.654 -0.593
-0.060 0.995 0.074
-0.301 0.319 -1.898
0.576 0.105 -1.466
0.191 0.977 0.094
-1.568 0.326 -1.069
-0.591 0.193 -0.904
0.130 0.991 0.022
0.084 0.228 1.844
0.053 0.415 0.862
0.006 0.982 0.187
-1.818 0.585 -0.376
-1.036 0.275 -0.916
0.255 0.951 -0.176
2.281 0.431 0.618
1.726 0.564 -0.203
0.075 0.991 0.110
1.235 0.414 2.665
1.239 0.438 1.665
-0.000 1.000 0.024
1.811 0.577 1.150
1.207 0.659 0.357
0.049 0.997 0.065
0.021 0.506 1.935
-0.008 0.301 0.957
-0.006 0.979 -0.206
1.448 0.244 1.759
1.110 0.490 0.851
0.086 0.969 0.231
1.129 0.567 2.819
1.254 0.528 1.828
0.005 0.999 -0.038
0.302 0.476 1.800
0.074 0.578 0.831
0.023 0.995 0.100
0.327 0.423 1.493
0.008 0.385 0.546
-0.012 0.999 -0.036
-2.059 0.433 0.320
-1.189 0.015 0.058
0.401 0.908 -0.121
-0.359 0.211 1.242
0.427 -0.162 0.749
0.315 0.928 -0.198
0.323 0.600 2.690
-0.108 0.079 1.953
-0.264 0.853 -0.450
-1.992 0.252 -0.125
-1.030 -0.012 -0.063
0.264 0.964 0.017
-1.095 0.304 1.063
-0.197 -0.007 0.752
0.294 0.950 -0.102
0.179 0.490 -1.991
-0.409 -0.048 -1.386
-0.375 0.843 0.385
1.878 0.431 -0.722
0.946 0.155 -0.489
-0.268 0.961 0.067
0.871 0.571 1.949
1.479 0.672 1.161
-0.062 0.995 0.080
-2.707 0.259 0.724
-1.753 -0.038 0.751
0.296 0.955 0.008
1.547 0.552 -0.271
1.227 0.033 0.521
-0.195 0.854 0.482
3.049 0.213 0.072
2.326 -0.065 0.704
-0.209 0.961 0.183
-2.055 0.552 -0.548
-1.157 0.143 -0.385
0.402 0.913 0.073
-2.102 0.238 0.289
-1.285 0.014 0.819
0.188 0.974 0.122
