15
0.645 0.301 0.706
1.159 -0.383 0.189
0.482 0.729 -0.486
1.089 0.529 -0.206
1.364 -0.276 0.320
0.373 0.593 0.713
1.288 0.391 0.613
1.856 -0.313 0.186
0.563 0.711 -0.422
1.355 0.370 -0.407
1.793 -0.374 0.097
0.488 0.668 0.562
0.556 0.564 -0.380
0.868 -0.192 0.195
0.361 0.655 0.664
0.576 0.416 0.211
1.257 -0.193 -0.197
0.522 0.794 -0.313
0.090 0.473 -0.124
0.805 -0.044 0.347
0.432 0.856 0.284
0.614 0.494 -0.274
1.288 -0.186 -0.562
0.626 0.733 -0.267
1.460 0.473 -0.741
1.096 -0.072 0.014
-0.237 0.838 0.491
1.605 0.632 0.248
0.950 -0.117 0.145
-0.740 0.663 -0.116
1.088 0.571 -0.216
0.860 -0.176 0.409
-0.256 0.665 0.702
0.215 0.559 0.434
0.980 0.186 -0.091
0.308 0.928 -0.211
0.088 0.255 -0.137
1.026 0.057 0.146
0.190 0.980 0.057
1.169 0.294 -0.702
0.680 -0.211 0.008
-0.286 0.863 0.416
1.426 0.281 -0.737
0.699 -0.235 -0.284
-0.438 0.857 0.273
