9
-1.786 0.550 -1.009
-1.543 -0.041 -0.239
0.177 0.807 0.563
-0.740 0.214 0.172
-1.323 0.204 -0.640
-0.006 1.000 -0.008
1.269 0.281 2.024
0.571 0.120 1.325
-0.114 0.987 -0.114
-1.794 0.503 -1.062
-1.347 -0.119 -0.419
0.355 0.783 0.511
1.262 0.390 -1.856
0.278 0.501 -1.715
0.110 0.994 -0.016
1.299 0.449 2.258
0.896 -0.085 1.514
-0.254 0.846 -0.469
1.145 0.189 0.748
0.495 -0.385 1.246
-0.456 0.818 0.349
-1.049 0.332 2.146
-0.911 0.121 1.179
0.030 0.978 -0.208
1.181 0.532 1.016
0.656 -0.192 1.465
-0.549 0.691 0.471
