28
-0.196 0.067 -0.117
-0.978 -0.313 -0.611
-0.274 0.922 -0.275
-0.531 0.033 -0.126
-1.261 -0.382 -0.668
-0.293 0.908 -0.300
-0.368 0.268 -0.141
-0.967 0.290 -0.941
0.085 0.996 -0.037
-0.261 0.268 -0.218
-1.241 0.350 -0.404
0.087 0.996 -0.020
-0.350 0.101 -0.287
-1.312 -0.015 -0.040
-0.129 0.991 -0.041
-0.126 0.109 -0.143
-0.889 -0.064 0.481
-0.172 0.983 0.063
-0.220 0.014 -0.293
-0.975 -0.502 0.110
-0.449 0.856 0.254
-0.284 0.124 -0.501
-0.908 -0.083 0.252
-0.135 0.978 0.157
-0.351 0.174 -0.367
-0.735 0.191 0.557
-0.005 1.000 -0.020
-0.590 0.131 -0.175
-0.535 0.006 0.816
0.055 0.991 0.122
-0.406 0.037 -0.051
-0.162 -0.234 0.881
0.101 0.962 0.254
-0.268 -0.001 -0.171
0.245 -0.418 0.580
0.350 0.900 0.261
-0.876 0.087 0.251
0.013 -0.223 0.587
0.308 0.950 0.061
-0.262 0.114 0.945
0.622 -0.190 0.589
0.259 0.951 -0.171
-0.016 0.063 1.223
0.638 -0.402 0.628
0.263 0.879 -0.398
0.019 0.127 1.164
0.492 -0.349 0.424
0.198 0.877 -0.438
-0.160 0.113 1.067
0.265 -0.313 0.269
0.159 0.904 -0.398
-0.732 0.067 0.543
0.125 -0.395 0.316
0.412 0.880 -0.237
-0.492 0.126 0.673
-0.339 -0.288 -0.224
0.075 0.910 -0.407
-0.643 0.106 0.716
-0.897 -0.291 -0.166
-0.090 0.918 -0.387
-0.950 0.214 0.496
-1.222 0.013 -0.445
0.049 0.974 -0.222
-1.155 -0.030 0.475
-1.178 -0.755 -0.214
0.049 0.688 -0.724
-1.369 -0.021 0.302
-0.956 -0.786 -0.191
0.500 0.643 -0.580
-1.294 0.055 0.397
-0.547 -0.538 0.097
0.547 0.805 -0.229
-1.362 0.029 0.294
-0.556 -0.550 0.175
0.547 0.807 -0.222
-0.830 0.050 -0.393
0.021 -0.400 -0.123
0.453 0.890 0.054
-0.221 -0.052 -0.697
-0.102 -0.661 0.087
0.138 0.792 0.595
-0.382 -0.066 -0.718
-0.824 -0.693 -0.076
-0.345 0.779 0.523
-0.419 -0.025 -0.560
-1.278 -0.531 -0.643
-0.492 0.859 -0.141
