10
-2.003 0.387 -0.282
-1.109 0.466 0.159
-0.072 0.997 -0.035
2.177 0.565 0.718
1.904 0.422 1.669
-0.040 0.990 0.138
2.190 0.572 0.624
1.211 0.511 0.820
-0.060 0.998 0.012
-1.008 0.453 0.316
-0.178 -0.077 0.141
0.519 0.848 -0.109
0.855 0.316 0.764
-0.024 -0.158 0.818
-0.473 0.881 0.029
-1.365 0.375 -0.182
-0.646 0.343 0.513
0.023 0.999 0.023
-2.337 0.584 0.404
-1.533 0.063 0.116
0.491 0.854 -0.175
0.993 0.607 1.091
0.076 0.245 1.260
-0.356 0.932 0.066
1.537 0.400 1.174
0.645 0.014 1.408
-0.373 0.923 0.098
-2.276 0.499 -0.040
-1.536 -0.125 -0.293
0.590 0.782 -0.202
