10
0.518 0.379 -3.278
1.143 0.062 -2.565
0.120 0.942 0.315
1.521 0.411 -2.074
1.715 0.012 -1.178
-0.013 0.912 0.409
0.638 0.272 0.004
1.409 -0.176 0.456
0.350 0.891 0.288
-0.113 0.170 1.675
0.733 -0.328 1.862
0.475 0.866 0.154
0.021 0.328 1.579
0.671 0.068 0.865
0.157 0.965 -0.209
0.904 -0.643 0.439
0.640 -0.984 -0.463
-0.112 0.940 -0.322
1.061 0.229 -1.247
0.182 -0.183 -1.489
-0.398 0.911 -0.104
-0.616 0.304 -3.297
-1.349 -0.001 -2.688
-0.155 0.945 0.288
-0.840 0.219 -2.636
-1.357 -0.212 -1.897
-0.220 0.902 0.371
-0.927 0.332 -0.121
-1.579 0.011 0.566
-0.261 0.946 0.195
-1.023 0.383 1.694
-1.409 0.158 0.799
-0.026 0.972 -0.233
