965
-0.162 0.243 1.019
-1.112 -0.047 0.905
-0.293 0.956 0.007
-0.295 0.159 -0.189
-1.132 -0.331 0.052
-0.487 0.870 0.076
-0.280 0.365 0.947
-1.258 0.201 1.074
-0.160 0.986 0.043
-0.429 0.163 1.180
-1.187 -0.346 1.587
-0.456 0.861 0.225
-0.271 0.284 1.003
-0.825 -0.021 1.777
-0.178 0.952 0.247
0.252 0.153 1.958
-0.467 -0.336 2.452
-0.368 0.871 0.327
-0.180 0.132 1.194
-0.319 -0.358 2.055
-0.059 0.871 0.487
-1.144 0.317 1.454
-0.375 0.122 2.064
0.145 0.981 0.130
-1.317 0.165 1.935
-0.483 -0.245 2.306
0.357 0.912 0.204
-0.715 0.351 0.923
0.213 0.222 1.271
0.134 0.991 0.008
0.517 0.141 0.147
0.986 -0.426 0.824
0.351 0.823 0.446
0.252 0.255 0.251
1.135 -0.117 0.534
0.354 0.928 0.116
1.010 0.142 0.100
1.845 -0.324 -0.192
0.433 0.885 -0.172
1.509 0.205 0.036
1.394 -0.220 -0.862
-0.047 0.905 -0.422
1.745 0.182 -0.024
1.413 -0.293 -0.839
-0.217 0.879 -0.424
0.077 0.122 0.601
0.306 -0.305 -0.274
0.085 0.904 -0.420
-0.835 0.220 0.296
-0.281 0.107 -0.530
0.064 0.994 -0.093
-0.618 0.115 0.322
-0.598 -0.278 -0.597
-0.008 0.919 -0.394
0.004 0.113 0.120
-0.690 -0.398 -0.387
-0.457 0.857 -0.239
-0.011 0.303 0.628
-0.976 0.044 0.592
-0.260 0.966 -0.004
