19
-1.177 0.024 -1.320
-0.401 0.001 -0.689
0.018 1.000 0.015
-2.317 0.266 -0.936
-1.534 0.097 -0.337
0.134 0.986 0.103
-2.389 0.091 0.091
-1.411 -0.117 0.086
0.208 0.978 -0.001
-2.790 0.098 -0.561
-1.824 -0.121 -0.424
0.217 0.976 0.031
-1.757 0.067 -1.670
-0.892 -0.197 -1.242
0.237 0.964 0.117
-1.845 0.184 -1.723
-1.169 0.361 -1.008
-0.121 0.984 -0.128
-2.070 0.152 0.285
-1.125 -0.067 0.039
0.212 0.976 -0.055
1.441 0.117 1.633
0.845 -0.389 1.009
-0.350 0.862 -0.366
-1.453 0.276 -1.903
-1.127 -0.234 -1.107
0.193 0.860 0.472
-1.070 0.070 -2.326
-0.482 -0.336 -1.628
0.262 0.914 0.311
-0.932 0.096 -0.073
0.056 0.231 -0.002
-0.134 0.991 -0.010
0.232 -0.053 -1.144
0.306 -0.495 -0.250
0.036 0.897 0.441
-1.171 0.028 -2.387
-0.346 0.132 -1.831
-0.086 0.995 -0.058
-1.949 0.198 0.357
-1.091 0.321 0.856
-0.106 0.992 -0.062
-0.680 0.193 -1.408
-0.657 -0.130 -0.462
0.008 0.946 0.323
2.172 0.167 0.969
1.357 -0.410 1.016
-0.576 0.817 0.033
0.812 -0.081 1.225
0.404 -0.613 0.483
-0.256 0.846 -0.467
2.247 0.171 -0.031
1.286 -0.062 -0.179
-0.230 0.972 -0.035
2.577 0.075 0.296
1.711 -0.247 0.678
-0.294 0.947 0.130
