9
-0.019 0.315 -0.288
-0.847 -0.245 -0.305
-0.561 0.828 -0.011
-0.591 0.363 0.256
-1.212 -0.040 -0.417
-0.273 0.915 -0.296
0.623 0.454 -0.629
-0.224 0.069 -0.993
-0.354 0.923 -0.152
0.544 0.297 -0.560
-0.324 -0.105 -0.270
-0.381 0.916 0.127
-1.270 0.351 1.014
-1.322 -0.202 0.183
-0.034 0.833 -0.552
-0.241 0.428 -0.368
-1.039 0.035 0.090
-0.341 0.920 0.195
0.716 0.538 -0.889
-0.044 -0.067 -1.128
-0.577 0.797 -0.181
-0.366 0.555 -0.413
-1.227 0.251 -0.821
-0.275 0.953 -0.130
-0.733 0.438 1.583
-1.062 -0.181 0.870
-0.260 0.785 -0.563
