344
-1.723 0.065 1.303
-0.918 -0.262 0.809
0.267 0.945 -0.190
-0.901 0.204 1.213
0.009 -0.122 0.957
0.303 0.945 -0.128
0.755 0.196 1.010
1.062 -0.151 0.123
0.117 0.938 -0.326
1.696 0.114 0.122
1.174 -0.420 -0.543
-0.370 0.844 -0.388
1.602 0.223 -0.742
0.660 -0.108 -0.793
-0.333 0.942 0.046
1.551 0.194 -0.831
0.641 -0.215 -0.901
-0.410 0.912 -0.005
0.971 0.255 -1.515
0.186 -0.002 -0.953
-0.196 0.966 0.168
1.093 0.228 -1.629
0.763 -0.151 -0.764
-0.143 0.925 0.351
-0.291 0.188 -1.358
-0.850 -0.235 -0.644
-0.220 0.905 0.364
-1.393 0.190 -1.000
-1.330 -0.249 -0.104
0.110 0.895 0.431
-1.320 0.241 -0.082
-0.394 -0.058 0.148
0.288 0.954 0.078
