12
1.596 0.378 1.009
0.636 0.254 1.260
-0.120 0.992 0.031
2.223 0.363 -0.150
1.352 0.003 -0.485
-0.336 0.933 -0.129
2.058 0.214 -0.594
1.144 -0.105 -0.846
-0.307 0.948 -0.085
1.194 0.139 -1.815
0.739 0.281 -0.936
0.066 0.990 -0.127
-1.117 0.308 0.308
-0.412 -0.049 -0.304
0.269 0.934 -0.234
-0.510 0.046 0.564
-0.094 -0.214 -0.308
0.112 0.966 -0.234
-0.621 0.192 1.634
0.279 0.067 1.217
0.113 0.992 -0.052
-0.702 0.091 1.658
-0.234 -0.371 0.905
0.243 0.887 -0.392
0.930 0.293 -1.739
0.036 -0.149 -1.671
-0.441 0.897 0.033
-1.944 0.307 -0.236
-1.155 -0.059 0.258
0.310 0.931 0.194
1.878 0.207 -0.542
1.030 -0.303 -0.394
-0.502 0.861 0.088
2.151 0.418 -0.401
1.732 -0.184 -1.080
-0.316 0.798 -0.512
