426
1.208 0.333 0.290
0.402 -0.233 0.120
-0.558 0.824 -0.099
1.034 0.520 0.425
0.624 0.321 -0.465
-0.068 0.980 -0.188
0.935 0.323 0.432
0.976 -0.253 -0.384
0.068 0.817 -0.573
0.819 0.254 0.207
1.387 -0.502 -0.117
0.689 0.653 -0.316
1.218 0.338 0.071
1.670 -0.306 0.688
0.456 0.761 0.460
1.433 0.415 -0.039
1.064 0.028 0.806
-0.168 0.922 0.349
1.335 0.325 0.218
0.555 -0.292 0.321
-0.618 0.786 0.026
1.078 0.267 0.193
0.495 -0.308 -0.380
-0.386 0.817 -0.427
0.913 0.283 0.375
1.280 -0.369 -0.288
0.376 0.756 -0.536
0.975 0.261 0.225
1.666 -0.461 0.269
0.714 0.691 0.116
1.242 0.248 -0.001
1.707 -0.499 0.474
0.513 0.665 0.543
1.266 0.388 0.093
0.842 -0.127 0.838
-0.357 0.851 0.385
1.223 0.429 0.147
0.366 0.017 0.454
-0.429 0.903 0.014
