25
-0.195 0.446 1.051
0.095 -0.368 0.547
0.407 0.581 -0.705
0.282 0.137 1.433
0.101 -0.491 0.676
-0.146 0.779 -0.610
1.636 0.433 -0.443
0.836 -0.110 -0.187
-0.517 0.840 0.166
-1.400 0.137 1.614
-0.950 -0.368 0.877
0.263 0.863 -0.431
0.562 0.272 2.323
0.054 -0.207 1.606
-0.277 0.878 -0.391
-1.102 0.332 1.809
-0.818 -0.339 1.124
0.257 0.741 -0.620
1.330 0.240 -0.608
0.493 -0.211 -0.297
-0.423 0.893 0.157
-2.002 0.315 0.419
-1.124 -0.136 0.262
0.444 0.892 -0.080
-2.032 0.473 1.015
-1.222 -0.071 0.798
0.526 0.839 -0.141
-0.182 0.389 1.459
0.434 -0.200 0.935
0.448 0.808 -0.382
-0.157 0.463 1.409
-0.202 -0.168 0.634
-0.037 0.776 -0.630
-0.977 0.438 0.900
-0.182 -0.151 0.758
0.580 0.808 -0.104
-1.270 0.128 1.456
-0.428 -0.303 1.132
0.402 0.902 -0.155
-1.557 0.336 0.564
-0.742 -0.199 0.788
0.516 0.845 0.141
-1.007 0.363 1.870
-1.287 -0.250 1.131
-0.217 0.790 -0.574
0.534 0.437 1.431
0.703 -0.168 0.653
0.128 0.796 -0.591
0.018 0.431 0.831
-0.796 -0.126 0.669
-0.547 0.830 -0.109
0.451 0.474 1.598
0.719 -0.185 0.896
0.235 0.752 -0.616
1.342 0.279 -1.210
0.518 0.052 -0.692
-0.193 0.974 0.121
-1.407 0.454 -0.075
-0.628 -0.170 -0.011
0.622 0.782 0.051
0.480 0.415 -0.948
0.158 0.055 -0.073
-0.124 0.933 0.338
-0.519 0.219 0.439
0.136 -0.466 0.759
0.615 0.729 0.301
-0.660 0.140 0.596
0.188 -0.388 0.646
0.527 0.849 0.031
0.170 0.219 0.201
-0.519 -0.503 0.274
-0.718 0.692 0.076
-1.957 0.389 1.058
-1.204 -0.218 1.314
0.575 0.795 0.195
