16
-0.473 0.336 -0.351
0.189 -0.333 -0.015
0.597 0.743 0.303
-0.613 0.506 0.893
-0.080 -0.141 0.347
0.451 0.763 -0.462
-0.747 0.303 -0.169
0.080 -0.203 -0.416
0.484 0.863 -0.145
-0.563 0.350 0.893
0.251 0.014 0.417
0.290 0.942 -0.169
-0.183 0.518 0.363
0.310 -0.138 -0.208
0.429 0.755 -0.497
0.305 0.500 0.385
0.497 -0.239 -0.261
0.210 0.674 -0.708
0.229 0.241 -0.167
0.832 -0.292 0.427
0.380 0.846 0.374
0.058 0.593 0.143
0.732 -0.082 0.444
0.616 0.738 0.275
0.585 0.449 0.303
0.534 -0.460 0.716
-0.112 0.416 0.902
-0.329 0.551 -0.160
0.342 -0.108 -0.498
0.589 0.752 -0.296
0.583 0.282 0.146
0.161 -0.545 0.518
-0.620 0.563 0.547
0.945 0.341 -0.113
0.597 -0.463 -0.595
-0.471 0.594 -0.652
-0.220 0.575 0.481
0.324 0.079 -0.196
0.311 0.868 -0.387
0.304 0.406 -0.227
0.715 -0.392 -0.667
0.545 0.603 -0.583
0.328 0.456 -0.965
-0.031 -0.104 -0.219
-0.243 0.828 0.505
-0.735 0.211 -0.156
0.242 0.292 -0.353
-0.080 0.997 0.016
