21
-0.660 0.508 0.061
-0.034 0.273 -0.683
0.151 0.972 -0.180
0.396 0.305 0.374
0.686 0.232 -0.580
0.021 0.997 -0.070
-0.153 0.216 0.950
-0.259 -0.147 0.025
-0.041 0.932 -0.361
-0.118 0.241 1.065
-0.370 -0.135 0.173
-0.103 0.926 -0.362
0.531 0.380 1.024
0.160 -0.167 0.273
-0.242 0.838 -0.490
0.678 0.397 0.841
-0.003 -0.212 0.434
-0.522 0.793 -0.313
1.504 0.300 1.238
0.635 -0.182 1.122
-0.477 0.876 -0.064
-0.147 0.185 -1.550
-0.769 -0.402 -1.032
-0.451 0.810 0.375
0.176 0.456 -0.990
-0.381 0.054 -0.264
-0.245 0.915 0.319
1.495 0.318 1.241
0.527 0.071 1.194
-0.246 0.969 -0.012
-1.420 0.433 -0.642
-0.893 -0.196 -0.069
0.425 0.778 0.462
0.596 0.336 0.203
-0.062 -0.367 0.471
-0.652 0.711 0.265
0.961 0.412 0.085
0.326 -0.263 0.460
-0.582 0.738 0.343
-0.208 0.491 1.243
0.140 0.098 0.392
0.149 0.919 -0.364
-0.203 0.407 -0.989
-0.175 -0.042 -0.096
0.014 0.894 0.448
1.123 0.288 0.797
0.377 -0.177 0.320
-0.392 0.885 -0.251
1.606 0.190 0.217
1.450 0.031 -0.758
-0.025 0.987 -0.157
0.990 0.238 0.364
0.906 -0.091 -0.577
-0.029 0.945 -0.327
0.353 0.211 -1.712
0.057 -0.377 -0.959
-0.215 0.808 0.548
0.758 0.483 -2.159
0.411 -0.120 -1.441
-0.262 0.798 0.543
0.442 0.306 -1.042
0.163 -0.377 -0.367
-0.260 0.731 0.631
