14
1.882 0.297 1.497
0.982 0.193 1.073
-0.094 0.995 -0.044
2.450 0.450 -1.637
1.558 0.425 -1.186
-0.023 1.000 0.012
2.844 0.427 1.649
1.924 0.078 1.468
-0.342 0.937 -0.067
-2.706 0.526 -2.541
-2.120 0.036 -1.896
0.330 0.872 0.363
0.630 0.514 -1.330
-0.145 0.468 -0.698
-0.036 0.999 0.029
2.690 0.294 -0.142
1.744 0.229 0.177
-0.062 0.998 0.021
-2.775 0.507 -2.123
-2.308 0.122 -1.327
0.195 0.923 0.332
2.867 0.154 1.839
2.110 -0.229 1.309
-0.313 0.924 -0.219
-2.628 0.162 -1.615
-1.982 -0.224 -0.956
0.270 0.923 0.275
2.755 0.498 -0.132
1.898 0.087 0.177
-0.387 0.912 0.139
-2.732 0.171 -2.383
-2.859 -0.369 -1.551
-0.082 0.842 0.533
2.419 0.525 -1.951
1.478 0.185 -1.961
-0.340 0.941 -0.004
2.335 0.243 -0.949
1.592 -0.225 -0.469
-0.393 0.884 0.254
0.618 0.227 -1.262
0.864 -0.217 -0.401
0.122 0.896 0.427
