9
-0.695 0.526 -2.455
-0.164 -0.074 -1.858
0.399 0.800 0.448
0.405 0.390 -2.341
1.017 -0.035 -1.674
0.287 0.905 0.313
-0.810 0.520 1.176
-0.164 -0.184 0.880
0.639 0.711 -0.293
2.055 0.198 -1.740
1.487 -0.272 -1.064
-0.302 0.883 0.360
-0.415 0.396 -2.426
-0.087 -0.083 -1.612
0.179 0.878 0.444
0.441 0.504 -2.055
0.494 -0.178 -1.325
0.049 0.731 0.680
0.438 0.252 -2.035
0.336 -0.225 -1.162
-0.056 0.879 0.474
0.375 0.182 -1.588
0.643 -0.434 -0.848
0.210 0.788 0.579
-0.703 0.495 -0.634
0.208 0.181 -0.903
0.302 0.949 -0.089
