9
-0.043 0.182 -1.410
0.575 -0.560 -1.671
0.680 0.670 -0.298
-0.096 0.419 -1.162
0.788 0.298 -1.613
0.113 0.993 -0.044
-0.028 0.255 -1.092
0.810 -0.212 -0.812
0.435 0.883 0.174
0.098 0.244 -0.404
0.490 -0.252 0.371
0.214 0.868 0.448
-0.173 0.180 -0.326
-0.529 -0.397 0.409
-0.265 0.817 0.512
0.311 0.151 0.832
-0.486 -0.387 1.106
-0.500 0.842 0.202
0.383 0.165 0.526
0.322 -0.318 -0.348
-0.040 0.876 -0.481
-0.219 0.375 -0.369
0.341 0.151 -1.166
0.201 0.971 -0.131
-0.193 0.361 0.021
0.771 0.217 -0.201
0.144 0.989 -0.016
-0.277 0.238 -0.026
0.485 -0.214 -0.489
0.404 0.892 -0.204
