284
0.780 0.168 2.160
0.011 -0.340 1.770
-0.439 0.861 -0.256
0.732 0.229 2.061
-0.011 -0.185 1.535
-0.312 0.909 -0.276
0.551 0.315 1.649
0.284 0.159 0.698
-0.027 0.988 -0.154
0.323 0.210 0.771
0.508 0.046 -0.198
-0.010 0.985 -0.170
-0.538 0.195 -0.626
0.304 0.044 -1.144
0.150 0.988 -0.045
-0.878 0.067 -1.328
-0.107 -0.355 -0.850
0.363 0.907 0.213
-0.345 0.153 -1.299
-0.184 -0.077 -0.339
0.062 0.973 0.224
0.237 0.120 -0.197
-0.266 -0.325 0.544
-0.140 0.888 0.439
1.011 0.225 1.171
0.087 -0.117 0.996
-0.336 0.940 -0.063
