12
1.396 0.308 -0.722
0.475 0.176 -0.356
-0.123 0.991 0.049
2.011 0.354 -0.652
1.028 0.203 -0.552
-0.150 0.989 0.015
1.349 0.225 -0.698
0.665 0.082 0.018
-0.099 0.990 0.103
0.343 0.507 -1.789
-0.132 0.692 -0.929
0.090 0.983 -0.162
0.508 0.220 -0.718
-0.000 -0.081 0.089
-0.160 0.954 0.254
1.700 0.325 -0.880
1.100 0.112 -0.109
-0.131 0.977 0.168
1.047 0.253 0.597
0.134 0.452 0.243
0.185 0.980 0.072
1.197 0.226 0.884
0.390 -0.202 0.478
-0.382 0.904 -0.193
-1.257 0.272 2.101
-0.536 0.310 1.409
-0.027 0.999 0.026
0.883 0.325 0.282
-0.010 0.414 -0.159
0.080 0.996 0.039
-2.668 0.446 -0.393
-1.669 0.487 -0.404
-0.041 0.999 0.000
2.068 0.529 -0.542
1.226 0.039 -0.768
-0.473 0.872 -0.127
