410
-0.721 0.136 0.617
-1.432 -0.341 0.099
-0.401 0.879 -0.258
-0.678 0.037 0.562
-1.385 -0.506 0.108
-0.434 0.839 -0.327
-1.160 0.141 0.601
-1.241 -0.309 -0.288
0.028 0.891 -0.453
-0.366 0.105 0.417
-0.127 -0.379 -0.425
0.206 0.873 -0.443
1.024 0.126 -0.131
0.405 -0.298 -0.792
-0.276 0.905 -0.323
0.257 0.178 -0.154
0.768 -0.216 -0.918
0.258 0.918 -0.302
0.087 0.393 -0.106
1.041 0.339 -0.399
0.069 0.997 0.043
-0.128 0.190 -0.661
0.710 -0.262 -0.354
0.415 0.892 0.180
0.294 0.113 -0.420
0.485 -0.411 0.410
0.167 0.851 0.498
0.859 0.188 0.024
0.227 -0.205 0.692
-0.277 0.920 0.279
-0.233 0.376 0.519
-0.673 0.301 1.414
-0.044 0.997 0.062
0.008 0.056 0.878
-0.816 -0.496 0.750
-0.559 0.829 0.022
-0.675 0.122 0.468
-1.443 -0.355 0.039
-0.412 0.879 -0.239
