12
2.362 0.310 2.158
1.634 0.374 1.477
0.047 0.998 0.044
-0.646 0.465 2.168
-0.346 0.190 1.255
0.086 0.961 -0.261
2.219 0.617 1.875
1.988 0.560 0.904
-0.013 0.998 -0.055
0.139 0.441 -0.772
0.996 0.295 -0.280
0.127 0.989 0.073
2.354 0.302 -0.333
1.810 0.175 0.496
-0.070 0.992 0.106
-0.651 0.467 1.593
-0.451 0.026 0.718
0.098 0.897 -0.430
1.409 0.424 0.728
0.623 0.434 0.110
0.008 1.000 0.006
0.785 0.376 1.859
0.319 0.186 0.995
-0.090 0.982 -0.167
1.947 0.320 0.726
1.030 0.031 0.451
-0.277 0.957 -0.083
2.021 0.482 -0.708
1.160 0.236 -1.155
-0.218 0.969 -0.113
2.359 0.223 -0.884
1.779 0.463 -0.106
0.144 0.971 -0.193
2.144 0.542 -0.709
1.282 0.125 -0.997
-0.395 0.909 -0.132
