13
2.942 0.340 0.760
2.167 -0.001 0.228
-0.281 0.940 -0.193
-0.028 0.164 2.132
0.169 -0.177 1.213
0.071 0.940 -0.333
2.958 0.333 0.803
2.397 -0.086 0.088
-0.258 0.908 -0.329
2.505 0.356 1.489
1.629 0.033 1.130
-0.299 0.946 -0.123
3.123 0.041 1.268
2.173 -0.136 1.013
-0.171 0.984 -0.046
0.335 0.193 -1.744
0.303 -0.348 -0.904
-0.021 0.841 0.540
1.174 0.098 -1.506
0.770 -0.466 -0.785
-0.275 0.826 0.492
2.844 0.333 1.381
1.927 0.194 1.007
-0.129 0.990 -0.052
1.833 0.055 -2.393
1.434 -0.494 -1.659
-0.262 0.836 0.482
1.345 0.283 1.130
0.683 -0.271 0.625
-0.441 0.832 -0.336
-1.271 0.146 1.513
-0.702 -0.103 0.729
0.146 0.969 -0.201
1.245 0.330 0.848
0.614 -0.239 0.321
-0.437 0.822 -0.365
-2.506 0.032 -1.513
-1.686 -0.424 -1.169
0.420 0.890 0.177
