14
-2.796 -0.315 -1.644
-2.016 -0.349 -2.268
0.027 0.999 -0.021
3.342 -0.156 1.525
2.660 -0.454 0.857
-0.213 0.955 -0.209
-2.005 0.032 2.029
-1.513 -0.111 1.170
0.071 0.990 -0.124
-0.540 -0.204 1.646
-1.099 -0.403 0.842
-0.114 0.980 -0.164
-2.056 -0.297 2.040
-1.608 -0.147 1.158
-0.068 0.989 0.134
-2.006 -0.104 2.029
-1.551 -0.295 1.159
0.089 0.982 -0.169
-0.445 -0.102 1.984
-0.716 0.027 1.030
0.035 0.992 0.124
1.351 -0.276 1.433
1.214 -0.245 0.443
0.004 1.000 0.031
1.534 -0.055 2.081
1.445 -0.406 1.149
-0.033 0.937 -0.349
3.124 -0.199 0.799
2.383 -0.120 0.133
0.059 0.997 0.053
3.312 -0.184 1.466
3.090 -0.737 0.663
-0.147 0.833 -0.533
-2.528 -0.009 -0.629
-1.529 -0.047 -0.647
0.039 0.999 -0.001
2.538 -0.052 -0.226
1.673 0.031 -0.721
0.072 0.997 0.041
2.700 -0.098 -3.242
2.333 -0.079 -2.312
0.007 1.000 -0.017
