40
-3.243 0.416 -3.390
-2.532 -0.049 -2.862
0.373 0.885 0.277
-0.648 0.163 3.040
-0.333 0.083 2.094
0.025 0.997 -0.076
-3.572 0.179 -2.694
-2.769 0.034 -2.117
0.117 0.990 0.084
-0.048 0.159 2.476
-0.549 -0.090 1.648
-0.129 0.968 -0.214
-0.642 0.332 3.055
-0.252 0.186 2.146
0.057 0.989 -0.134
-0.846 0.170 -3.649
-1.573 -0.426 -3.307
-0.540 0.803 0.254
-0.478 0.363 -2.961
-1.317 -0.042 -2.597
-0.371 0.915 0.161
-1.932 0.194 -2.629
-1.783 -0.316 -1.781
0.088 0.861 0.502
-0.742 0.044 -2.879
-1.169 -0.505 -2.161
-0.281 0.836 0.472
-0.701 0.101 -3.694
-0.868 -0.066 -2.722
-0.028 0.986 0.164
-3.191 0.276 -2.601
-2.432 -0.373 -2.553
0.648 0.761 0.041
-1.015 0.336 -2.794
-1.219 -0.251 -2.011
-0.148 0.809 0.568
-2.602 0.282 3.134
-1.827 0.129 2.520
0.119 0.988 -0.095
-0.675 0.166 -3.690
-0.774 -0.365 -2.849
-0.062 0.847 0.527
-2.423 0.201 -3.659
-1.813 -0.136 -2.942
0.219 0.941 0.257
1.981 0.350 1.361
1.276 -0.235 0.960
-0.508 0.811 -0.289
-1.969 0.382 -2.196
-1.260 0.296 -1.496
0.061 0.996 0.061
1.360 0.083 1.870
0.596 -0.338 1.381
-0.355 0.907 -0.227
0.812 0.380 2.565
0.023 0.249 1.964
-0.104 0.991 -0.079
-2.110 0.184 -3.153
-1.496 -0.198 -2.463
0.254 0.924 0.286
-2.954 0.136 -1.872
-2.157 -0.454 -1.750
0.583 0.807 0.090
-2.237 0.203 3.189
-2.116 0.184 2.196
0.002 1.000 -0.020
-1.878 0.075 -2.470
-1.346 -0.461 -1.814
0.337 0.845 0.416
1.448 0.292 2.093
0.861 -0.334 1.579
-0.471 0.780 -0.412
2.718 0.177 -1.001
1.903 0.093 -0.428
-0.069 0.996 0.048
-2.200 0.142 -0.508
-1.409 -0.467 -0.435
0.606 0.793 0.056
-1.772 0.110 -0.649
-0.860 -0.011 -0.257
0.112 0.993 0.048
0.051 0.243 2.724
-0.325 -0.305 1.976
-0.246 0.836 -0.490
0.682 0.436 2.240
0.411 -0.232 1.547
-0.244 0.744 -0.622
2.754 0.344 1.232
1.813 0.092 1.008
-0.244 0.968 -0.058
0.898 0.293 2.781
0.359 0.429 1.950
0.074 0.991 0.114
-1.689 0.440 0.130
-1.050 0.052 -0.535
0.268 0.922 -0.279
3.399 0.164 1.205
2.480 0.084 0.820
-0.074 0.997 -0.031
-2.296 0.142 3.040
-2.203 0.073 2.047
0.006 0.998 -0.069
-3.134 0.205 -2.620
-2.346 -0.361 -2.860
0.542 0.824 -0.165
2.068 0.310 1.577
1.859 -0.027 0.659
-0.075 0.941 -0.329
3.398 0.126 -0.436
3.166 -0.296 0.440
-0.108 0.906 0.409
-1.964 0.137 -1.391
-0.990 -0.049 -1.267
0.185 0.982 0.024
-0.735 0.155 -3.683
-1.548 -0.003 -3.123
-0.131 0.987 0.090
-2.031 0.268 0.243
-1.041 0.200 0.368
0.068 0.998 0.009
