17
-2.029 0.141 0.610
-1.324 -0.456 0.993
0.525 0.802 0.285
-2.173 0.143 0.274
-1.429 -0.071 0.907
0.163 0.977 0.139
-1.592 0.490 1.019
-1.784 -0.123 0.253
-0.149 0.790 -0.595
-1.736 0.495 -0.593
-0.941 -0.090 -0.751
0.573 0.811 -0.114
-1.613 0.213 -0.502
-0.703 -0.019 -0.160
0.217 0.973 0.082
0.792 0.353 0.390
0.153 -0.156 -0.187
-0.377 0.861 -0.341
-1.877 0.338 0.355
-0.961 -0.038 0.217
0.371 0.927 -0.056
0.613 0.308 -0.972
-0.260 -0.122 -0.743
-0.416 0.903 0.109
1.051 0.173 0.612
0.104 0.235 0.295
0.059 0.998 0.020
0.623 0.452 0.771
-0.109 -0.219 0.648
-0.661 0.742 -0.111
0.674 0.173 -0.121
-0.175 -0.246 0.200
-0.392 0.908 0.148
0.178 0.469 -0.810
-0.734 0.290 -0.441
-0.166 0.984 0.067
-0.693 0.224 1.093
-1.086 -0.284 0.326
-0.232 0.861 -0.452
-0.727 0.469 1.647
-0.262 0.306 0.777
0.077 0.987 -0.144
-2.208 0.483 -0.394
-1.347 0.047 -0.656
0.417 0.900 -0.127
-0.872 0.421 -0.850
-0.746 -0.121 -0.019
0.081 0.840 0.536
0.008 0.258 0.630
-0.702 0.072 -0.049
-0.134 0.983 -0.128
