10
1.962 0.457 -0.192
1.306 0.430 -0.946
-0.018 1.000 -0.021
1.877 0.455 -0.440
1.184 0.135 -1.086
-0.234 0.947 -0.218
0.460 0.473 0.599
0.524 0.441 -0.399
0.002 0.999 -0.032
1.736 0.465 -0.855
0.795 0.288 -1.141
-0.169 0.984 -0.051
-0.815 0.547 -0.787
0.065 0.071 -0.771
0.476 0.879 0.008
-2.019 0.492 -2.099
-1.022 0.422 -2.106
0.071 0.998 -0.001
-0.884 0.479 -0.757
0.015 0.143 -1.038
0.320 0.942 -0.100
0.078 0.790 -0.245
0.636 0.040 -0.598
0.634 0.661 -0.401
-0.535 0.807 -2.535
0.037 0.297 -1.893
0.339 0.860 0.381
0.181 0.612 -0.291
0.757 -0.036 -0.788
0.491 0.761 -0.424
