10
0.146 0.509 -2.160
0.825 0.042 -2.727
0.401 0.882 -0.246
0.600 0.499 -1.773
1.391 0.158 -1.265
0.248 0.938 0.244
0.688 0.479 -1.719
0.134 0.007 -1.033
-0.372 0.877 0.303
0.119 0.430 -0.616
-0.699 -0.036 -0.953
-0.432 0.885 -0.175
0.132 0.546 -0.820
-0.144 0.187 -1.712
0.072 0.917 -0.392
0.477 0.522 -0.860
1.380 0.172 -1.110
0.372 0.927 0.047
1.015 0.528 -0.951
1.597 0.151 -0.231
0.183 0.924 0.336
1.277 0.540 -0.159
0.752 0.131 0.587
-0.328 0.906 0.267
0.865 0.545 -0.601
0.171 0.158 -1.208
-0.208 0.915 -0.345
0.421 0.552 -0.811
0.324 0.279 -1.768
0.123 0.951 -0.283
0.760 0.452 -0.758
1.588 0.016 -1.110
0.415 0.899 -0.139
