37
-1.662 0.265 1.571
-1.296 0.048 0.666
0.081 0.976 -0.201
-0.253 0.303 1.421
-0.375 0.033 0.466
-0.034 0.963 -0.268
0.147 0.265 2.195
0.431 -0.029 1.282
0.087 0.956 -0.281
-1.055 0.367 -0.403
-0.412 0.081 0.307
0.192 0.958 0.212
1.003 0.388 2.064
1.122 -0.011 1.155
0.051 0.917 -0.396
0.354 0.212 2.153
0.407 -0.219 1.252
0.025 0.903 -0.430
-0.399 0.033 2.006
-0.022 -0.040 1.082
0.028 0.997 -0.068
0.175 0.331 1.846
-0.067 -0.110 0.982
-0.119 0.897 -0.425
1.337 0.222 -0.349
1.134 -0.351 0.445
-0.142 0.820 0.555
-1.656 0.074 1.676
-1.095 0.071 0.847
0.002 1.000 -0.003
1.370 0.313 1.102
0.813 -0.223 0.467
-0.353 0.844 -0.403
-1.240 0.400 0.841
-0.368 0.012 1.142
0.366 0.922 0.126
-1.271 0.314 1.280
-0.492 -0.051 0.771
0.305 0.931 -0.200
0.574 0.329 1.603
0.220 -0.237 0.859
-0.243 0.824 -0.512
0.607 0.385 1.596
0.016 -0.129 0.975
-0.354 0.858 -0.372
-0.433 0.411 1.581
0.094 -0.133 0.928
0.342 0.839 -0.424
0.904 0.396 -0.756
0.695 -0.130 0.068
-0.129 0.851 0.510
1.235 0.377 1.959
0.545 -0.100 1.414
-0.374 0.879 -0.296
-1.055 0.287 -0.403
-0.181 0.282 0.082
0.005 1.000 0.003
-0.554 0.263 1.608
0.309 -0.218 1.762
0.473 0.877 0.084
-0.563 0.414 1.198
0.223 -0.195 1.308
0.604 0.793 0.085
-0.919 0.366 2.046
0.008 0.015 1.918
0.348 0.936 -0.048
-0.876 0.051 -0.007
-0.288 -0.041 0.797
0.054 0.996 0.074
-0.859 0.397 1.318
-0.124 -0.039 0.799
0.357 0.900 -0.252
-1.228 0.127 1.957
-0.442 -0.085 1.376
0.170 0.977 -0.126
-0.879 0.275 0.996
-0.787 -0.350 0.222
0.074 0.780 -0.621
-0.918 0.148 -0.824
0.046 -0.109 -0.886
0.256 0.966 -0.016
-0.445 0.279 -0.041
0.399 -0.258 -0.056
0.537 0.844 -0.009
1.294 0.122 -1.092
0.825 -0.503 -0.467
-0.374 0.781 0.500
0.555 0.236 1.185
0.250 -0.486 0.563
-0.318 0.692 -0.648
-0.689 0.259 0.798
-0.022 -0.097 1.453
0.254 0.935 0.249
-1.244 0.405 1.662
-0.578 -0.111 1.122
0.400 0.857 -0.325
0.181 0.358 1.970
-0.403 0.142 1.188
-0.129 0.976 -0.173
-1.060 0.401 -0.813
-0.594 -0.127 -0.103
0.290 0.849 0.442
-0.265 0.159 1.148
0.368 -0.328 0.545
0.353 0.874 -0.335
1.322 0.134 -1.327
0.643 -0.236 -0.693
-0.271 0.929 0.253
-0.459 0.205 0.370
0.135 -0.191 1.071
0.255 0.918 0.302
