37
1.177 0.121 1.833
0.372 -0.453 1.985
-0.580 0.815 0.007
0.707 0.196 1.429
-0.194 -0.134 1.710
-0.328 0.943 0.059
0.529 0.116 1.176
-0.191 -0.471 1.546
-0.574 0.804 0.157
-0.286 0.045 0.774
-0.504 -0.484 1.595
-0.170 0.848 0.502
-0.051 -0.376 0.939
-0.684 -0.857 1.546
-0.191 0.856 0.480
-0.294 0.006 1.932
-0.881 -0.787 1.763
-0.684 0.596 -0.421
-1.118 0.052 1.348
-1.319 -0.682 1.996
-0.280 0.677 0.680
-1.442 -0.024 1.196
-1.289 -0.877 1.695
0.198 0.521 0.830
-1.356 -0.097 0.962
-1.072 -0.969 1.363
0.475 0.491 0.731
-1.269 0.150 1.176
-0.764 -0.521 0.632
0.549 0.735 -0.397
-1.453 0.256 1.344
-1.440 -0.270 0.493
0.041 0.850 -0.525
-1.427 0.382 1.324
-1.485 0.591 0.348
0.156 0.968 0.197
-1.392 0.250 1.135
-0.545 0.006 0.661
0.176 0.967 -0.184
-1.304 0.143 1.146
-0.810 -0.571 0.651
0.560 0.698 -0.446
-0.592 0.048 0.803
-0.542 -0.861 0.390
0.297 0.408 -0.863
0.554 0.067 1.261
0.161 -0.690 0.740
-0.377 0.650 -0.660
0.075 -0.022 0.266
-0.458 -0.844 0.470
-0.822 0.560 0.104
-0.193 -0.097 -0.271
-0.448 -0.873 0.306
-0.297 0.631 0.717
-0.856 -0.029 -0.415
-0.610 -0.696 0.288
0.424 0.726 0.541
-0.434 0.075 -0.177
-1.243 -0.473 0.034
-0.534 0.836 0.124
-0.449 0.087 -0.477
-1.271 -0.411 -0.752
-0.420 0.857 -0.298
-0.777 0.125 -0.789
-1.271 -0.317 -0.040
-0.373 0.886 0.277
-0.790 0.059 -0.739
-0.580 -0.539 0.035
0.107 0.801 0.589
-0.441 0.010 -0.915
-0.029 -0.899 -0.849
0.824 0.402 0.399
-0.546 -0.091 -0.991
-0.102 -0.982 -0.895
0.824 0.448 0.346
-0.690 -0.330 -1.012
-0.161 -1.174 -0.928
0.839 0.536 0.095
-0.796 -0.608 -0.315
-0.135 -0.980 -0.968
0.325 0.925 -0.197
-0.700 -0.616 -0.288
0.178 -1.012 -0.560
0.386 0.918 -0.092
-0.331 0.159 -0.945
0.510 -0.383 -0.931
0.541 0.840 -0.041
-0.100 0.303 -0.522
0.700 0.302 -1.121
0.023 0.999 0.029
0.412 0.126 -0.416
0.430 -0.750 -0.899
0.099 0.482 -0.870
0.605 0.140 -0.640
0.508 -0.757 -1.071
-0.040 0.437 -0.899
1.310 0.119 -0.315
0.599 -0.438 -0.745
-0.474 0.831 -0.292
1.427 -0.007 -0.161
1.224 -0.779 -0.763
-0.143 0.631 -0.762
1.317 0.078 -0.565
0.849 -0.658 -1.054
-0.499 0.677 -0.541
1.283 -0.064 -0.486
0.970 -0.933 -0.102
-0.756 0.472 0.454
1.711 -0.051 -0.043
1.239 -0.617 0.633
-0.403 0.821 0.405
1.495 0.106 -0.059
1.395 -0.041 0.925
-0.037 0.989 0.143
