12
-0.954 0.763 -1.389
-0.122 0.215 -1.467
0.553 0.829 0.079
0.347 0.778 -2.184
0.856 0.061 -1.707
0.513 0.697 0.502
0.274 0.874 -1.514
0.256 0.284 -0.706
-0.101 0.804 0.586
-0.759 0.811 -0.614
-0.163 0.127 -0.192
0.553 0.730 0.401
-0.950 0.838 0.678
-0.169 0.244 0.483
0.577 0.805 -0.141
-0.711 0.775 1.163
0.051 0.131 1.230
0.641 0.765 0.057
-0.171 0.852 1.314
0.243 0.237 1.986
0.298 0.788 0.539
0.227 0.805 1.748
0.180 0.131 2.485
-0.079 0.739 0.669
-0.084 0.728 1.446
0.466 -0.073 1.679
0.768 0.595 0.235
0.017 0.860 1.247
0.273 0.306 0.455
0.151 0.832 -0.533
-0.268 0.730 1.124
0.323 0.022 0.738
0.602 0.706 -0.372
-0.878 0.530 1.130
-0.151 0.008 0.683
0.482 0.851 -0.210
-0.769 0.787 -0.137
-0.008 0.209 -0.429
0.515 0.814 -0.270
