43
0.690 -0.216 1.891
1.073 -0.439 0.994
0.088 0.975 -0.205
-2.816 -0.190 0.263
-1.927 -0.149 -0.194
-0.037 0.999 0.019
-1.657 0.070 0.305
-0.888 -0.009 -0.329
0.061 0.997 -0.050
1.208 0.092 2.760
0.953 -0.165 1.828
-0.068 0.967 -0.247
0.730 -0.061 1.839
0.993 -0.460 0.961
0.115 0.917 -0.383
0.559 0.011 3.154
0.383 -0.096 2.175
-0.019 0.994 -0.106
-2.212 -0.005 -0.516
-1.398 -0.291 -1.020
0.243 0.958 -0.150
1.121 -0.002 2.104
1.035 0.008 1.107
0.001 1.000 0.010
0.848 -0.065 3.225
0.645 -0.323 2.280
-0.054 0.966 -0.252
-2.734 0.071 -0.363
-1.746 -0.081 -0.364
0.152 0.988 -0.000
-1.452 -0.205 -1.171
-0.459 -0.267 -1.069
0.062 0.998 0.006
-2.175 0.063 -1.121
-1.187 -0.004 -0.979
0.066 0.998 0.009
-0.375 0.001 0.959
-0.197 0.083 -0.022
-0.015 0.997 0.081
-2.685 0.127 0.260
-1.792 -0.267 0.045
0.383 0.919 -0.092
-1.746 0.058 1.189
-1.165 0.275 0.405
-0.129 0.976 0.174
-1.196 0.035 -2.154
-0.257 0.032 -1.812
0.003 1.000 0.001
-0.900 -0.106 -1.348
0.059 -0.092 -1.064
-0.013 1.000 -0.004
-0.961 0.055 1.714
-0.847 0.012 0.722
0.005 0.999 -0.042
-0.887 -0.243 1.619
-0.032 -0.130 1.111
-0.097 0.994 0.058
-2.437 -0.167 -0.142
-1.469 0.051 -0.260
-0.216 0.976 0.026
-1.444 0.083 1.569
-0.561 -0.287 1.281
0.351 0.929 -0.115
0.510 0.050 2.893
0.458 -0.384 1.993
-0.025 0.901 -0.433
-1.220 -0.020 1.280
-0.407 0.220 0.749
-0.201 0.971 0.131
-2.071 -0.063 0.071
-1.315 0.227 -0.516
-0.229 0.957 0.178
-0.109 -0.017 1.384
0.204 0.257 0.474
-0.089 0.962 0.260
0.238 0.038 2.474
0.966 -0.068 1.798
0.077 0.994 -0.072
1.979 -0.160 0.673
1.440 -0.369 -0.144
-0.115 0.978 -0.174
-0.128 -0.096 1.409
0.662 0.097 0.826
-0.155 0.981 0.115
-0.831 -0.169 0.778
-0.582 -0.490 -0.136
0.084 0.947 -0.310
-0.027 0.018 2.089
-0.233 -0.264 1.152
-0.061 0.959 -0.275
2.472 -0.073 0.462
1.590 -0.513 0.629
-0.433 0.898 0.082
-0.695 -0.222 2.141
-0.033 -0.696 1.561
0.357 0.880 -0.313
0.479 -0.028 2.489
0.453 -0.504 1.610
-0.014 0.880 -0.476
0.760 -0.026 2.111
0.197 -0.390 1.368
-0.219 0.932 -0.290
-2.896 0.075 0.367
-2.302 -0.356 -0.313
0.284 0.902 -0.325
0.165 0.109 2.841
-0.232 -0.431 2.099
-0.255 0.842 -0.476
0.341 -0.052 1.573
0.827 -0.591 0.884
0.310 0.843 -0.440
0.946 -0.171 1.056
0.464 -0.221 0.181
-0.024 0.999 -0.044
-2.044 0.131 0.037
-1.183 -0.351 -0.122
0.474 0.876 -0.087
2.531 -0.111 0.730
1.607 -0.473 0.610
-0.359 0.932 -0.047
0.797 -0.221 2.523
0.661 -0.642 1.625
-0.063 0.907 -0.416
0.054 0.137 1.943
0.494 0.416 1.090
-0.128 0.960 0.248
-1.113 -0.051 -2.679
-0.341 -0.296 -2.092
0.196 0.969 0.149
