40
-0.886 0.274 -1.040
-0.057 -0.239 -0.819
0.496 0.858 0.132
-0.305 0.180 -1.048
0.522 -0.337 -0.828
0.499 0.856 0.133
-0.473 0.113 -0.436
0.291 -0.526 -0.355
0.636 0.769 0.068
-0.280 0.120 -0.923
0.401 -0.260 -0.298
0.280 0.925 0.257
0.686 0.142 0.139
-0.024 -0.328 -0.384
-0.379 0.882 -0.279
0.447 0.217 0.457
0.062 -0.271 -0.326
-0.216 0.873 -0.438
0.364 0.259 0.414
0.796 -0.617 0.203
0.788 0.481 -0.385
-0.246 0.214 -0.624
0.394 -0.225 0.007
0.313 0.898 0.309
0.412 0.283 0.703
0.753 -0.430 0.090
0.347 0.701 -0.623
0.722 0.135 0.060
-0.045 -0.434 -0.238
-0.530 0.823 -0.206
1.209 0.128 0.418
0.578 -0.415 -0.138
-0.407 0.840 -0.358
-0.286 0.162 -0.431
0.460 -0.488 -0.578
0.638 0.760 -0.126
0.450 0.074 0.739
0.655 -0.369 -0.134
0.101 0.896 -0.431
0.363 0.251 0.599
0.786 -0.279 -0.136
0.264 0.848 -0.459
0.446 0.046 0.365
-0.084 -0.599 -0.185
-0.448 0.764 -0.464
-0.692 0.338 -0.692
-0.037 -0.389 -0.895
0.695 0.686 -0.216
0.767 0.375 0.583
0.195 0.092 -0.187
-0.169 0.959 -0.227
-0.413 0.037 -0.961
0.142 -0.272 -0.189
0.181 0.951 0.251
-0.189 0.333 -0.819
0.582 -0.295 -0.922
0.623 0.778 -0.083
-0.981 0.204 -0.812
-0.277 -0.196 -0.224
0.306 0.917 0.256
0.626 0.327 0.254
1.146 -0.478 -0.031
0.705 0.594 -0.387
-1.552 0.024 -0.723
-0.704 -0.301 -1.141
0.291 0.946 -0.144
-0.460 -0.001 -0.485
0.305 -0.283 -1.064
0.225 0.959 -0.170
-0.962 0.034 -0.537
0.000 -0.091 -0.298
0.121 0.992 0.030
0.649 0.349 -0.977
0.102 -0.312 -0.465
-0.483 0.750 0.452
-0.539 0.344 -1.249
0.390 0.111 -0.963
0.223 0.972 0.069
0.370 0.323 -0.698
-0.379 -0.297 -0.467
-0.593 0.784 0.183
1.005 0.046 0.410
0.670 -0.385 -0.428
-0.160 0.902 -0.400
0.787 0.280 0.759
1.105 -0.439 0.141
0.329 0.695 -0.639
-1.259 0.121 -0.331
-0.262 0.169 -0.392
-0.048 0.999 0.003
0.898 0.281 0.493
1.206 -0.477 -0.082
0.358 0.652 -0.668
1.032 0.135 -0.419
0.296 -0.441 -0.065
-0.519 0.818 0.250
0.148 0.339 -0.501
0.322 -0.356 0.196
0.168 0.719 0.674
1.288 0.340 0.764
1.120 -0.175 -0.076
-0.101 0.858 -0.504
0.941 0.054 0.418
0.158 -0.547 0.256
-0.588 0.799 -0.122
0.726 0.343 0.415
-0.058 0.188 -0.186
-0.123 0.988 -0.095
1.169 0.188 0.697
0.403 -0.385 0.404
-0.535 0.820 -0.205
0.952 0.107 0.976
0.317 -0.444 0.434
-0.419 0.835 -0.358
0.677 0.326 -0.977
-0.304 0.144 -0.920
-0.181 0.983 0.011
0.892 0.254 1.255
0.406 -0.191 0.503
-0.242 0.895 -0.374
