1335
0.317 -0.050 -0.168
-0.320 -0.783 -0.406
-0.712 0.678 -0.185
0.368 0.109 -0.154
-0.537 -0.120 -0.512
-0.228 0.973 -0.047
0.448 0.238 -0.117
-0.467 0.538 -0.387
0.279 0.953 0.115
0.401 0.162 -0.125
-0.510 -0.223 -0.272
-0.377 0.923 -0.084
0.306 0.128 -0.271
-0.296 -0.111 -1.033
-0.188 0.970 -0.156
0.210 0.027 -0.590
0.478 -0.721 -1.197
0.303 0.664 -0.684
0.050 0.157 -0.893
1.014 -0.108 -0.899
0.265 0.964 0.022
0.307 0.117 -0.741
0.673 -0.226 0.124
0.144 0.939 0.312
0.550 0.091 -0.366
-0.109 -0.383 0.219
-0.356 0.881 0.313
0.292 -0.142 -0.296
0.097 -1.048 0.081
-0.622 0.411 0.666
0.494 0.075 -0.426
0.469 -0.422 0.441
-0.017 0.868 0.497
0.453 0.299 -0.544
0.462 0.413 0.449
-0.006 0.994 -0.113
0.137 0.303 -0.765
1.084 0.479 -0.496
-0.158 0.984 -0.088
-0.025 0.053 -0.897
0.791 -0.518 -0.991
0.568 0.821 -0.055
-0.079 -0.050 -1.134
0.650 -0.731 -1.202
0.675 0.732 -0.095
-0.131 0.217 -0.904
0.850 0.268 -0.717
-0.050 0.999 -0.013
0.083 0.006 -0.418
0.801 -0.682 -0.312
0.662 0.722 0.201
0.393 0.209 -0.051
1.353 0.193 -0.331
0.058 0.988 0.142
0.426 0.142 -0.144
1.153 -0.251 -0.707
0.408 0.907 -0.106
0.405 -0.031 -0.027
0.735 -0.901 0.339
0.614 0.492 0.617
