342
-0.506 0.291 0.459
0.251 0.208 -0.189
0.099 0.995 -0.013
-0.495 0.158 0.458
0.168 -0.014 -0.271
0.176 0.982 -0.072
-1.661 0.130 0.540
-1.290 -0.214 -0.322
0.209 0.936 -0.283
-0.686 -0.032 0.311
-1.307 -0.559 -0.269
-0.385 0.849 -0.361
0.431 -0.079 -0.002
-0.458 -0.536 0.039
-0.456 0.889 0.032
0.448 0.133 0.102
-0.340 -0.000 0.704
-0.110 0.991 0.075
1.151 0.145 0.012
0.623 0.056 0.857
-0.079 0.995 0.055
0.211 0.063 0.216
0.810 -0.247 0.954
0.194 0.951 0.242
-0.470 0.055 0.290
0.389 -0.317 -0.061
0.373 0.925 -0.069
-0.595 0.639 0.084
0.168 0.588 -0.561
0.086 0.996 0.023
-1.324 -0.044 0.366
-1.439 -0.653 -0.419
-0.023 0.791 -0.611
