11
0.643 0.037 -1.085
0.065 -0.527 -0.495
-0.392 0.826 0.406
0.262 0.063 -1.129
-0.429 -0.549 -0.743
-0.519 0.790 0.326
0.421 0.284 -1.247
-0.453 0.158 -0.778
-0.098 0.992 0.084
0.682 0.146 -0.970
-0.220 -0.279 -0.903
-0.423 0.905 0.050
0.073 0.051 -0.338
-0.392 -0.599 -0.940
-0.447 0.759 -0.474
0.070 0.343 -0.238
-0.255 0.403 -1.182
0.020 0.998 0.056
0.095 0.091 -0.526
0.242 -0.317 -1.427
0.045 0.913 -0.406
-0.351 0.110 -0.803
0.463 -0.325 -1.188
0.379 0.900 -0.214
-0.078 0.087 -1.081
0.718 -0.412 -0.739
0.449 0.866 0.218
0.403 0.098 -1.208
0.715 -0.378 -0.386
0.169 0.879 0.445
0.338 -0.000 -1.152
0.362 -0.631 -0.377
-0.037 0.774 0.632
0.747 0.085 -1.180
0.049 -0.478 -0.737
-0.474 0.826 0.305
