41
1.567 0.104 -1.457
0.963 -0.529 -0.972
-0.494 0.774 0.396
-0.754 0.288 -0.596
0.212 0.115 -0.402
0.169 0.985 0.034
-1.555 0.191 1.055
-0.778 0.048 0.442
0.113 0.990 -0.089
-1.204 0.323 0.474
-0.219 0.152 0.516
0.171 0.985 0.007
-2.394 0.134 0.861
-1.396 0.170 0.912
-0.036 0.999 -0.002
0.015 0.322 -0.344
0.607 -0.473 -0.212
0.776 0.606 0.173
-0.998 0.394 0.430
-0.189 0.106 -0.082
0.244 0.958 -0.154
-0.836 0.102 -0.583
0.151 0.251 -0.531
-0.149 0.989 -0.008
-0.779 0.306 -0.592
0.005 -0.208 -0.243
0.470 0.858 0.209
-1.697 0.181 0.587
-0.706 0.112 0.702
0.069 0.998 0.008
2.058 0.169 -1.326
1.639 -0.269 -0.531
-0.204 0.899 0.387
2.005 0.247 -0.014
1.291 -0.346 -0.386
-0.526 0.805 -0.274
0.997 0.253 -0.979
0.572 -0.165 -0.177
-0.196 0.908 0.370
2.405 0.173 0.116
1.658 -0.284 -0.367
-0.384 0.890 -0.248
-1.355 0.411 0.883
-0.567 -0.181 0.717
0.579 0.806 -0.122
1.799 0.145 -0.741
1.097 -0.513 -0.468
-0.613 0.753 0.238
0.234 0.230 0.569
0.273 -0.398 -0.209
0.031 0.778 -0.627
1.611 0.240 -0.106
1.186 -0.394 -0.752
-0.348 0.774 -0.529
2.179 0.054 0.328
1.437 -0.514 -0.027
-0.513 0.823 -0.245
1.777 0.349 -0.854
1.157 -0.077 -0.196
-0.292 0.905 0.310
-0.134 0.321 0.609
-0.031 -0.292 -0.174
0.080 0.790 -0.608
-0.947 0.112 1.175
0.030 0.149 0.965
-0.036 0.999 0.008
1.919 0.140 -0.756
1.207 -0.236 -0.163
-0.289 0.927 0.241
2.277 0.057 -0.057
1.568 -0.572 0.262
-0.574 0.777 0.258
1.657 0.413 0.395
0.885 -0.090 0.008
-0.450 0.864 -0.226
1.642 0.366 0.397
0.886 -0.283 0.488
-0.644 0.761 0.078
-1.976 0.287 0.637
-1.051 0.031 0.917
0.245 0.967 0.074
2.017 0.307 0.721
1.209 -0.280 0.689
-0.587 0.810 -0.024
-1.019 0.219 -0.928
-0.198 -0.319 -0.741
0.525 0.843 0.119
-1.990 0.234 0.983
-1.007 0.122 1.133
0.111 0.994 0.017
2.023 0.387 -1.515
1.149 0.188 -1.070
-0.177 0.980 0.090
-1.160 0.054 -0.460
-0.363 -0.339 -0.001
0.340 0.920 0.196
-1.920 0.398 1.003
-1.306 0.049 0.294
0.228 0.937 -0.263
1.335 0.291 -1.174
1.074 -0.084 -0.284
-0.105 0.927 0.359
0.474 0.212 -0.152
-0.033 -0.482 -0.663
-0.489 0.720 -0.493
-0.896 0.061 -0.199
0.006 0.232 -0.597
-0.156 0.985 0.069
2.082 0.090 -1.210
2.225 -0.466 -0.391
0.096 0.831 0.547
-1.937 0.304 0.251
-1.144 -0.306 0.249
0.610 0.793 -0.001
1.912 0.144 -0.010
0.957 -0.145 0.046
-0.288 0.957 0.017
-2.421 0.161 0.735
-1.476 0.249 1.051
-0.083 0.996 -0.028
1.922 0.096 -0.384
0.928 0.045 -0.289
-0.051 0.999 0.005
