23
3.700 0.103 0.677
2.707 -0.006 0.697
-0.109 0.994 0.002
0.069 0.104 -2.638
-0.064 -0.145 -1.679
-0.034 0.968 0.247
-3.496 -0.151 -1.204
-2.802 -0.014 -0.497
-0.096 0.991 -0.097
3.559 -0.175 0.571
2.695 -0.679 0.545
-0.503 0.864 -0.015
3.656 0.172 0.484
2.819 -0.278 0.796
-0.421 0.893 0.157
2.761 -0.066 -0.299
1.918 0.111 0.208
0.151 0.984 -0.091
2.549 -0.148 -0.044
1.731 -0.055 0.525
0.076 0.996 -0.053
1.856 -0.062 -1.069
0.906 0.009 -0.763
0.068 0.997 -0.022
-0.385 -0.073 -2.094
-0.644 -0.411 -1.190
-0.093 0.941 0.325
3.581 0.144 0.574
2.770 -0.353 0.881
-0.464 0.868 0.176
2.384 0.033 0.153
1.390 -0.012 0.053
-0.045 0.999 -0.005
-2.750 0.101 -2.130
-2.160 0.001 -1.329
0.059 0.995 0.081
4.323 -0.007 1.542
3.423 -0.428 1.653
-0.419 0.907 0.052
-1.395 -0.168 -3.805
-1.603 0.040 -2.850
0.044 0.978 -0.203
-0.915 0.053 -3.316
-0.514 -0.215 -2.440
0.112 0.963 0.244
-2.667 -0.174 -2.070
-1.999 -0.221 -1.327
0.031 0.999 0.035
0.493 0.083 -1.291
-0.298 -0.324 -0.835
-0.353 0.913 0.203
3.384 -0.117 0.811
2.625 -0.674 1.147
-0.509 0.831 0.225
-0.884 0.033 -3.711
-0.702 -0.384 -2.821
0.084 0.909 0.408
3.270 0.016 1.840
2.436 0.154 1.305
0.116 0.990 0.074
2.295 -0.095 2.595
2.109 -0.293 1.633
-0.037 0.980 -0.194
-1.597 0.083 -3.515
-2.058 -0.055 -2.639
-0.064 0.991 0.122
-0.198 0.173 -2.319
-0.022 -0.412 -1.527
0.127 0.811 0.572
