26
-0.046 0.457 0.065
-0.506 -0.429 0.026
-0.883 0.463 -0.075
0.217 0.466 0.236
-0.135 -0.296 -0.307
-0.414 0.648 -0.639
0.365 0.176 -0.250
-0.313 -0.542 -0.100
-0.702 0.695 0.155
0.218 0.372 0.257
-0.208 -0.326 -0.318
-0.415 0.716 -0.561
-0.604 0.346 0.502
-0.058 -0.305 -0.026
0.468 0.759 -0.453
-0.257 0.489 0.378
-0.651 -0.254 -0.162
-0.438 0.669 -0.601
-0.572 0.495 -0.681
-0.825 -0.356 -0.220
-0.409 0.526 0.746
-0.530 0.470 -0.257
0.080 -0.267 0.035
0.665 0.676 0.318
0.210 0.396 0.062
-0.537 -0.263 -0.030
-0.653 0.753 -0.081
-0.842 0.259 -0.114
-0.082 -0.354 -0.332
0.589 0.790 -0.170
1.155 0.386 0.380
0.377 -0.064 -0.058
-0.392 0.893 -0.221
-0.412 0.350 -0.056
0.179 -0.377 -0.405
0.626 0.686 -0.370
-0.211 0.217 -0.245
-0.826 -0.552 -0.070
-0.740 0.639 0.210
-0.721 0.290 0.039
-0.304 -0.371 -0.586
0.366 0.751 -0.549
-1.037 0.366 -0.152
-0.572 -0.361 -0.657
0.492 0.687 -0.535
0.813 0.522 0.104
0.279 -0.248 0.456
-0.643 0.639 0.423
-0.195 0.438 0.320
0.231 -0.444 0.518
0.801 0.470 0.372
-0.085 0.249 0.486
0.476 -0.401 -0.027
0.479 0.760 -0.439
0.105 0.507 0.686
-0.611 -0.190 0.622
-0.693 0.718 -0.062
0.194 0.281 0.166
0.606 -0.529 -0.252
0.568 0.586 -0.577
-0.180 0.146 -0.245
-0.843 -0.512 0.112
-0.579 0.753 0.312
-0.714 0.509 0.378
-0.108 -0.058 -0.181
0.417 0.824 -0.385
0.729 0.228 0.369
-0.213 -0.102 0.309
-0.329 0.944 -0.021
0.057 0.489 -0.559
-0.673 -0.189 -0.473
-0.673 0.735 0.079
0.090 0.407 -0.341
0.469 -0.322 0.229
0.404 0.684 0.607
-0.103 0.185 0.688
-0.635 -0.129 -0.098
-0.176 0.949 -0.260
