735
1.051 0.126 0.810
1.933 -0.342 0.853
0.463 0.882 0.092
1.161 0.179 0.880
1.800 -0.202 0.212
0.240 0.924 -0.298
1.917 0.156 0.208
1.551 -0.236 -0.636
-0.284 0.911 -0.300
1.419 0.179 -0.290
0.525 -0.237 -0.456
-0.412 0.909 -0.061
0.638 0.360 -1.016
-0.278 0.177 -0.658
-0.138 0.980 0.146
1.137 0.234 -1.036
0.592 -0.146 -0.288
-0.207 0.925 0.318
1.427 0.175 -0.974
1.595 -0.264 -0.091
0.128 0.897 0.422
1.215 0.162 -0.339
2.094 -0.290 -0.185
0.436 0.891 0.129
1.263 0.154 -0.567
1.863 -0.326 -1.207
0.342 0.877 -0.337
2.007 0.231 -0.677
1.406 -0.236 -1.326
-0.391 0.880 -0.270
1.812 0.183 -0.714
0.982 -0.327 -0.942
-0.514 0.857 -0.048
0.289 0.223 -0.980
-0.577 -0.215 -0.742
-0.403 0.897 0.182
-1.078 0.399 -0.617
-1.819 0.221 0.031
-0.080 0.981 0.178
-1.039 0.253 -0.460
-0.738 -0.203 0.378
0.217 0.888 0.405
0.108 0.230 -0.893
0.862 -0.139 -0.349
0.237 0.925 0.298
0.874 0.221 -1.047
1.746 -0.219 -0.831
0.407 0.895 0.181
1.436 0.237 -1.037
2.106 -0.181 -0.423
0.232 0.903 0.361
2.360 0.148 -0.274
1.995 -0.317 0.532
-0.144 0.884 0.445
1.863 0.158 0.062
1.026 -0.388 0.044
-0.546 0.837 -0.025
1.317 0.251 0.453
0.435 -0.183 0.642
-0.442 0.897 -0.004
