14
1.091 0.258 -0.358
0.199 0.314 -0.807
0.050 0.998 0.025
0.481 0.076 0.369
-0.198 0.224 -0.350
0.102 0.989 0.108
1.037 0.296 0.853
0.404 0.082 0.109
-0.139 0.977 -0.163
-0.070 0.084 1.147
-0.454 0.201 0.231
0.045 0.993 0.108
-0.165 0.237 1.567
-0.027 0.111 0.584
0.018 0.992 -0.125
0.450 0.356 1.599
-0.094 -0.187 0.959
-0.351 0.840 -0.414
1.310 0.194 -0.167
0.420 -0.216 0.030
-0.401 0.912 0.089
0.573 0.313 -1.242
0.275 0.031 -0.330
-0.087 0.960 0.267
1.401 0.254 -0.925
1.328 -0.172 -0.024
-0.034 0.905 0.425
1.367 0.376 -0.117
0.666 -0.170 -0.575
-0.457 0.838 -0.299
-0.043 0.406 0.318
0.684 -0.062 0.821
0.385 0.884 0.266
-0.419 0.289 1.842
0.128 0.111 1.024
0.099 0.984 -0.147
-0.957 0.262 1.632
-0.766 0.483 0.676
-0.043 0.975 0.217
0.205 0.272 1.166
0.589 -0.286 0.431
0.258 0.830 -0.495
