14
-0.677 0.455 2.629
-0.249 0.431 1.725
0.011 1.000 -0.022
-1.768 0.223 -1.016
-0.924 -0.029 -0.541
0.220 0.968 0.124
-1.791 0.226 1.850
-0.938 0.304 1.333
-0.067 0.997 0.040
-2.378 0.211 0.493
-1.419 -0.072 0.471
0.283 0.959 -0.006
-0.693 0.147 2.463
-0.190 -0.037 1.618
0.094 0.983 -0.158
-2.043 0.520 1.882
-1.444 -0.050 1.321
0.417 0.821 -0.390
-2.097 0.418 2.697
-1.520 -0.085 2.053
0.335 0.865 -0.374
2.065 0.276 1.482
1.727 -0.367 0.794
-0.284 0.766 -0.577
-1.612 0.289 0.396
-0.620 0.405 0.361
-0.116 0.993 0.004
2.164 0.288 2.620
1.209 0.246 2.327
-0.040 0.999 -0.012
-2.146 0.459 2.185
-1.832 -0.191 1.493
0.269 0.760 -0.592
-1.942 0.263 -0.516
-1.310 0.280 0.259
-0.010 1.000 -0.013
1.140 0.243 -1.566
0.787 -0.282 -0.791
-0.218 0.851 0.477
0.711 0.441 2.228
0.197 -0.137 1.594
-0.363 0.817 -0.448
