9
2.904 -0.022 -1.069
2.119 -0.037 -0.449
-0.012 1.000 0.009
0.201 0.239 -1.913
0.215 0.073 -0.927
0.002 0.986 0.166
-1.949 0.319 -2.767
-1.120 0.065 -2.270
0.219 0.967 0.131
2.882 0.305 -0.955
2.800 0.025 0.002
-0.024 0.960 0.279
-2.499 0.214 -2.766
-2.087 -0.254 -1.985
0.218 0.884 0.414
-1.483 0.066 -2.680
-0.927 0.272 -1.875
-0.117 0.979 -0.169
-2.696 0.290 0.696
-1.706 0.424 0.651
-0.133 0.991 0.006
-1.647 0.080 -2.711
-0.789 -0.205 -2.284
0.256 0.958 0.127
-2.870 -0.029 1.490
-1.946 -0.339 1.264
0.301 0.951 -0.074
