9
0.421 0.056 -0.629
1.371 -0.221 -0.781
0.277 0.961 -0.014
-0.130 0.064 -0.721
0.654 -0.224 -1.271
0.256 0.957 -0.135
-0.048 -0.040 -0.356
0.844 -0.472 -0.486
0.434 0.901 -0.016
0.046 -0.060 -0.386
0.815 -0.471 0.104
0.320 0.911 0.262
0.254 0.248 -0.218
0.755 0.290 0.646
-0.036 0.999 -0.027
0.056 0.066 -0.216
-0.406 -0.262 0.608
-0.207 0.943 0.259
0.233 0.018 0.668
-0.704 -0.324 0.746
-0.342 0.940 0.007
-0.176 -0.099 0.581
-0.910 -0.646 0.179
-0.419 0.831 -0.365
-0.326 0.136 0.152
-0.939 -0.064 -0.612
-0.101 0.979 -0.175
-0.496 0.095 -0.306
-0.343 -0.160 -1.261
0.078 0.966 -0.245
