11
-1.598 0.656 2.595
-1.017 0.161 1.949
0.331 0.869 -0.368
-1.388 0.548 -0.094
-0.707 0.153 -0.710
0.293 0.919 -0.265
-0.265 0.551 -4.261
-0.554 0.352 -3.324
-0.059 0.980 0.190
-1.714 0.544 2.583
-1.243 0.604 1.702
-0.028 0.998 0.052
-2.206 0.473 2.532
-1.764 0.120 1.707
0.167 0.936 -0.311
0.668 0.303 2.040
0.337 0.110 1.116
-0.065 0.981 -0.182
-1.548 0.349 -2.822
-0.595 0.084 -2.677
0.263 0.964 0.040
0.537 0.456 2.998
0.534 -0.203 2.245
-0.003 0.752 -0.659
0.717 0.621 2.459
0.066 0.092 1.915
-0.406 0.849 -0.339
-1.226 0.666 -2.788
-0.572 -0.089 -2.736
0.752 0.656 0.060
0.531 0.596 2.433
-0.155 0.255 1.790
-0.249 0.940 -0.233
