11
-0.827 0.906 1.505
-0.077 0.372 1.114
0.464 0.846 -0.263
-1.466 0.899 1.748
-0.806 0.321 1.268
0.443 0.816 -0.372
-2.155 0.925 1.393
-1.644 0.435 0.686
0.292 0.872 -0.394
-2.187 0.937 1.564
-1.374 0.385 1.377
0.539 0.834 -0.119
-0.692 0.926 2.551
-0.137 0.450 1.869
0.291 0.879 -0.378
0.753 0.852 2.418
0.871 0.350 1.561
0.045 0.864 -0.501
2.278 0.818 1.455
1.663 0.292 0.869
-0.387 0.850 -0.357
1.426 0.813 -0.274
0.580 0.330 -0.499
-0.470 0.876 -0.112
0.473 0.829 -0.793
-0.342 0.250 -0.752
-0.575 0.815 0.070
0.676 0.809 -1.190
-0.110 0.191 -1.167
-0.616 0.785 0.064
-1.605 0.950 -1.213
-1.495 0.347 -0.423
0.212 0.791 0.575
-1.731 0.910 0.705
-0.917 0.342 0.579
0.563 0.823 -0.077
