23
0.587 0.286 2.183
-0.402 0.146 2.130
-0.140 0.990 -0.008
-0.754 0.379 2.589
-0.161 -0.198 2.027
0.419 0.817 -0.396
1.734 0.502 2.143
0.745 0.364 2.095
-0.138 0.990 -0.007
1.271 0.592 -2.021
0.531 0.285 -1.423
-0.239 0.952 0.193
1.236 0.346 -1.184
0.308 0.081 -1.445
-0.255 0.964 -0.072
1.358 0.278 -1.188
0.442 0.111 -1.552
-0.155 0.986 -0.062
1.276 0.237 -0.349
0.288 0.088 -0.375
-0.150 0.989 -0.004
-0.174 0.368 -2.617
-1.014 -0.005 -2.223
-0.338 0.928 0.158
1.705 0.544 1.308
0.909 0.261 0.773
-0.235 0.959 -0.158
1.490 0.469 -0.357
0.501 0.536 -0.229
0.066 0.998 -0.009
1.113 0.330 -1.048
0.249 0.150 -0.578
-0.158 0.984 0.086
0.624 0.504 -1.472
0.076 0.173 -0.704
-0.192 0.944 0.270
1.920 0.578 1.595
1.174 0.496 0.934
-0.061 0.997 -0.054
1.442 0.242 0.481
0.701 -0.008 -0.143
-0.191 0.968 -0.161
-1.417 0.278 2.043
-1.688 0.490 1.104
0.059 0.977 0.204
0.065 0.354 -2.638
-0.328 0.207 -1.730
-0.058 0.989 0.134
1.086 0.369 1.755
0.551 0.371 0.911
0.001 1.000 0.001
1.425 0.449 1.318
0.890 0.325 0.482
-0.067 0.992 -0.104
-1.416 0.361 2.117
-1.114 0.089 1.203
0.085 0.962 -0.258
1.582 0.476 -1.196
0.603 0.591 -1.362
0.114 0.993 0.019
0.252 0.267 1.884
-0.024 0.262 0.922
-0.001 1.000 -0.005
0.590 0.267 0.511
-0.347 0.033 0.250
-0.225 0.972 -0.063
-0.584 0.560 1.868
-0.953 0.318 0.971
-0.092 0.970 -0.224
