23
0.891 0.325 -1.370
1.079 -0.273 -2.149
0.072 0.799 -0.596
0.207 0.332 -1.570
-0.367 -0.260 -2.136
-0.486 0.802 -0.347
0.156 0.464 -1.601
-0.783 0.200 -1.378
-0.243 0.963 0.118
0.218 0.293 -1.458
-0.387 -0.193 -0.827
-0.319 0.874 0.367
-0.357 0.229 -1.461
-0.153 -0.297 -0.635
0.041 0.847 0.529
0.191 0.207 -1.002
1.089 -0.226 -0.920
0.428 0.901 0.075
0.228 0.302 -0.942
0.449 -0.096 -1.833
0.056 0.917 -0.396
0.271 0.299 -1.357
-0.410 -0.168 -1.922
-0.361 0.885 -0.296
0.202 0.310 -1.546
-0.479 -0.131 -0.962
-0.346 0.897 0.274
0.703 0.305 -0.232
0.077 -0.041 0.467
-0.262 0.937 0.230
-0.131 0.318 0.664
-1.089 0.041 0.725
-0.272 0.959 0.081
-0.297 0.413 1.318
-1.086 0.049 0.823
-0.234 0.923 -0.306
-0.240 0.039 1.333
-0.866 -0.552 0.825
-0.632 0.767 -0.111
-0.089 0.287 0.878
-0.713 -0.100 1.558
-0.251 0.922 0.295
-0.085 0.416 1.273
-0.555 0.009 2.057
-0.285 0.910 0.301
0.105 0.273 0.991
-0.055 -0.274 1.813
-0.041 0.835 0.548
0.485 0.264 1.126
0.453 -0.214 2.004
0.090 0.873 0.479
0.478 0.245 1.429
1.267 -0.261 1.779
0.479 0.862 0.166
0.958 0.326 1.358
1.518 -0.227 0.742
0.321 0.831 -0.454
0.413 0.343 1.623
0.232 -0.128 0.760
-0.051 0.881 -0.471
0.345 0.332 1.761
-0.476 -0.058 1.343
-0.353 0.921 -0.165
-0.376 0.310 1.211
-1.146 -0.109 1.693
-0.363 0.908 0.211
-0.052 0.304 1.253
0.442 -0.190 1.968
0.305 0.869 0.389
-0.532 0.308 1.293
0.327 -0.091 0.973
0.376 0.917 -0.134
