17
3.267 0.438 -2.043
2.446 0.103 -1.580
-0.292 0.942 0.165
2.501 0.162 1.343
1.692 0.129 0.756
-0.027 0.999 -0.020
3.766 0.293 0.940
2.904 0.166 0.449
-0.111 0.992 -0.063
3.013 0.497 1.729
2.345 0.248 1.028
-0.172 0.968 -0.181
3.285 0.279 0.480
2.308 0.104 0.598
-0.173 0.985 0.021
3.771 0.525 0.543
2.914 0.429 0.037
-0.083 0.995 -0.049
4.085 0.204 -0.886
3.175 0.290 -0.480
0.078 0.996 -0.035
1.239 0.300 1.484
0.529 0.460 0.798
0.115 0.987 0.111
1.574 0.225 -1.526
0.794 0.266 -0.901
0.032 0.999 -0.025
-2.250 0.265 0.539
-1.459 -0.336 0.655
0.594 0.799 0.087
-0.018 0.269 1.242
-0.171 -0.302 0.435
-0.106 0.821 -0.561
3.770 0.350 0.639
2.841 0.512 0.305
0.153 0.987 0.055
2.845 0.527 -0.801
1.983 0.478 -0.297
-0.042 0.999 0.025
2.771 0.224 1.718
1.918 -0.182 1.389
-0.379 0.914 -0.146
3.095 0.485 0.472
2.321 0.046 0.015
-0.378 0.898 -0.223
-0.010 0.198 0.594
0.093 -0.335 -0.247
0.065 0.847 -0.528
0.318 0.275 -1.795
-0.014 -0.222 -0.994
-0.190 0.868 0.459
