10
1.698 0.640 0.326
0.934 0.002 0.238
-0.634 0.770 -0.073
0.329 0.300 1.822
-0.262 -0.287 1.269
-0.428 0.810 -0.401
0.555 0.629 1.870
-0.165 0.245 1.292
-0.299 0.924 -0.240
-1.832 0.640 0.365
-1.207 -0.062 0.025
0.617 0.712 -0.335
1.737 0.424 0.315
0.924 -0.071 0.622
-0.463 0.869 0.175
-1.861 0.565 -0.410
-1.117 -0.101 -0.456
0.665 0.746 -0.041
-1.347 0.594 1.255
-0.537 0.088 0.958
0.475 0.862 -0.174
-1.330 0.443 -1.845
-0.815 0.166 -1.034
0.149 0.961 0.235
1.121 0.546 1.054
0.679 0.034 0.317
-0.263 0.859 -0.439
1.762 0.340 0.541
0.816 0.159 0.809
-0.174 0.984 0.049
