13
-2.011 -0.087 2.419
-1.577 -0.122 1.519
0.015 0.999 -0.032
-0.676 -0.027 2.919
0.057 -0.612 2.574
0.530 0.811 -0.249
-0.382 0.250 2.392
-0.118 -0.162 1.519
0.119 0.911 -0.394
-0.431 -0.083 2.187
-0.158 -0.653 1.412
0.189 0.822 -0.538
-2.174 0.149 -0.010
-1.404 -0.353 -0.403
0.447 0.865 -0.228
1.012 0.194 1.373
0.374 -0.315 0.795
-0.377 0.861 -0.341
-1.887 0.218 2.942
-1.201 0.200 2.214
0.012 1.000 -0.013
-1.413 -0.090 -0.899
-0.612 -0.512 -0.474
0.373 0.907 0.197
-1.084 0.216 1.379
-0.280 -0.087 0.868
0.256 0.953 -0.162
0.929 0.128 2.366
0.290 -0.384 1.793
-0.381 0.859 -0.342
0.915 0.188 0.744
0.059 -0.291 0.550
-0.468 0.878 -0.106
-2.060 -0.047 2.212
-1.971 -0.577 1.368
0.055 0.848 -0.527
-1.780 -0.066 -1.727
-0.857 -0.067 -1.341
0.001 1.000 0.000
