22
2.365 0.365 2.778
1.943 0.295 1.874
-0.030 0.998 -0.063
1.736 0.460 -3.575
1.558 0.236 -2.616
-0.041 0.975 0.220
4.330 0.548 -0.059
3.376 0.315 -0.250
-0.229 0.972 -0.046
2.457 0.578 2.895
2.170 0.414 1.951
-0.047 0.987 -0.156
1.276 0.557 -3.210
0.823 0.380 -2.336
-0.082 0.984 0.157
-3.277 0.428 -0.540
-2.323 0.284 -0.276
0.139 0.990 0.038
0.187 0.305 4.719
0.040 0.385 3.733
0.012 0.997 0.079
-0.088 0.693 4.363
-0.299 0.713 3.386
0.004 1.000 0.020
-4.212 0.602 0.859
-3.271 0.269 0.812
0.333 0.943 -0.017
-1.917 0.315 2.745
-1.811 0.450 1.760
-0.014 0.991 0.135
1.568 0.403 -3.778
1.201 -0.053 -2.967
-0.188 0.890 0.415
2.777 0.335 -0.686
1.780 0.407 -0.722
0.072 0.997 0.003
0.538 0.452 -2.723
0.230 0.495 -1.772
0.013 0.999 -0.040
-0.819 0.365 -2.111
-0.662 0.489 -1.131
-0.020 0.992 -0.123
4.767 0.554 1.125
3.821 0.265 0.976
-0.285 0.957 -0.045
1.395 0.469 3.901
0.605 0.472 3.288
0.003 1.000 0.002
-2.372 0.332 -1.766
-1.884 0.410 -0.896
-0.038 0.997 -0.068
1.543 0.505 -3.422
0.841 0.217 -2.771
-0.211 0.958 0.196
1.848 0.412 -1.807
1.206 0.455 -1.042
0.028 0.999 -0.033
-0.733 0.657 -1.994
-1.033 0.740 -1.044
0.025 0.997 -0.078
-0.741 0.565 -2.006
-0.072 0.137 -1.398
0.317 0.904 0.288
-1.167 0.623 5.347
-1.344 0.809 4.380
0.033 0.983 0.182
