30
1.917 0.292 1.083
1.930 -0.081 0.155
-0.021 0.928 -0.373
1.689 0.314 1.468
1.933 0.045 0.536
0.034 0.963 -0.268
0.851 0.238 0.753
1.720 -0.134 0.427
0.330 0.927 -0.180
0.410 0.231 0.836
1.288 -0.178 1.085
0.391 0.913 0.119
-0.333 0.232 0.633
0.546 -0.148 0.919
0.372 0.924 0.084
-0.947 0.227 0.519
-0.107 -0.201 0.854
0.419 0.902 0.102
-1.362 0.202 0.260
-0.720 -0.266 0.867
0.379 0.882 0.279
-1.469 0.222 -0.421
-1.215 -0.209 0.444
0.130 0.902 0.411
-1.258 0.221 -0.844
-1.388 -0.200 0.053
0.017 0.904 0.427
-0.329 0.274 -0.899
-0.920 -0.103 -0.186
-0.193 0.924 0.329
0.360 0.271 -0.791
-0.545 -0.045 -0.506
-0.285 0.947 0.146
0.499 0.319 -0.764
-0.473 0.102 -0.845
-0.216 0.976 -0.025
0.701 0.272 -0.693
-0.247 -0.039 -0.764
-0.312 0.950 0.001
1.559 0.264 -0.209
0.667 -0.082 -0.500
-0.335 0.938 -0.086
1.382 0.200 0.180
0.632 -0.122 -0.398
-0.276 0.946 -0.169
1.962 0.278 0.699
1.433 -0.164 -0.026
-0.247 0.897 -0.366
1.180 0.233 1.069
1.398 -0.166 0.178
0.067 0.917 -0.394
0.648 0.314 0.772
1.502 0.108 0.294
0.214 0.976 -0.040
1.945 0.302 1.510
1.878 -0.044 0.574
-0.041 0.938 -0.344
2.361 0.268 0.889
1.968 -0.059 0.030
-0.126 0.945 -0.301
2.333 0.272 -0.779
1.439 -0.173 -0.746
-0.446 0.894 -0.030
1.911 0.275 -0.739
0.991 -0.085 -0.587
-0.354 0.933 0.065
2.302 0.261 0.359
1.491 -0.095 0.823
-0.317 0.934 0.164
1.755 0.258 1.895
0.889 -0.098 1.545
-0.341 0.934 -0.105
1.814 0.301 1.462
0.887 -0.050 1.329
-0.339 0.935 -0.103
0.839 0.248 0.851
-0.024 -0.036 0.434
-0.230 0.957 -0.175
0.292 0.232 0.844
-0.382 -0.139 0.205
-0.248 0.928 -0.278
-1.269 0.173 0.443
-1.295 -0.228 -0.473
-0.116 0.911 -0.396
-1.645 0.212 -0.176
-0.828 -0.226 -0.550
0.379 0.898 -0.225
-2.100 0.248 -0.235
-1.178 -0.119 -0.110
0.362 0.930 0.058
-0.337 0.325 0.449
0.591 0.149 0.117
0.161 0.984 -0.072
