11
1.896 0.387 0.074
0.951 0.069 0.002
-0.317 0.948 -0.024
1.481 0.148 0.963
0.827 -0.270 0.333
-0.301 0.908 -0.290
1.420 0.422 0.372
0.604 0.185 -0.155
-0.199 0.972 -0.129
0.728 0.509 -0.684
0.356 -0.164 -0.046
-0.339 0.739 0.582
1.880 0.314 -0.031
0.896 0.326 -0.208
0.012 1.000 0.002
0.471 0.128 1.463
-0.284 0.006 0.819
-0.092 0.993 -0.079
1.408 0.297 -0.739
0.513 -0.149 -0.723
-0.446 0.895 0.008
1.764 0.274 0.345
0.962 -0.282 0.564
-0.536 0.831 0.147
0.758 0.371 -0.926
0.811 -0.134 -0.065
0.031 0.863 0.505
1.870 0.418 -0.953
1.518 0.565 -0.029
0.052 0.989 -0.137
-0.561 0.198 1.313
0.313 -0.146 0.971
0.321 0.939 -0.126
