390
-0.207 0.038 -1.478
0.589 -0.402 -1.064
0.330 0.891 0.312
-0.167 0.313 -1.293
0.729 0.181 -0.870
0.091 0.989 0.116
0.221 0.153 -0.864
1.111 -0.189 -0.563
0.317 0.939 0.131
0.506 0.257 -1.311
0.620 -0.038 -0.363
0.017 0.955 0.295
0.589 0.242 -1.392
0.191 -0.164 -0.569
-0.201 0.914 0.354
0.594 0.251 -1.184
-0.096 -0.152 -0.583
-0.252 0.913 0.322
0.722 0.197 0.793
-0.248 -0.034 0.862
-0.234 0.972 -0.032
0.720 0.151 1.156
-0.084 -0.091 0.612
-0.236 0.968 -0.083
0.238 0.142 0.974
-0.361 -0.206 0.254
-0.256 0.936 -0.240
0.601 -0.028 0.684
-0.098 -0.644 0.321
-0.560 0.787 -0.259
0.791 0.252 -0.344
-0.109 -0.061 -0.044
-0.278 0.948 0.155
0.656 0.152 -0.151
0.449 -0.229 0.750
-0.096 0.925 0.369
