19
-1.895 0.377 -1.517
-0.958 0.095 -1.724
0.275 0.959 -0.061
-1.541 0.516 2.025
-0.712 0.357 1.488
0.133 0.987 -0.086
-1.007 0.402 -0.589
-0.182 0.060 -1.038
0.300 0.940 -0.164
1.344 0.389 -2.244
0.756 -0.289 -1.802
-0.541 0.736 0.407
-0.490 0.435 -0.994
0.349 -0.071 -0.795
0.493 0.862 0.117
2.314 0.552 -1.366
1.596 -0.065 -1.044
-0.563 0.787 0.252
-1.859 0.422 -1.545
-0.921 0.421 -1.196
0.001 1.000 0.000
-1.526 0.588 2.043
-0.841 -0.025 1.650
0.532 0.790 -0.304
2.944 0.568 -0.245
2.067 0.091 -0.178
-0.475 0.879 0.036
-1.518 0.502 2.053
-0.846 -0.042 1.550
0.435 0.839 -0.326
-0.643 0.368 1.619
-0.436 0.279 0.645
0.019 0.996 -0.087
-0.239 0.581 -1.191
0.301 -0.193 -0.862
0.661 0.633 0.403
-2.593 0.489 2.756
-1.892 -0.149 2.436
0.580 0.770 -0.265
-1.025 0.502 -2.198
-0.444 0.123 -1.478
0.238 0.925 0.295
0.540 0.357 -3.240
-0.039 0.007 -2.504
-0.217 0.937 0.275
-1.002 0.248 0.656
-0.201 -0.321 0.844
0.554 0.823 0.130
-0.878 0.570 0.810
-0.083 -0.035 0.764
0.604 0.796 -0.035
2.757 0.473 -0.227
1.997 -0.166 -0.348
-0.631 0.769 -0.101
1.253 0.439 -2.179
0.652 0.116 -1.448
-0.205 0.946 0.250
