825
0.568 0.147 -1.408
1.012 0.017 -0.522
0.074 0.991 0.109
0.584 0.104 -1.314
0.466 -0.240 -0.382
-0.028 0.939 0.343
0.480 0.093 -0.838
-0.246 -0.319 -0.288
-0.289 0.910 0.299
0.786 0.135 -0.333
-0.176 -0.135 -0.301
-0.271 0.961 -0.047
-0.151 0.091 0.290
-0.597 -0.348 -0.490
-0.207 0.899 -0.386
-0.037 0.100 0.186
0.512 -0.252 -0.572
0.286 0.931 -0.226
0.463 0.101 0.023
1.375 -0.244 0.244
0.336 0.939 0.076
1.137 0.129 -1.213
1.099 -0.217 -0.276
-0.072 0.937 0.343
1.093 0.108 -1.894
0.796 -0.236 -1.003
-0.125 0.939 0.320
0.645 0.062 -1.975
-0.060 -0.393 -1.430
-0.386 0.889 0.244
0.592 0.100 -1.001
-0.336 -0.273 -1.006
-0.363 0.906 -0.218
0.914 0.070 -0.175
0.431 -0.430 -0.894
-0.258 0.866 -0.429
0.152 0.055 0.127
0.782 -0.399 -0.504
0.325 0.891 -0.317
0.724 0.044 0.033
1.591 -0.444 -0.065
0.486 0.873 -0.043
1.294 0.159 -1.231
1.440 -0.151 -0.292
0.017 0.950 0.311
1.207 0.113 -1.087
1.141 -0.290 -0.174
-0.098 0.913 0.396
1.304 0.140 -0.475
0.380 -0.202 -0.300
-0.343 0.939 0.023
0.964 -0.089 0.538
0.136 -0.550 0.220
-0.475 0.879 -0.039
1.572 0.036 -0.347
0.758 -0.529 -0.480
-0.555 0.825 -0.106
0.839 0.050 -0.883
0.472 -0.499 -1.634
-0.225 0.836 -0.500
