15
0.169 0.511 -0.202
0.890 -0.128 0.067
0.598 0.769 0.223
0.858 0.409 -0.659
1.424 -0.216 -0.122
0.453 0.781 0.431
0.670 0.494 -0.091
0.875 -0.301 0.480
0.268 0.607 0.748
0.350 0.617 -0.654
1.024 0.116 -0.111
0.390 0.865 0.315
0.116 0.404 0.069
0.826 -0.239 -0.217
0.596 0.766 -0.240
1.259 0.515 0.336
1.755 -0.321 0.102
0.756 0.549 -0.357
1.171 0.573 0.030
1.316 -0.282 0.528
0.239 0.519 0.821
0.616 0.406 0.180
1.116 -0.295 -0.328
0.493 0.712 -0.500
1.310 0.474 -0.164
1.861 -0.332 0.050
0.752 0.591 0.292
1.942 0.463 -0.376
1.165 -0.167 -0.355
-0.630 0.777 0.017
1.170 0.567 -0.140
1.193 -0.214 0.484
0.029 0.624 0.781
0.114 0.453 -0.090
0.973 -0.010 -0.310
0.449 0.886 -0.115
1.056 0.549 -0.162
1.719 -0.127 0.160
0.608 0.737 0.295
0.673 0.632 0.248
1.355 -0.036 0.548
0.611 0.745 0.269
0.624 0.396 0.342
1.526 0.015 0.136
0.371 0.925 -0.085
