9
2.124 0.325 1.673
1.994 -0.003 0.737
-0.045 0.945 -0.325
1.442 0.388 -1.037
1.360 -0.096 -0.166
-0.046 0.875 0.482
-1.394 0.648 -1.293
-0.445 0.433 -1.062
0.209 0.977 0.051
1.214 0.574 -1.876
1.261 0.278 -0.922
0.015 0.955 0.296
-0.915 0.548 0.620
-0.022 0.262 0.966
0.267 0.958 0.103
-1.729 0.409 0.796
-0.861 -0.087 0.824
0.495 0.869 0.016
-2.497 0.309 -0.503
-1.699 0.510 0.065
-0.164 0.980 -0.116
-1.987 0.406 -1.165
-1.019 0.160 -1.220
0.245 0.969 -0.014
-0.715 0.264 -1.457
-0.345 0.489 -0.555
-0.085 0.974 -0.208
