10
-2.745 1.051 0.896
-1.923 0.542 0.637
0.485 0.861 -0.153
1.107 1.009 -2.038
1.087 0.329 -1.306
-0.019 0.732 0.681
-0.379 0.686 -0.408
0.423 0.092 -0.345
0.592 0.805 0.047
-0.668 0.722 2.049
-0.408 0.362 1.154
0.101 0.933 -0.346
-2.314 0.755 0.559
-1.480 0.207 0.629
0.545 0.837 0.046
-1.602 0.946 2.159
-1.068 0.829 1.321
0.063 0.993 -0.099
2.208 0.779 -3.075
1.514 0.470 -2.425
-0.226 0.951 0.211
-2.274 1.007 0.740
-1.371 0.682 0.460
0.311 0.945 -0.096
-0.861 0.865 2.200
-0.706 0.498 1.283
0.061 0.930 -0.362
1.515 0.995 -0.946
0.918 0.193 -0.977
-0.801 0.597 -0.042
