16
0.677 0.217 1.057
0.516 -0.423 0.305
-0.124 0.768 -0.628
0.671 0.348 0.980
0.707 0.080 0.017
-0.030 0.963 -0.269
0.699 0.326 0.892
0.248 0.042 0.046
-0.153 0.959 -0.240
0.547 0.362 1.037
-0.397 0.034 1.052
-0.328 0.943 -0.057
0.526 0.222 1.009
-0.292 -0.353 0.968
-0.569 0.817 -0.096
0.537 0.222 0.987
-0.277 -0.304 0.742
-0.488 0.849 -0.201
-0.008 0.139 1.082
-0.629 -0.581 0.772
-0.607 0.692 -0.391
-0.525 0.130 0.721
-0.288 -0.495 -0.024
0.012 0.768 -0.641
-1.290 0.104 0.148
-0.658 -0.598 -0.180
0.520 0.698 -0.492
-1.863 0.280 0.078
-1.394 -0.165 -0.684
0.343 0.887 -0.308
-1.814 0.361 0.016
-0.997 0.059 -0.474
0.295 0.951 -0.093
-1.783 0.135 -0.865
-1.256 -0.684 -1.091
0.799 0.569 -0.195
-1.365 0.165 -0.772
-0.695 -0.560 -0.606
0.709 0.689 0.151
-1.569 0.273 -0.781
-1.290 -0.094 0.106
0.175 0.928 0.329
-1.579 0.279 -0.786
-1.157 0.028 0.085
0.143 0.967 0.210
-0.416 0.171 -0.976
0.436 -0.351 -0.944
0.522 0.853 0.005
-0.433 0.218 -0.747
-0.197 -0.371 0.025
0.120 0.807 0.579
