15
0.867 -0.069 2.711
0.267 0.017 1.916
0.052 0.996 0.069
2.101 -0.020 0.134
1.360 -0.374 -0.438
-0.280 0.935 -0.216
2.423 -0.019 -1.225
1.530 -0.140 -0.792
-0.109 0.993 0.053
2.024 0.111 1.551
1.037 0.054 1.399
-0.057 0.998 -0.009
-1.494 0.042 1.872
-1.505 -0.100 0.883
-0.002 0.990 -0.143
-2.691 0.253 0.975
-2.454 -0.199 0.115
0.120 0.892 -0.436
1.274 -0.067 -1.158
0.407 -0.042 -0.661
0.021 1.000 -0.012
-0.145 -0.130 2.236
-0.318 -0.092 1.252
0.007 0.999 0.038
2.555 0.107 -0.552
1.597 0.325 -0.362
0.214 0.976 -0.042
1.407 -0.091 -1.635
0.657 -0.567 -1.175
-0.406 0.879 0.249
2.540 -0.088 -0.500
1.632 0.023 -0.096
0.102 0.994 -0.045
1.345 -0.118 2.100
1.413 -0.485 1.172
0.027 0.930 -0.366
1.798 0.248 1.497
0.854 -0.083 1.515
-0.331 0.944 0.006
1.261 -0.106 -0.066
0.483 0.173 -0.629
0.226 0.960 0.164
0.042 -0.044 1.577
-0.142 -0.227 0.611
-0.034 0.983 -0.180
