17
-0.323 0.727 -0.022
0.080 -0.157 0.216
0.761 0.468 0.449
-1.234 0.529 -0.122
-0.471 -0.104 0.014
0.623 0.775 0.110
-0.470 0.512 -1.356
-0.026 0.055 -0.584
0.228 0.890 0.396
-0.751 0.616 -0.728
-0.137 -0.133 -0.478
0.694 0.663 0.283
-0.353 0.575 -1.343
-0.026 0.125 -0.512
0.165 0.893 0.419
-1.157 0.403 0.546
-0.584 -0.148 -0.061
0.379 0.834 -0.401
-0.973 0.694 -0.194
-0.450 -0.054 0.215
0.589 0.664 0.461
-0.424 0.759 -0.037
-0.116 -0.110 -0.425
0.540 0.496 -0.680
0.832 0.671 0.472
0.313 -0.005 -0.052
-0.475 0.737 -0.480
-0.930 0.471 -0.585
-0.393 -0.100 0.036
0.373 0.821 0.432
0.185 0.404 0.796
-0.287 -0.299 0.263
-0.466 0.711 -0.526
-0.910 0.566 -0.745
-0.042 0.081 -0.639
0.481 0.875 0.059
-0.464 0.544 1.281
0.041 0.167 0.504
0.205 0.926 -0.316
0.259 0.463 1.462
-0.082 -0.107 0.715
-0.236 0.822 -0.519
-1.535 0.611 0.504
-0.651 0.316 0.140
0.272 0.956 -0.112
0.981 0.723 0.015
0.341 0.026 0.338
-0.622 0.717 0.314
0.372 0.616 -0.434
-0.290 -0.007 -0.019
-0.528 0.782 0.331
