12
-2.178 0.216 -1.618
-1.376 0.380 -1.044
-0.134 0.986 -0.096
-1.835 0.162 -1.543
-1.063 0.141 -0.908
0.016 1.000 0.013
-1.801 0.337 0.229
-1.231 -0.146 -0.436
0.314 0.876 -0.366
-1.765 0.465 -1.329
-1.142 -0.037 -0.729
0.361 0.865 0.348
1.850 0.349 1.235
1.172 -0.130 0.677
-0.370 0.878 -0.304
0.906 0.371 0.997
0.284 0.221 0.229
-0.094 0.989 -0.116
-0.442 0.246 0.539
-0.586 -0.186 -0.351
-0.069 0.902 -0.426
-1.857 0.423 -0.885
-1.228 -0.090 -0.301
0.376 0.858 0.350
-1.948 0.162 -0.140
-1.073 0.115 -0.622
0.041 0.999 -0.022
-1.688 0.240 -0.341
-0.813 0.116 -0.809
0.110 0.992 -0.059
0.942 0.254 -0.653
0.404 -0.361 -0.076
-0.420 0.789 0.450
-1.658 0.392 -0.494
-0.761 0.249 -0.912
0.129 0.990 -0.060
