10
0.798 0.258 -0.993
0.525 -0.676 -1.225
-0.712 0.358 -0.604
0.499 0.593 -0.993
0.104 -0.320 -1.099
-0.882 0.409 -0.235
1.449 0.509 -1.566
1.073 -0.222 -0.997
-0.403 0.682 0.610
0.552 0.526 -0.452
0.705 -0.164 -1.160
0.146 0.724 -0.674
1.405 0.382 -1.221
0.956 -0.393 -1.666
-0.551 0.632 -0.546
0.602 0.255 -1.595
0.952 -0.331 -0.863
0.253 0.811 0.528
0.534 0.489 -0.227
1.073 -0.127 -0.802
0.421 0.788 -0.449
0.597 0.516 -0.755
1.105 -0.309 -0.511
0.745 0.564 0.357
0.556 0.345 -1.143
0.780 -0.417 -1.752
0.263 0.648 -0.715
1.169 0.516 -0.216
0.578 0.010 -0.843
-0.347 0.862 -0.368
