11
0.145 0.186 0.564
0.937 0.189 -0.047
-0.003 1.000 0.002
0.302 0.261 1.998
0.599 0.161 1.049
0.030 0.995 -0.096
-1.321 0.266 -1.856
-0.429 0.366 -1.414
-0.090 0.995 -0.045
-1.168 0.224 0.219
-0.349 0.403 -0.325
-0.149 0.984 0.099
1.734 0.407 1.430
1.025 0.039 0.828
-0.281 0.930 -0.238
0.285 0.213 0.502
0.882 -0.213 -0.178
0.281 0.904 -0.321
1.397 0.279 1.694
1.384 -0.223 0.829
-0.008 0.865 -0.502
-0.845 0.408 -0.753
-0.025 -0.094 -0.477
0.475 0.865 0.160
-0.553 0.504 -2.453
-0.989 0.009 -1.702
-0.249 0.869 0.428
0.255 0.476 0.515
0.566 -0.241 -0.110
0.319 0.697 -0.642
-0.746 0.330 -0.424
0.127 -0.157 -0.388
0.487 0.873 0.020
