351
0.639 0.787 -3.804
-0.239 0.338 -3.639
-0.446 0.893 0.056
0.298 0.866 -5.055
-0.287 0.428 -4.372
-0.223 0.896 0.384
-1.601 1.053 -4.819
-1.572 0.551 -3.955
0.064 0.864 0.500
-2.786 1.155 -2.925
-2.230 0.653 -2.263
0.357 0.864 0.356
-2.633 1.182 -0.446
-2.152 0.660 0.259
0.401 0.845 0.353
-0.578 0.821 0.240
-0.102 0.311 0.956
0.384 0.853 0.353
-0.152 0.727 2.403
0.618 0.405 2.955
0.298 0.945 0.136
-0.657 0.893 2.862
0.287 0.634 2.658
0.266 0.964 0.009
-0.294 0.902 0.322
0.531 0.521 -0.094
0.388 0.919 -0.070
-0.389 0.795 -0.895
0.234 0.179 -1.378
0.498 0.788 -0.361
0.407 0.757 -1.342
-0.280 0.323 -1.925
-0.318 0.901 -0.296
