20
-0.342 -0.176 0.790
-0.943 -0.817 0.311
-0.567 0.763 -0.310
-0.169 0.040 0.804
-0.650 0.051 -0.072
-0.050 0.998 0.041
-0.750 -0.044 0.500
-1.662 -0.403 0.700
-0.356 0.933 0.046
-0.794 -0.129 0.631
-0.593 -0.632 1.471
0.286 0.850 0.442
-1.028 0.027 1.154
-0.323 -0.556 0.748
0.436 0.806 -0.402
-0.877 0.278 0.640
-1.320 0.352 -0.253
-0.110 0.985 0.136
-0.231 0.047 0.591
-1.221 -0.085 0.537
-0.134 0.990 0.045
0.666 -0.024 -0.259
-0.264 -0.189 0.071
-0.106 0.976 0.190
1.605 -0.110 -0.398
0.806 -0.586 -0.030
-0.434 0.880 0.194
0.348 0.066 0.229
-0.613 0.097 -0.044
-0.003 0.992 0.124
0.823 0.061 -0.032
-0.038 0.135 -0.535
-0.017 0.985 0.173
-0.234 0.050 0.662
-0.882 -0.079 1.412
-0.093 0.992 0.090
-1.518 0.448 1.119
-2.231 0.238 1.789
0.023 0.947 0.321
-0.866 0.124 0.805
-1.212 -0.140 -0.095
-0.123 0.964 -0.236
-0.344 0.098 0.750
0.615 -0.179 0.800
0.281 0.951 -0.132
0.987 -0.152 -0.577
1.761 -0.729 -0.318
0.545 0.816 0.192
0.683 -0.084 -0.414
1.530 -0.615 -0.439
0.467 0.765 -0.443
1.636 0.190 -0.335
2.101 0.217 -1.220
-0.292 0.948 -0.125
1.498 0.148 -0.410
2.223 -0.147 -1.032
0.087 0.936 -0.342
1.576 0.031 -0.478
2.172 -0.515 -1.067
0.287 0.830 -0.479
0.065 0.004 0.368
0.740 -0.519 -0.153
0.431 0.852 -0.298
