739
0.355 0.436 -1.810
0.869 -0.046 -1.100
0.281 0.876 0.391
0.182 0.495 -1.773
0.394 0.420 -0.799
0.060 0.996 0.064
0.503 0.480 -1.995
-0.233 0.348 -1.331
0.016 0.977 0.212
0.602 0.373 -2.048
0.699 -0.123 -1.186
0.091 0.867 0.489
-0.250 0.324 -1.391
-0.263 -0.385 -0.685
0.249 0.681 0.689
-0.568 0.449 -1.322
0.101 -0.127 -0.854
0.472 0.817 0.332
-0.287 0.356 -0.185
0.354 0.030 0.509
0.231 0.946 0.230
-0.255 0.320 0.937
0.677 -0.042 0.919
0.362 0.932 0.029
-0.399 0.296 1.034
0.288 -0.302 0.623
0.595 0.789 -0.152
-0.868 0.434 0.894
-0.038 -0.066 1.138
0.472 0.865 0.169
-0.604 0.431 0.905
0.163 0.216 1.509
0.170 0.977 0.131
-0.357 0.445 0.816
0.024 0.102 1.674
0.150 0.939 0.309
-0.361 0.345 0.320
-0.082 -0.301 1.030
0.106 0.756 0.646
-0.434 0.401 0.315
-0.963 0.009 1.068
-0.144 0.916 0.375
-0.312 0.504 0.362
-1.018 0.434 1.067
0.006 0.995 0.105
-0.414 0.269 0.081
-1.042 -0.504 0.171
-0.773 0.633 0.047
-0.429 0.351 -0.016
-1.198 -0.134 -0.432
-0.456 0.873 -0.175
-0.406 0.231 -0.161
-0.799 -0.571 -0.610
-0.593 0.595 -0.543
-0.197 0.119 0.486
-0.482 -0.757 0.875
-0.046 0.418 0.907
0.439 0.199 1.204
1.149 -0.504 1.211
0.703 0.710 -0.050
