11
2.056 0.120 -1.081
1.091 0.379 -1.124
0.259 0.966 0.012
1.772 0.194 -1.127
0.918 -0.324 -1.165
-0.518 0.855 -0.023
0.778 0.307 1.631
0.164 -0.196 1.022
-0.357 0.864 -0.354
2.083 0.288 -0.758
1.311 -0.296 -0.505
-0.555 0.812 0.181
0.801 0.423 1.163
0.135 0.504 0.422
0.054 0.997 0.060
-0.991 0.323 1.342
-0.358 -0.239 0.810
0.431 0.827 -0.361
1.977 0.318 -0.054
1.313 -0.355 0.271
-0.604 0.740 0.295
0.717 0.113 1.621
0.296 -0.392 0.867
-0.246 0.863 -0.441
0.793 0.175 1.221
0.163 0.203 0.444
0.018 1.000 0.022
-0.779 0.286 -1.103
-0.236 -0.248 -0.455
0.343 0.845 0.409
-1.834 0.267 -0.214
-1.030 -0.268 0.046
0.509 0.845 0.165
