76
0.118 0.077 -0.552
-0.198 -0.479 0.217
-0.239 0.831 0.503
0.179 0.046 -0.255
0.830 -0.571 0.188
0.520 0.787 0.332
0.057 0.059 -0.400
0.550 -0.536 -1.035
0.389 0.803 -0.451
-0.157 0.057 -0.367
-0.938 -0.551 -0.509
-0.591 0.793 -0.148
0.179 0.027 -0.236
-0.104 -0.571 0.514
-0.230 0.801 0.553
0.331 -0.543 -0.452
0.640 -0.999 0.383
0.074 0.887 0.456
0.204 -0.524 -0.449
-0.168 -0.893 0.403
-0.159 0.929 0.334
-0.056 -0.535 -0.545
-0.942 -0.955 -0.347
-0.406 0.908 0.107
0.025 0.242 -0.244
-0.816 0.075 0.272
-0.159 0.985 0.060
0.136 0.145 -0.335
-0.027 -0.387 0.496
-0.183 0.844 0.504
0.144 0.234 -0.400
0.114 0.107 0.591
-0.017 0.992 0.126
-0.148 0.135 -0.251
0.561 -0.375 0.236
0.412 0.860 0.300
-0.163 0.021 -0.392
0.551 -0.677 -0.457
0.697 0.716 -0.041
-0.465 0.010 -0.380
0.407 -0.455 -0.533
0.460 0.885 -0.067
0.292 0.158 0.354
1.120 -0.139 -0.122
0.282 0.954 -0.105
0.722 0.076 -0.436
1.670 -0.234 -0.362
0.308 0.950 0.043
1.300 0.461 -0.157
1.884 -0.342 -0.280
0.776 0.597 -0.203
1.346 0.545 0.196
2.030 -0.034 -0.247
0.607 0.789 -0.093
0.964 0.375 0.153
1.529 0.244 -0.662
-0.005 0.987 -0.162
0.482 0.280 -1.106
1.464 0.123 -0.993
0.153 0.987 0.040
0.968 0.313 -1.836
1.705 0.002 -1.237
0.190 0.947 0.259
0.786 0.332 -1.440
1.736 0.159 -1.183
0.159 0.984 0.075
0.119 0.101 -1.108
0.886 -0.537 -1.174
0.635 0.770 -0.060
0.302 0.018 -1.592
1.007 -0.642 -1.334
0.671 0.739 0.058
0.305 0.153 -1.520
1.224 -0.132 -1.245
0.279 0.958 0.059
0.306 0.005 -1.315
0.802 -0.787 -0.958
0.670 0.610 0.423
1.055 0.002 -1.467
1.009 -0.777 -0.842
-0.084 0.627 0.775
0.942 0.205 -0.799
0.939 -0.739 -0.468
-0.356 0.310 0.882
1.304 0.030 -0.771
1.155 -0.923 -0.508
-0.182 0.288 0.940
1.285 -0.705 -1.549
0.938 -1.087 -0.693
-0.131 0.924 0.359
1.378 0.095 -1.612
0.760 -0.504 -1.102
-0.481 0.801 0.357
1.475 0.109 -1.662
0.775 -0.522 -1.996
-0.582 0.775 -0.246
1.494 0.265 -1.596
0.537 0.209 -1.880
-0.068 0.997 0.031
1.469 0.147 -1.534
0.570 -0.277 -1.421
-0.417 0.905 0.083
1.302 0.036 -1.554
0.547 -0.612 -1.649
-0.650 0.760 -0.016
0.685 0.115 -1.212
0.422 -0.637 -1.816
-0.360 0.658 -0.662
0.383 0.526 -1.082
0.226 -0.039 -1.892
-0.071 0.824 -0.562
0.594 0.640 -1.267
-0.172 0.314 -1.822
-0.333 0.938 -0.092
0.846 0.553 -1.475
-0.018 0.271 -1.890
-0.301 0.953 -0.020
-0.189 0.182 -0.588
-0.310 -0.037 -1.556
-0.003 0.975 -0.221
-0.311 0.003 -0.432
-0.480 -0.728 -1.093
-0.179 0.682 -0.709
0.204 0.121 -0.804
-0.405 -0.305 -1.473
-0.347 0.902 -0.258
-0.191 0.188 -0.631
-0.244 -0.078 -1.593
-0.042 0.964 -0.264
-1.255 0.351 -1.101
-0.680 0.308 -1.918
0.089 0.996 0.011
-0.355 0.591 -0.663
-0.485 0.407 -1.637
-0.124 0.978 -0.168
-0.100 0.188 -0.717
-1.059 -0.057 -0.856
-0.247 0.969 -0.002
-0.067 0.132 -1.250
-0.876 -0.454 -1.197
-0.565 0.799 0.204
-0.683 0.132 -0.110
-1.271 -0.412 -0.709
-0.304 0.835 -0.459
-1.013 0.169 0.304
-1.831 -0.190 -0.145
-0.234 0.921 -0.310
-1.557 0.402 -0.033
-2.270 -0.048 -0.571
-0.448 0.882 -0.144
-0.687 0.239 -0.508
-1.104 0.020 -1.390
-0.162 0.973 -0.165
-1.100 0.185 -0.851
-1.041 -0.181 -1.780
0.035 0.931 -0.364
-0.869 0.469 -0.883
-1.469 -0.251 -1.229
-0.563 0.689 -0.457
-0.356 0.249 -0.671
-1.118 -0.122 -0.141
-0.295 0.928 0.226
-1.248 0.164 -0.816
-1.429 -0.129 0.123
-0.130 0.953 0.272
-0.998 0.235 -0.729
-1.658 -0.135 -0.075
-0.278 0.929 0.245
-1.166 0.215 -0.470
-0.816 -0.071 0.423
0.136 0.958 0.253
-0.944 0.120 -0.391
-0.575 -0.499 0.302
0.314 0.785 0.534
-0.744 0.058 -0.409
-1.040 -0.768 0.070
-0.355 0.561 0.748
-0.145 0.114 0.105
-0.503 -0.303 0.940
-0.132 0.908 0.397
0.602 0.103 1.237
-0.321 -0.276 1.178
-0.372 0.922 -0.104
0.735 0.099 0.693
0.220 -0.693 1.023
-0.751 0.602 0.272
0.819 0.202 0.472
0.190 -0.049 1.208
-0.193 0.967 0.165
0.290 0.195 0.363
0.567 -0.257 1.211
0.121 0.892 0.436
0.294 0.506 0.403
0.868 -0.060 0.996
0.414 0.824 0.387
1.021 0.359 0.530
1.129 -0.131 1.394
-0.035 0.867 0.496
1.426 0.165 0.148
1.265 -0.481 0.894
-0.272 0.756 0.595
1.583 0.116 0.045
1.323 -0.545 0.749
-0.385 0.739 0.552
1.384 -0.036 0.323
1.827 -0.930 0.381
0.827 0.433 0.359
1.139 -0.053 -0.015
1.597 -0.941 -0.053
0.880 0.459 -0.123
0.711 -0.385 0.280
0.795 -1.070 -0.444
0.022 0.727 -0.686
0.803 -0.056 0.180
0.683 -0.797 -0.480
-0.254 0.666 -0.702
0.880 -0.086 0.595
0.261 -0.872 0.597
-0.785 0.619 -0.016
0.483 -0.151 1.012
-0.030 -0.928 0.647
-0.751 0.612 -0.247
0.669 0.098 0.421
0.016 -0.580 0.083
-0.559 0.733 -0.388
0.607 0.156 0.406
-0.178 -0.163 -0.125
-0.285 0.947 -0.148
0.630 0.162 0.361
0.002 -0.075 -0.381
-0.197 0.970 -0.144
