516
-0.214 0.164 -0.455
-0.261 -0.356 0.397
-0.038 0.854 0.519
-0.086 0.239 -0.226
-0.936 -0.082 0.191
-0.280 0.947 0.159
-0.451 0.275 0.463
-1.240 -0.086 -0.035
-0.284 0.932 -0.225
-0.880 0.354 0.267
-1.859 0.157 0.210
-0.196 0.980 -0.015
-1.002 0.260 0.687
-1.518 -0.197 -0.038
-0.231 0.889 -0.397
-0.808 0.255 0.396
-0.414 -0.240 -0.379
0.316 0.864 -0.392
-0.642 0.265 -0.234
0.125 -0.232 -0.639
0.440 0.868 -0.231
-0.639 0.315 0.010
0.166 0.072 0.551
0.209 0.970 0.124
-0.009 0.250 -0.235
-0.475 -0.186 0.534
-0.224 0.900 0.375
-0.801 0.377 -0.028
-1.662 0.242 0.463
-0.109 0.991 0.083
-1.014 0.340 0.693
-1.852 0.036 0.238
-0.223 0.949 -0.224
-0.706 0.285 0.403
-0.538 -0.177 -0.468
0.152 0.885 -0.440
-0.116 0.260 0.107
0.035 -0.257 -0.736
0.163 0.854 -0.495
0.152 0.292 -0.073
0.909 -0.178 -0.526
0.417 0.882 -0.219
0.122 0.286 -0.731
0.888 -0.065 -0.192
0.249 0.934 0.255
-0.106 0.252 -0.589
0.025 -0.148 0.317
-0.013 0.914 0.405
