405
1.069 0.185 0.180
0.962 -0.290 -0.693
-0.093 0.879 -0.467
0.972 0.115 0.461
0.660 -0.390 -0.344
-0.249 0.861 -0.443
-0.222 0.226 0.276
-0.115 -0.086 -0.668
0.027 0.950 -0.311
0.667 0.323 0.304
-0.137 0.105 -0.249
-0.192 0.976 -0.105
0.233 0.295 -0.141
-0.602 0.104 0.374
-0.119 0.978 0.171
0.511 0.235 -0.262
0.078 -0.206 0.524
-0.145 0.895 0.422
0.457 0.317 -0.279
0.310 0.078 0.681
0.012 0.970 0.243
0.717 0.094 -0.415
0.996 -0.560 0.288
0.342 0.752 0.564
0.083 0.100 0.191
0.852 -0.506 -0.012
0.580 0.795 -0.180
0.570 0.327 0.416
0.835 0.117 -0.525
0.027 0.977 -0.210
-0.730 0.079 0.513
-0.035 -0.446 0.023
0.438 0.851 -0.290
-0.714 0.225 0.182
0.167 -0.215 0.358
0.431 0.898 0.086
0.759 0.232 0.322
0.999 -0.131 -0.579
0.070 0.931 -0.357
