37
-0.936 0.292 0.777
-0.444 -0.099 -0.000
0.210 0.920 -0.331
-0.986 0.216 0.676
-0.494 -0.305 -0.021
0.300 0.853 -0.426
0.372 0.349 0.183
0.068 -0.228 -0.575
-0.214 0.817 -0.535
-0.281 0.074 0.522
-0.355 -0.494 -0.297
-0.052 0.823 -0.566
0.295 0.224 -0.456
-0.327 -0.412 0.001
-0.513 0.772 0.376
-1.616 0.235 0.268
-0.883 -0.351 -0.076
0.531 0.810 -0.249
0.844 0.432 -0.328
0.020 -0.132 -0.271
-0.563 0.826 0.039
0.821 0.140 -0.346
-0.025 -0.380 -0.226
-0.515 0.854 0.073
-1.671 0.236 1.050
-1.129 -0.274 0.382
0.321 0.860 -0.396
0.834 0.181 -0.336
0.080 -0.429 -0.096
-0.582 0.792 0.185
0.044 0.121 0.305
-0.133 -0.262 -0.601
-0.073 0.924 -0.376
-0.115 0.330 0.185
-0.675 -0.442 -0.116
-0.680 0.635 -0.365
-0.383 0.301 -0.819
-0.764 -0.350 -0.162
-0.326 0.759 0.563
1.441 0.098 -0.704
0.650 -0.509 -0.624
-0.604 0.795 0.061
0.155 0.415 -0.025
-0.656 -0.123 -0.254
-0.518 0.843 -0.146
0.023 0.338 -0.328
-0.446 -0.487 -0.645
-0.683 0.566 -0.462
-1.288 0.434 0.173
-0.949 -0.120 -0.588
0.226 0.833 -0.506
-1.442 0.393 0.372
-0.560 -0.056 0.231
0.444 0.893 -0.071
-0.043 0.397 -0.602
-0.360 -0.250 0.091
-0.269 0.763 0.588
-1.941 0.123 0.487
-1.567 -0.416 -0.267
0.240 0.842 -0.483
0.766 0.338 -1.231
-0.043 -0.161 -0.919
-0.466 0.867 0.179
-1.300 0.438 -0.210
-0.880 -0.277 -0.768
0.431 0.699 -0.571
-1.303 0.265 -0.275
-0.695 -0.411 -0.693
0.557 0.737 -0.383
-1.607 0.398 0.544
-1.315 -0.224 -0.183
0.232 0.784 -0.577
-2.018 0.269 -0.212
-1.524 -0.334 0.414
0.374 0.797 0.473
-0.969 0.340 -0.229
-0.643 -0.348 -0.877
0.309 0.725 -0.615
-1.659 0.283 -0.612
-0.981 -0.179 -0.041
0.354 0.887 0.297
-0.309 0.193 -0.318
-0.638 -0.697 -0.634
-0.642 0.456 -0.616
-2.021 0.188 -0.284
-1.306 -0.125 0.341
0.235 0.950 0.206
0.653 0.088 0.173
-0.007 -0.191 0.870
-0.192 0.960 0.203
-0.642 0.331 -0.360
-0.268 -0.460 -0.845
0.483 0.612 -0.627
-1.047 0.286 -0.826
-0.551 -0.223 -0.123
0.294 0.861 0.416
-2.013 0.267 -0.096
-1.498 -0.346 0.502
0.401 0.790 0.464
-1.688 0.446 -0.278
-0.988 -0.131 0.144
0.494 0.817 0.297
-0.021 0.200 -0.075
-0.689 -0.389 0.380
-0.487 0.808 0.332
-1.612 0.161 0.404
-1.350 -0.428 -0.361
0.191 0.809 -0.556
-0.717 0.436 -0.862
-0.634 -0.222 -0.114
0.072 0.753 0.654
