11
0.211 0.223 -0.883
0.376 -0.192 0.012
0.075 0.909 0.409
-1.622 0.210 0.563
-0.658 -0.045 0.491
0.254 0.967 -0.019
1.312 0.070 -1.707
1.809 -0.162 -0.871
0.119 0.973 0.199
-1.300 0.306 0.284
-0.496 -0.290 0.293
0.595 0.803 0.007
1.241 0.022 -1.786
1.013 -0.411 -0.914
-0.109 0.902 0.418
0.463 -0.084 -0.602
0.581 -0.446 0.323
0.046 0.932 0.359
0.869 0.255 -2.330
0.815 -0.319 -1.513
-0.038 0.819 0.573
-1.448 0.287 0.412
-0.680 -0.350 0.349
0.635 0.770 -0.052
-0.725 0.225 0.125
0.004 -0.456 0.192
0.678 0.732 0.062
1.521 0.185 -1.100
0.715 -0.086 -0.575
-0.227 0.963 0.148
1.496 0.020 -1.080
0.744 -0.104 -0.432
-0.094 0.992 0.081
