26
2.810 0.316 -2.228
2.765 0.092 -1.255
-0.010 0.975 0.224
2.988 0.401 1.959
2.151 0.160 1.468
-0.208 0.970 -0.122
-3.157 0.419 -0.138
-2.202 0.132 -0.221
0.286 0.958 -0.025
-2.336 0.148 1.946
-1.568 0.016 1.319
0.102 0.991 -0.083
0.324 0.188 1.829
-0.320 0.063 1.074
-0.081 0.992 -0.095
-2.078 0.502 2.459
-1.494 0.141 1.732
0.226 0.932 -0.282
-2.862 0.233 1.620
-2.039 0.049 1.084
0.154 0.983 -0.100
1.966 0.247 -0.618
1.026 0.213 -0.278
-0.032 0.999 0.012
2.357 0.453 1.127
1.388 0.234 1.011
-0.217 0.976 -0.026
-3.292 0.167 1.288
-2.855 -0.275 0.505
0.215 0.897 -0.386
1.954 0.514 0.273
1.036 0.138 0.145
-0.373 0.926 -0.052
-2.722 0.423 -1.052
-1.786 0.389 -0.701
0.032 0.999 0.012
-2.939 0.194 0.737
-2.116 -0.104 0.252
0.257 0.955 -0.151
-3.273 0.432 -1.906
-2.548 -0.046 -1.412
0.396 0.878 0.269
2.428 0.137 1.120
1.625 0.061 0.529
-0.061 0.997 -0.045
0.260 0.342 1.182
-0.468 0.356 0.497
0.010 1.000 0.009
-2.313 0.320 2.172
-1.669 -0.098 1.531
0.296 0.909 -0.294
2.247 0.292 2.026
1.526 -0.283 1.640
-0.507 0.818 -0.272
1.209 0.422 1.768
0.669 -0.228 1.233
-0.461 0.761 -0.457
2.973 0.244 1.599
2.161 0.356 1.027
0.091 0.994 0.064
2.181 0.261 -0.637
1.245 0.181 -0.981
-0.075 0.997 -0.028
2.045 0.329 1.226
1.310 0.406 0.552
0.056 0.997 0.052
2.840 0.300 -1.943
2.107 0.337 -1.264
0.027 0.999 -0.025
-2.811 0.438 2.504
-2.237 -0.039 1.839
0.312 0.879 -0.362
-3.020 0.453 -0.146
-2.207 -0.075 -0.391
0.506 0.849 -0.153
-3.287 0.342 -0.903
-3.077 -0.212 -0.098
0.140 0.832 0.536
