14
2.324 0.986 -0.004
1.554 0.419 -0.297
-0.529 0.824 -0.201
1.451 1.000 0.515
0.799 0.345 0.134
-0.565 0.755 -0.331
1.492 0.906 0.741
1.097 0.296 0.054
-0.304 0.792 -0.529
2.278 1.043 -1.325
1.630 0.363 -0.984
-0.602 0.733 0.317
-2.073 0.756 -0.658
-1.316 0.118 -0.513
0.626 0.771 0.120
1.890 0.987 0.062
1.259 0.373 -0.411
-0.492 0.789 -0.368
-0.881 1.063 1.513
-0.421 0.447 0.875
0.361 0.787 -0.500
2.759 0.953 0.371
2.115 0.528 -0.266
-0.302 0.905 -0.299
-2.233 0.899 -1.480
-1.522 0.684 -0.809
0.156 0.977 0.147
1.959 0.897 0.052
1.274 0.204 0.275
-0.659 0.721 0.215
0.393 0.936 -1.731
0.037 0.395 -0.969
-0.229 0.841 0.490
-1.143 1.043 -1.108
-0.411 0.378 -1.257
0.652 0.746 -0.133
0.335 0.813 -2.030
0.052 0.447 -1.143
-0.111 0.931 0.349
1.635 0.761 -2.216
1.516 0.180 -1.412
-0.085 0.814 0.575
