454
1.449 0.052 -0.439
0.598 -0.360 -0.113
-0.392 0.911 0.130
0.694 0.107 -0.054
-0.222 -0.226 0.167
-0.315 0.942 0.115
0.369 0.368 -0.030
-0.174 0.182 -0.849
-0.105 0.983 -0.153
0.183 0.357 -0.181
1.147 0.114 -0.292
0.234 0.968 -0.086
-0.259 0.339 0.184
-0.874 0.013 0.902
-0.222 0.945 0.239
-0.936 0.181 0.558
-1.807 -0.295 0.435
-0.470 0.880 -0.073
-0.178 0.386 0.088
-1.107 0.284 -0.265
-0.084 0.994 -0.065
0.891 0.368 -0.322
-0.056 0.324 -0.639
-0.030 0.998 -0.052
1.159 0.099 -0.817
1.875 -0.416 -1.290
0.393 0.855 -0.338
0.535 0.097 -0.325
1.409 -0.379 -0.230
0.478 0.879 0.010
-0.569 0.149 0.259
0.319 -0.302 0.344
0.452 0.892 0.015
-1.672 0.162 0.800
-0.820 -0.357 0.866
0.519 0.854 0.026
-2.711 0.090 1.203
-1.937 -0.527 1.348
0.615 0.786 0.066
-3.489 0.193 1.410
-2.774 -0.417 1.751
0.559 0.793 0.243
