24
0.818 0.255 -2.123
0.199 -0.355 -1.629
-0.477 0.792 0.381
1.277 0.385 -1.650
0.727 0.065 -0.879
-0.186 0.947 0.261
0.966 0.493 1.852
1.029 -0.020 0.996
0.037 0.859 -0.511
0.075 0.351 2.190
0.735 -0.087 1.580
0.322 0.899 -0.297
-0.139 0.197 -1.443
0.199 -0.425 -0.737
0.269 0.783 0.561
-0.442 0.411 2.024
-0.104 0.023 1.167
0.142 0.922 -0.360
-0.278 0.245 -0.039
0.259 -0.575 0.163
0.766 0.574 0.290
-0.338 0.262 -0.197
0.199 -0.524 0.112
0.681 0.619 0.391
0.555 0.283 -1.588
0.864 -0.159 -0.746
0.152 0.897 0.415
0.608 0.217 -1.429
0.518 -0.243 -0.546
-0.047 0.888 0.457
-1.080 0.442 1.108
-0.486 -0.238 0.678
0.551 0.734 -0.398
-1.352 0.388 -0.291
-0.429 0.095 -0.541
0.283 0.956 -0.077
1.557 0.285 1.309
0.808 0.110 0.671
-0.133 0.985 -0.114
1.539 0.141 2.051
0.830 0.038 1.354
-0.074 0.995 -0.072
-0.917 0.249 1.797
-0.298 -0.367 1.311
0.485 0.787 -0.381
-0.928 0.464 1.801
-0.223 0.050 1.225
0.321 0.910 -0.262
1.485 0.409 2.065
0.759 0.199 1.410
-0.156 0.978 -0.141
-1.184 0.418 -0.438
-0.389 -0.114 -0.146
0.499 0.847 0.184
0.270 0.336 1.972
0.174 0.182 0.988
-0.015 0.988 -0.153
-0.360 0.463 2.356
0.052 -0.038 1.595
0.239 0.865 -0.441
-1.184 0.454 -0.440
-0.414 0.046 0.050
0.344 0.913 0.219
1.446 0.276 0.858
1.082 -0.386 0.203
-0.321 0.750 -0.579
-0.539 0.312 -2.106
0.234 -0.204 -1.738
0.466 0.856 0.222
-1.061 0.145 1.849
-0.350 -0.207 1.240
0.267 0.936 -0.229
