10
1.849 0.630 2.554
1.441 0.175 1.762
-0.208 0.891 -0.404
1.817 0.574 -1.754
1.560 0.173 -0.875
-0.113 0.916 0.385
4.989 0.473 -1.432
4.177 0.489 -0.848
0.013 1.000 -0.009
1.714 0.410 -0.912
1.699 0.011 0.005
-0.007 0.917 0.399
-3.985 0.485 -2.376
-3.210 0.346 -1.759
0.109 0.990 0.087
-1.391 0.711 2.792
-1.087 0.165 2.012
0.198 0.838 -0.509
4.899 0.471 0.135
4.074 0.037 0.499
-0.397 0.901 0.175
1.835 0.643 -1.894
1.180 0.263 -1.242
-0.269 0.925 0.268
-4.448 0.437 1.539
-3.565 0.218 1.124
0.199 0.976 -0.093
-3.943 0.615 0.843
-2.961 0.447 0.927
0.168 0.986 0.014
