16
1.308 0.162 0.726
1.312 -0.322 1.601
-0.101 0.870 0.482
1.257 0.358 0.715
1.009 0.263 1.679
-0.067 0.994 0.080
1.245 0.351 0.554
0.785 0.295 1.441
-0.041 0.998 0.043
1.139 0.223 0.299
0.387 0.018 0.926
-0.192 0.977 0.090
0.157 0.183 0.376
-0.777 0.049 0.705
-0.146 0.989 -0.009
1.046 0.122 1.026
1.931 -0.241 0.733
0.324 0.930 -0.175
0.413 0.061 0.539
1.239 -0.299 0.973
0.331 0.933 0.143
0.289 0.091 0.318
0.973 -0.242 0.966
0.246 0.943 0.225
1.121 0.218 0.832
0.956 -0.104 1.764
-0.079 0.947 0.313
1.387 0.378 0.787
1.325 0.352 1.784
0.017 1.000 0.027
-0.254 -0.046 0.180
-1.160 -0.458 0.090
-0.398 0.907 -0.141
-0.048 0.209 -0.333
-0.941 0.169 0.115
-0.036 0.999 0.017
-0.156 0.031 -0.203
-0.802 -0.430 -0.811
-0.318 0.887 -0.335
-0.156 -0.030 0.454
0.171 -0.663 -0.247
0.269 0.774 -0.573
0.589 0.046 1.021
1.492 -0.337 0.829
0.361 0.922 -0.141
0.344 0.035 0.596
1.290 -0.287 0.635
0.324 0.941 -0.093
0.552 0.265 0.248
0.856 0.144 1.193
0.055 0.993 0.109
