18
-1.257 0.540 1.016
-0.328 0.317 0.720
0.212 0.975 -0.068
-0.922 0.290 1.046
-0.320 -0.328 0.542
0.474 0.786 -0.397
1.229 0.551 0.058
0.667 0.227 0.819
-0.192 0.946 0.261
-1.232 0.534 1.019
-0.315 0.699 0.655
-0.153 0.986 0.061
2.075 0.265 0.854
1.130 0.288 1.181
0.022 1.000 -0.008
-0.740 0.567 0.265
0.184 0.529 -0.116
0.035 0.999 -0.014
1.248 0.408 -0.134
0.922 0.011 0.724
-0.141 0.918 0.371
-1.118 0.307 -0.438
-1.103 -0.072 0.488
0.006 0.925 0.379
-1.091 0.339 -0.702
-0.331 0.290 -0.054
0.037 0.999 0.032
-0.918 0.264 0.249
-0.111 -0.283 0.471
0.527 0.837 0.145
-0.323 0.485 -0.401
-0.581 0.193 0.520
-0.079 0.956 0.281
-1.356 0.245 -1.390
-0.580 0.399 -0.779
-0.121 0.988 -0.095
0.436 0.371 -0.000
-0.021 -0.449 0.344
-0.656 0.572 0.494
-1.454 0.343 -0.278
-1.156 -0.114 -1.117
0.152 0.890 -0.430
-0.390 0.375 0.296
0.327 0.048 -0.320
0.248 0.945 -0.213
0.483 0.226 -0.472
-0.023 0.262 0.389
0.018 0.999 -0.031
1.107 0.479 -0.820
0.503 -0.167 -0.352
-0.511 0.763 0.396
1.369 0.204 0.376
0.439 0.248 0.741
0.041 0.999 -0.016
