19
-1.326 -0.017 -0.954
-0.644 -0.041 -0.224
0.016 1.000 0.018
0.586 0.131 2.789
-0.404 0.069 2.662
-0.061 0.998 -0.008
-0.581 0.106 -0.560
-0.120 -0.158 0.287
0.126 0.964 0.232
1.737 0.043 -0.465
0.931 -0.032 0.122
-0.061 0.997 0.044
1.104 -0.070 2.024
0.212 -0.305 1.637
-0.216 0.972 -0.093
1.452 -0.047 1.223
0.476 -0.159 1.033
-0.110 0.994 -0.021
1.444 -0.130 0.347
0.513 -0.466 0.493
-0.332 0.942 0.052
0.378 0.032 -0.773
-0.159 0.135 0.064
0.056 0.995 -0.087
-0.887 0.116 0.252
-0.007 -0.258 0.548
0.354 0.928 0.119
1.264 0.072 -0.880
0.436 -0.044 -0.332
-0.096 0.993 0.064
-0.342 0.175 2.433
0.340 -0.077 1.746
0.177 0.968 -0.178
1.099 0.086 -0.600
0.243 -0.153 -0.143
-0.211 0.971 0.113
1.086 0.086 0.164
0.407 -0.541 0.545
-0.547 0.779 0.308
-0.596 -0.046 -0.151
-0.733 -0.616 0.658
-0.095 0.821 0.562
1.135 -0.171 0.282
0.181 -0.399 0.473
-0.224 0.974 0.045
0.337 -0.106 -0.530
0.416 0.151 0.433
-0.021 0.967 -0.255
-0.473 -0.037 -0.869
-0.351 -0.547 -0.017
0.072 0.860 0.505
-0.367 0.044 -0.518
0.575 -0.055 -0.196
0.093 0.995 0.032
-1.060 0.112 1.089
-0.195 -0.035 1.570
0.129 0.989 0.072
