20
-2.356 -0.062 -2.515
-1.792 -0.338 -1.737
0.163 0.961 0.224
1.927 0.162 -1.006
1.093 -0.205 -0.594
-0.329 0.930 0.162
2.402 0.020 1.639
1.635 -0.343 1.110
-0.298 0.932 -0.206
1.063 0.135 1.894
0.642 -0.402 1.164
-0.269 0.843 -0.466
-2.242 -0.005 -3.418
-1.726 -0.131 -2.570
0.065 0.992 0.107
-2.601 0.283 3.176
-1.946 0.043 2.460
0.162 0.971 -0.177
-1.616 0.058 0.550
-0.892 -0.311 -0.033
0.288 0.929 -0.231
2.481 0.251 -2.320
1.675 -0.078 -1.828
-0.281 0.944 0.171
-1.708 0.162 1.868
-1.100 -0.382 1.290
0.394 0.839 -0.375
-2.356 0.214 -3.176
-1.739 -0.009 -2.422
0.141 0.975 0.173
1.974 0.249 -1.005
1.327 -0.334 -0.514
-0.465 0.812 0.353
2.383 0.260 1.906
1.700 -0.030 1.236
-0.207 0.957 -0.203
1.953 0.175 0.314
1.192 -0.141 -0.252
-0.254 0.949 -0.189
2.922 0.087 -2.823
2.159 -0.116 -2.210
-0.159 0.979 0.128
-1.912 0.015 1.866
-1.361 -0.461 1.180
0.298 0.879 -0.371
-0.252 0.209 2.608
-0.594 0.012 1.689
-0.069 0.981 -0.184
1.066 0.160 2.281
0.744 -0.065 1.362
-0.074 0.974 -0.212
-2.398 0.290 -0.780
-1.466 -0.063 -0.696
0.352 0.936 0.032
-0.251 0.210 2.718
-0.337 -0.109 1.774
-0.029 0.948 -0.318
-0.250 0.290 2.930
-0.197 -0.371 2.181
0.046 0.751 -0.659
