23
4.200 0.360 0.958
3.233 0.183 0.776
-0.174 0.984 -0.033
1.414 0.067 2.319
0.452 0.160 2.061
0.090 0.996 0.024
3.539 0.317 0.995
2.596 0.108 0.735
-0.201 0.978 -0.055
-0.975 0.349 4.309
-0.822 -0.060 3.409
0.068 0.913 -0.403
3.627 0.377 -0.178
2.831 0.185 0.395
-0.156 0.981 0.113
-0.783 0.118 -2.177
-0.348 -0.340 -1.401
0.224 0.889 0.399
3.893 0.421 1.195
3.056 -0.040 0.900
-0.435 0.887 -0.153
3.961 0.272 1.143
2.969 0.377 1.213
0.104 0.994 -0.007
-0.975 0.248 3.269
-0.870 -0.123 2.346
0.042 0.929 -0.369
0.335 0.062 -3.953
-0.437 0.045 -3.318
-0.013 1.000 0.011
1.464 0.383 -3.246
0.828 0.112 -2.523
-0.179 0.963 0.203
4.034 0.424 -0.473
3.042 0.550 -0.488
0.126 0.992 0.002
-0.953 0.235 3.300
-1.440 -0.298 2.609
-0.308 0.846 -0.436
2.264 0.115 -2.284
1.907 -0.100 -1.375
-0.079 0.977 0.200
4.209 0.395 -0.224
3.444 -0.234 -0.362
-0.619 0.777 -0.111
-1.938 0.378 4.071
-1.926 -0.096 3.190
0.006 0.881 -0.473
-3.526 0.129 -0.342
-2.620 -0.252 -0.159
0.373 0.925 0.076
1.562 0.178 2.530
1.017 -0.272 1.823
-0.275 0.893 -0.357
1.999 0.159 0.979
1.181 -0.226 0.552
-0.341 0.923 -0.178
-0.065 0.325 2.390
-0.981 0.309 1.989
-0.015 1.000 -0.006
-3.920 0.259 -0.110
-2.942 0.058 -0.044
0.201 0.980 0.014
-0.713 0.179 3.640
-0.741 0.045 2.649
-0.004 0.991 -0.134
2.859 0.349 -1.164
1.872 0.473 -1.060
0.124 0.992 -0.013
