18
-0.095 0.056 -0.934
0.080 -0.684 -0.285
0.143 0.672 0.727
0.094 0.018 -1.040
-0.021 -0.652 -0.307
-0.261 0.733 0.628
0.010 0.084 -1.021
0.233 -0.609 -0.336
0.125 0.717 0.685
0.235 0.172 -0.831
0.901 -0.333 -0.282
0.301 0.855 0.421
-0.064 0.228 -0.940
0.708 -0.165 -0.441
0.276 0.915 0.295
-0.029 0.250 -0.879
0.922 -0.047 -0.973
0.302 0.952 0.046
-0.215 0.184 -0.733
0.552 -0.186 -1.258
0.295 0.929 -0.223
-0.293 0.233 -0.766
0.287 -0.117 -1.501
0.229 0.937 -0.265
0.161 0.191 -0.933
-0.117 -0.215 -1.803
-0.206 0.910 -0.359
0.572 0.406 -0.759
-0.240 0.299 -1.334
-0.084 0.994 -0.066
0.588 0.138 -0.760
-0.114 -0.461 -1.145
-0.550 0.800 -0.241
0.572 0.228 -0.693
-0.324 -0.204 -0.796
-0.428 0.902 -0.058
0.641 0.063 -0.915
0.038 -0.684 -0.635
-0.687 0.664 0.295
0.349 0.269 -0.954
-0.289 -0.113 -0.285
-0.319 0.921 0.223
0.283 0.174 -0.907
-0.508 -0.314 -0.538
-0.472 0.871 0.139
0.081 0.155 -0.799
-0.748 -0.403 -0.840
-0.556 0.829 -0.052
0.078 0.383 -0.640
-0.859 0.338 -0.987
-0.085 0.991 0.101
0.524 0.096 -0.888
-0.086 -0.616 -0.539
-0.614 0.703 0.359
-0.377 0.204 -1.005
-0.465 -0.269 -0.127
-0.216 0.869 0.446
