14
-0.015 0.383 -1.053
0.391 -0.265 -0.409
0.345 0.761 0.549
-0.799 0.372 -2.194
-0.466 -0.206 -1.449
0.236 0.816 0.528
0.675 0.245 -1.364
0.671 -0.400 -0.599
-0.003 0.765 0.644
-0.315 0.345 1.121
0.234 -0.400 0.743
0.614 0.667 -0.423
0.881 0.414 1.359
0.258 -0.209 0.887
-0.497 0.782 -0.376
-1.430 0.379 -0.855
-0.803 -0.162 -0.295
0.404 0.841 0.361
0.977 0.455 -1.568
0.412 -0.082 -0.941
-0.359 0.844 0.398
0.720 0.214 -1.547
0.097 -0.354 -1.010
-0.431 0.823 0.371
-1.100 0.348 -1.274
-0.414 -0.105 -0.704
0.349 0.891 0.289
-0.432 0.433 0.824
0.062 -0.224 0.254
0.430 0.754 -0.496
0.301 0.537 0.801
0.364 -0.104 0.036
0.053 0.767 -0.639
-0.878 0.560 1.039
-0.190 -0.014 0.596
0.483 0.819 -0.311
-0.414 0.377 -0.153
-0.022 -0.460 0.228
0.600 0.547 0.583
-0.911 0.226 1.034
-0.161 -0.268 0.595
0.426 0.870 -0.250
