1684
-0.859 0.009 2.692
-0.012 -0.521 2.726
0.531 0.844 -0.074
-1.487 0.085 2.558
-0.583 -0.288 2.350
0.349 0.926 -0.145
-1.233 0.020 2.669
-0.385 -0.506 2.600
0.511 0.844 -0.161
-0.576 0.077 3.394
0.042 -0.564 2.938
0.425 0.760 -0.492
-0.788 0.041 2.671
0.042 -0.431 2.969
0.495 0.869 0.000
-1.019 0.064 1.981
-0.451 -0.082 2.790
0.089 0.989 0.115
-0.710 0.028 1.589
-0.835 -0.145 2.567
-0.041 0.985 0.169
-0.809 -0.006 2.229
-1.083 -0.317 3.139
-0.099 0.951 0.294
-0.044 0.109 3.461
-0.895 -0.257 3.838
-0.371 0.927 0.061
0.045 0.154 3.429
-0.910 -0.066 3.232
-0.197 0.972 -0.130
-0.676 0.101 3.420
-1.254 -0.335 2.731
-0.189 0.893 -0.407
-0.779 0.124 3.548
-0.671 -0.367 2.683
0.107 0.870 -0.481
-1.018 0.036 3.077
-0.220 -0.546 2.923
0.530 0.800 -0.282
-1.522 0.042 2.265
-0.755 -0.507 1.933
0.513 0.836 -0.196
-0.606 -0.019 0.696
0.312 -0.354 0.907
0.322 0.942 0.094
-0.490 -0.177 -0.289
-0.112 -0.730 0.454
0.252 0.833 0.493
-0.413 -0.090 0.029
0.077 -0.495 0.800
0.218 0.914 0.342
-0.153 -0.164 -0.234
-0.613 -0.661 0.502
-0.190 0.865 0.465
-0.233 -0.032 0.195
-1.199 -0.287 0.220
-0.257 0.964 -0.069
0.221 -0.119 0.641
-0.575 -0.524 0.190
-0.335 0.914 -0.229
