50
-0.859 0.009 2.692
-0.012 -0.521 2.726
0.531 0.844 -0.074
-1.487 0.085 2.558
-0.583 -0.288 2.350
0.349 0.926 -0.145
-1.233 0.020 2.669
-0.385 -0.506 2.600
0.511 0.844 -0.161
-0.576 0.077 3.394
0.042 -0.564 2.938
0.425 0.760 -0.492
-0.788 0.041 2.671
0.042 -0.431 2.969
0.495 0.869 0.000
-1.019 0.064 1.981
-0.451 -0.082 2.790
0.089 0.989 0.115
-0.710 0.028 1.589
-0.835 -0.145 2.567
-0.041 0.985 0.169
-0.809 -0.006 2.229
-1.083 -0.317 3.139
-0.099 0.951 0.294
-0.044 0.109 3.461
-0.895 -0.257 3.838
-0.371 0.927 0.061
0.045 0.154 3.429
-0.910 -0.066 3.232
-0.197 0.972 -0.130
-0.676 0.101 3.420
-1.254 -0.335 2.731
-0.189 0.893 -0.407
-0.779 0.124 3.548
-0.671 -0.367 2.683
0.107 0.870 -0.481
-1.018 0.036 3.077
-0.220 -0.546 2.923
0.530 0.800 -0.282
-1.522 0.042 2.265
-0.755 -0.507 1.933
0.513 0.836 -0.196
-0.606 -0.019 0.696
0.312 -0.354 0.907
0.322 0.942 0.094
-0.490 -0.177 -0.289
-0.112 -0.730 0.454
0.252 0.833 0.493
-0.413 -0.090 0.029
0.077 -0.495 0.800
0.218 0.914 0.342
-0.153 -0.164 -0.234
-0.613 -0.661 0.502
-0.190 0.865 0.465
-0.233 -0.032 0.195
-1.199 -0.287 0.220
-0.257 0.964 -0.069
0.221 -0.119 0.641
-0.575 -0.524 0.190
-0.335 0.914 -0.229
-0.080 0.045 -0.018
-0.607 -0.010 -0.866
0.028 0.996 -0.081
-0.743 -0.113 0.211
-0.711 -0.666 -0.621
0.109 0.830 -0.547
-0.975 -0.102 0.149
-0.127 -0.620 0.039
0.516 0.855 -0.047
-0.963 -0.138 0.335
-0.247 -0.655 0.802
0.495 0.850 0.182
-0.511 -0.070 0.226
0.356 -0.511 -0.006
0.433 0.897 -0.084
-0.270 -0.053 -0.051
0.569 -0.427 -0.448
0.324 0.927 -0.189
-0.270 -0.114 -1.485
0.604 -0.566 -1.660
0.436 0.892 -0.124
-0.182 -0.237 -2.107
0.487 -0.833 -1.662
0.490 0.803 0.339
-0.078 0.011 -1.149
0.806 -0.252 -1.536
0.261 0.964 -0.058
-0.141 -0.109 -0.970
0.506 -0.528 -1.607
0.268 0.907 -0.324
0.247 -0.190 -2.338
0.683 -0.655 -3.109
0.206 0.885 -0.418
0.427 -0.209 -2.426
0.564 -0.740 -3.263
-0.020 0.843 -0.538
0.682 -0.119 -3.181
0.673 -0.669 -4.015
0.062 0.833 -0.550
0.695 -0.303 -2.447
0.583 -0.936 -3.212
-0.211 0.768 -0.605
0.883 -0.180 -1.736
0.210 -0.763 -2.190
-0.496 0.812 -0.307
0.709 -0.116 -1.479
-0.235 -0.442 -1.446
-0.324 0.944 0.061
0.362 -0.216 -2.035
-0.329 -0.810 -1.624
-0.488 0.803 0.341
0.023 -0.141 -2.277
0.078 -0.580 -1.380
0.064 0.898 0.436
-0.080 -0.172 -2.124
0.761 -0.705 -2.034
0.536 0.844 0.002
0.454 -0.135 -2.863
1.250 -0.637 -3.201
0.446 0.864 -0.233
0.700 -0.095 -3.118
1.565 -0.596 -3.114
0.501 0.865 0.024
0.034 -0.203 -2.532
0.713 -0.836 -2.903
0.558 0.774 -0.299
-0.072 -0.067 -2.111
0.696 -0.433 -1.587
0.306 0.931 0.201
-0.232 0.006 -0.935
0.407 -0.243 -0.208
0.162 0.969 0.189
-0.372 -0.112 -0.091
-0.471 -0.583 0.785
-0.006 0.881 0.473
-0.550 -0.071 1.003
-1.230 -0.447 1.633
-0.240 0.925 0.294
-1.097 0.028 2.154
-1.438 -0.245 3.053
-0.088 0.962 0.259
-0.785 0.012 3.080
-1.458 -0.368 3.715
-0.260 0.925 0.277
-0.475 0.128 4.188
-0.960 -0.431 3.515
-0.180 0.817 -0.548
-0.617 0.089 3.298
0.022 -0.493 2.795
0.432 0.813 -0.391
-1.165 0.072 2.297
-0.319 -0.383 2.018
0.430 0.890 -0.152
