12
0.825 0.238 -0.183
-0.019 0.235 0.353
-0.003 1.000 0.002
-0.734 0.521 -0.896
-0.508 0.267 0.044
0.060 0.967 0.247
1.805 0.528 0.685
1.145 -0.160 0.384
-0.626 0.725 -0.286
-0.196 0.293 -1.280
-0.541 0.071 -0.368
-0.079 0.975 0.208
-0.613 0.290 0.545
0.146 -0.314 0.303
0.576 0.797 -0.184
2.050 0.321 0.457
1.204 -0.182 0.632
-0.492 0.864 0.102
1.829 0.288 0.697
1.056 -0.322 0.524
-0.595 0.792 -0.133
1.498 0.567 -1.010
0.763 0.062 -0.557
-0.430 0.863 0.265
2.080 0.470 0.391
1.116 0.430 0.652
-0.038 0.999 0.010
1.089 0.311 1.804
1.161 -0.311 1.024
0.056 0.783 -0.619
-1.039 0.371 -1.709
-1.293 0.248 -0.749
-0.031 0.992 0.119
-1.601 0.332 -0.098
-0.713 -0.097 0.068
0.423 0.903 0.079
