33
4.204 0.552 -1.636
3.509 0.238 -0.990
-0.230 0.949 0.214
5.401 0.423 -0.707
4.433 0.219 -0.557
-0.202 0.979 0.031
1.016 0.409 -3.211
0.636 0.058 -2.355
-0.142 0.937 0.320
0.524 0.508 -2.919
0.552 0.380 -1.927
0.004 0.992 0.127
0.224 0.466 -3.830
0.170 0.402 -2.833
-0.003 0.998 0.064
1.408 0.446 -1.051
0.498 0.134 -0.776
-0.298 0.950 0.090
-2.414 0.341 -2.112
-1.840 0.071 -1.339
0.161 0.963 0.217
4.170 0.512 -2.217
3.635 0.155 -1.451
-0.205 0.934 0.293
-3.028 0.297 0.748
-2.077 0.186 0.460
0.106 0.994 -0.032
4.664 0.254 -1.366
3.810 -0.136 -1.021
-0.362 0.921 0.146
-0.700 0.262 3.110
-1.475 0.211 2.481
-0.039 0.999 -0.032
-0.853 0.469 2.895
-0.762 0.304 1.913
0.015 0.986 -0.165
-0.438 0.376 -2.526
-0.760 0.052 -1.636
-0.110 0.946 0.304
-1.511 0.428 -2.923
-1.276 0.314 -1.957
0.027 0.994 0.110
-1.925 0.267 1.910
-1.459 0.138 1.034
0.061 0.992 -0.114
-2.333 0.547 1.130
-1.863 -0.051 0.481
0.351 0.801 -0.484
0.968 0.478 -3.175
0.347 0.036 -2.528
-0.307 0.897 0.319
-2.150 0.380 2.768
-2.760 0.027 2.059
-0.231 0.935 -0.268
-2.024 0.287 -2.230
-1.163 0.258 -1.723
0.025 1.000 0.015
1.397 0.190 -2.275
0.624 -0.263 -1.830
-0.393 0.892 0.226
5.110 0.198 -1.718
4.425 0.242 -0.990
0.030 0.999 -0.032
-2.863 0.488 1.540
-2.278 0.107 0.824
0.241 0.925 -0.295
-0.313 0.358 1.972
-0.204 0.153 0.999
0.023 0.979 -0.204
-1.820 0.439 3.195
-1.038 0.157 2.639
0.230 0.959 -0.164
3.188 0.446 0.176
2.324 0.390 -0.325
-0.048 0.998 -0.028
-1.879 0.190 2.009
-1.318 0.169 1.182
0.012 1.000 -0.018
4.814 0.561 -2.441
4.118 0.185 -1.829
-0.282 0.927 0.248
3.270 0.271 0.291
2.363 0.339 -0.126
0.061 0.998 0.028
-2.145 0.376 2.776
-2.837 0.268 2.062
-0.075 0.994 -0.077
0.648 0.186 -2.767
0.650 -0.365 -1.933
0.001 0.835 0.551
-2.347 0.456 -2.789
-1.931 0.466 -1.880
-0.004 1.000 -0.009
0.642 0.308 1.635
-0.064 0.279 0.927
-0.020 1.000 -0.021
-1.984 0.375 -2.292
-1.679 0.041 -1.400
0.108 0.943 0.316
