9
1.950 0.055 0.055
1.104 -0.274 -0.363
-0.295 0.944 -0.146
-1.564 0.225 1.566
-1.633 -0.282 0.707
-0.041 0.862 -0.505
0.302 0.236 1.229
-0.144 -0.111 0.404
-0.165 0.938 -0.305
-1.652 0.194 1.225
-1.063 -0.399 0.675
0.433 0.805 -0.405
-1.929 0.303 -1.108
-1.216 -0.274 -0.709
0.503 0.817 0.282
2.148 0.041 0.821
1.496 0.019 0.063
-0.014 1.000 -0.016
1.881 0.196 0.834
1.115 -0.417 0.638
-0.594 0.790 -0.151
-2.077 0.211 0.076
-1.361 -0.316 0.534
0.444 0.850 0.284
0.562 0.385 -0.403
-0.230 -0.193 -0.203
-0.560 0.816 0.141
