9
1.179 0.289 1.289
0.517 -0.192 0.715
-0.364 0.877 -0.315
0.605 0.182 1.207
-0.316 -0.146 0.999
-0.320 0.945 -0.072
1.022 0.268 -0.374
0.041 0.361 -0.204
0.091 0.996 -0.016
-1.685 0.248 0.263
-0.872 -0.231 -0.068
0.444 0.878 -0.180
1.420 0.028 1.323
0.760 -0.507 0.795
-0.417 0.845 -0.334
1.273 0.341 0.628
0.738 -0.323 0.106
-0.475 0.748 -0.464
-1.310 0.056 -1.325
-0.547 -0.413 -0.881
0.405 0.883 0.236
-1.964 0.076 0.324
-1.183 -0.267 -0.197
0.286 0.939 -0.191
1.210 0.205 -0.347
0.298 0.372 -0.722
0.154 0.986 0.063
