10
1.955 0.381 -1.336
1.039 0.049 -1.114
-0.323 0.943 0.078
1.332 0.154 1.768
0.611 0.358 1.106
0.150 0.979 0.138
1.240 0.203 1.740
0.591 0.261 0.981
0.037 0.998 0.044
2.270 0.198 -0.467
1.309 0.258 -0.196
0.058 0.998 -0.016
1.668 0.152 0.224
0.715 -0.132 0.326
-0.283 0.959 0.030
1.298 0.128 0.685
0.593 -0.124 0.022
-0.184 0.968 -0.172
-0.690 0.250 -1.734
-0.203 -0.276 -1.035
0.300 0.851 0.431
-1.142 0.415 -1.844
-0.761 0.142 -0.960
0.108 0.962 0.251
-2.010 0.375 0.801
-1.280 -0.178 0.399
0.484 0.833 -0.267
1.307 0.076 0.113
0.487 -0.455 -0.099
-0.515 0.847 -0.133
