16
0.050 0.386 0.480
0.679 -0.369 0.663
0.725 0.656 0.212
-0.607 0.252 0.667
0.207 -0.281 0.897
0.513 0.846 0.145
0.699 0.241 0.067
0.926 -0.417 0.785
0.198 0.753 0.627
1.192 0.469 -0.015
0.739 -0.187 0.588
-0.394 0.755 0.525
0.036 0.247 1.000
0.840 -0.250 0.672
0.460 0.868 -0.187
-0.667 0.304 0.714
0.213 -0.102 0.959
0.391 0.914 0.109
0.145 0.556 0.976
0.131 -0.194 0.314
-0.015 0.662 -0.749
-0.736 0.234 0.463
-0.010 -0.062 1.084
0.225 0.955 0.192
-0.613 0.265 0.913
0.351 0.003 0.873
0.261 0.965 -0.011
0.221 0.266 -0.085
0.999 -0.344 0.065
0.599 0.792 0.116
0.264 0.397 0.356
0.636 -0.269 1.002
0.332 0.746 0.577
-0.077 0.508 0.992
0.474 -0.324 1.053
0.827 0.554 0.091
0.115 0.508 -0.055
0.906 0.175 0.457
0.280 0.943 0.181
1.012 0.397 0.362
0.522 -0.348 -0.090
-0.548 0.667 -0.505
0.330 0.244 0.916
0.914 -0.156 0.209
0.255 0.917 -0.308
0.007 0.434 1.008
0.678 -0.307 1.011
0.741 0.671 0.004
