547
0.317 0.012 0.825
-0.001 -0.741 0.250
-0.283 0.655 -0.701
0.314 0.108 0.828
-0.102 -0.446 0.107
-0.213 0.830 -0.516
0.274 0.039 0.824
-0.356 -0.630 0.427
-0.507 0.740 -0.442
0.250 0.261 0.868
-0.604 0.003 0.416
-0.200 0.965 -0.172
0.209 0.229 0.818
-0.722 -0.122 0.711
-0.344 0.935 -0.083
0.259 0.225 0.814
-0.622 -0.130 1.125
-0.359 0.932 0.050
0.409 0.303 0.497
-0.134 0.178 1.327
-0.115 0.991 0.074
0.364 0.239 0.532
-0.194 -0.018 1.321
-0.178 0.966 0.188
0.402 0.176 0.722
0.170 -0.221 1.610
-0.141 0.917 0.373
-0.434 0.141 0.809
0.291 -0.438 1.181
0.541 0.814 0.212
-0.460 0.100 0.889
0.246 -0.557 0.624
0.607 0.754 -0.251
-0.138 0.229 1.008
0.242 -0.247 0.214
0.187 0.879 -0.438
0.038 0.363 0.924
0.642 0.223 0.140
0.086 0.990 -0.110
-0.222 0.111 0.919
0.422 -0.520 0.488
0.533 0.775 -0.339
-0.023 0.298 0.655
0.940 0.053 0.763
0.245 0.969 0.017
-0.101 0.102 0.764
0.648 -0.468 1.104
0.574 0.813 0.097
0.150 0.044 0.828
0.024 -0.700 0.172
-0.180 0.668 -0.722
