10
0.554 0.897 1.654
0.752 0.178 0.988
0.205 0.695 -0.689
1.496 1.004 0.785
1.085 0.278 0.235
-0.435 0.687 -0.582
1.430 0.900 0.673
1.074 0.189 0.066
-0.359 0.704 -0.613
1.143 0.976 -2.886
0.776 0.620 -2.026
-0.140 0.935 0.327
1.241 0.800 -0.793
0.709 0.047 -0.407
-0.610 0.658 0.442
0.962 0.657 -2.806
1.159 0.178 -1.950
0.107 0.878 0.467
1.040 0.937 -2.672
1.552 0.284 -2.113
0.440 0.758 0.481
2.655 0.847 -0.788
1.806 0.322 -0.725
-0.524 0.851 0.038
-2.128 0.911 -0.963
-1.447 0.210 -0.750
0.669 0.713 0.209
3.036 0.917 -0.145
2.367 0.442 -0.716
-0.361 0.880 -0.308
