12
0.190 0.497 0.434
0.882 0.192 -0.221
0.227 0.952 -0.204
0.542 0.433 0.296
1.438 -0.006 0.228
0.443 0.894 0.060
1.416 0.436 0.130
1.725 0.001 0.976
0.105 0.899 0.425
1.163 0.427 0.244
0.736 -0.125 0.960
-0.322 0.833 0.450
-0.153 0.415 0.917
-1.076 0.036 0.991
-0.382 0.924 -0.026
-0.435 0.459 0.584
-1.130 0.125 -0.053
-0.217 0.942 -0.256
-0.215 0.427 0.427
0.049 0.033 -0.453
0.183 0.917 -0.355
0.540 0.366 0.167
1.234 -0.067 -0.408
0.353 0.901 -0.252
0.577 0.380 0.215
1.342 -0.128 -0.182
0.528 0.846 -0.065
0.850 0.392 0.496
1.707 -0.104 0.638
0.475 0.866 0.153
0.844 0.448 0.045
1.574 0.007 0.566
0.298 0.892 0.339
0.782 0.410 0.224
0.869 -0.111 1.073
-0.011 0.852 0.523
0.242 0.431 0.545
-0.640 -0.017 0.690
-0.445 0.894 0.058
