20
-0.639 0.299 -0.432
0.298 0.032 -0.658
0.259 0.964 -0.063
3.437 0.612 -0.373
3.063 -0.018 -1.054
-0.303 0.777 -0.552
-1.463 0.610 -0.155
-0.655 0.312 -0.662
0.252 0.955 -0.158
2.728 0.433 -2.440
2.709 -0.082 -1.583
-0.012 0.857 0.515
-2.068 0.332 1.731
-1.517 0.109 0.927
0.126 0.975 -0.183
-0.762 0.439 -0.390
-0.146 -0.321 -0.186
0.722 0.649 0.240
2.716 0.625 -1.443
2.153 0.148 -0.768
-0.306 0.879 0.366
1.722 0.319 -2.037
1.328 -0.118 -1.229
-0.192 0.899 0.393
-1.134 0.479 -1.408
-0.448 -0.093 -0.958
0.478 0.821 0.313
-1.763 0.454 0.619
-0.859 0.027 0.579
0.427 0.904 -0.019
2.256 0.279 -2.430
1.641 -0.144 -1.764
-0.287 0.906 0.311
2.300 0.509 -1.298
1.420 0.056 -1.444
-0.447 0.892 -0.074
2.937 0.296 -1.853
2.281 0.321 -1.098
0.017 1.000 -0.019
-1.101 0.657 -0.278
-0.726 -0.094 0.265
0.426 0.660 0.618
-1.618 0.452 0.990
-0.799 -0.084 0.785
0.520 0.844 -0.130
3.555 0.413 -0.040
2.911 -0.009 -0.679
-0.299 0.907 -0.297
1.473 0.588 0.569
0.887 0.034 -0.023
-0.389 0.833 -0.394
1.499 0.480 -2.165
0.761 0.224 -1.541
-0.196 0.967 0.165
1.494 0.348 -2.164
1.067 0.269 -1.262
-0.034 0.997 0.071
2.435 0.494 -0.198
1.635 0.273 0.360
-0.181 0.975 0.126
