20
0.228 0.245 -0.446
0.092 -0.168 0.455
-0.065 0.911 0.408
0.206 0.291 -0.570
0.351 0.061 0.392
0.047 0.973 0.226
0.676 0.259 -0.740
1.311 0.122 0.021
0.111 0.990 0.086
1.065 0.143 -0.913
1.847 -0.213 -0.402
0.320 0.934 0.160
1.309 0.245 0.113
1.978 -0.106 -0.543
0.209 0.935 -0.287
1.865 0.215 0.320
2.119 -0.247 -0.530
0.073 0.885 -0.459
1.150 0.241 0.426
1.292 -0.076 -0.512
-0.017 0.946 -0.322
0.868 0.293 0.528
0.634 0.078 -0.421
-0.006 0.975 -0.220
1.093 0.159 0.617
0.311 -0.199 0.106
-0.320 0.933 -0.164
0.179 0.177 0.894
-0.703 -0.222 0.643
-0.408 0.913 -0.015
0.168 0.182 -0.147
-0.252 -0.269 0.641
-0.146 0.890 0.432
0.100 0.221 -0.461
0.192 -0.200 0.441
0.063 0.907 0.417
0.274 0.156 0.389
-0.256 -0.355 1.066
-0.248 0.857 0.452
-0.948 0.328 0.764
-0.689 -0.240 1.545
0.353 0.808 0.471
-2.110 0.284 1.593
-1.337 -0.348 1.550
0.632 0.774 -0.020
-1.890 0.271 1.915
-1.719 -0.287 1.103
0.256 0.821 -0.510
-1.440 0.161 1.768
-1.821 -0.502 1.122
-0.272 0.747 -0.607
-1.334 0.179 1.521
-1.667 -0.445 0.814
-0.190 0.779 -0.598
-0.870 0.269 0.900
-0.541 -0.111 0.036
0.214 0.922 -0.323
-0.050 0.185 0.292
0.807 -0.324 0.206
0.504 0.861 -0.069
0.519 0.241 -0.678
0.468 -0.241 0.197
-0.009 0.876 0.482
