24
-2.307 0.162 -0.766
-1.372 -0.013 -1.074
0.166 0.985 -0.055
-2.752 0.000 -0.282
-1.754 -0.026 -0.337
0.027 1.000 -0.001
-1.818 0.099 -1.118
-0.856 0.099 -1.395
0.000 1.000 -0.000
2.919 0.288 0.117
2.463 -0.217 -0.616
-0.267 0.863 -0.429
-1.005 0.219 0.464
-0.489 -0.018 -0.359
0.126 0.972 -0.200
-2.869 0.335 -0.466
-1.870 0.359 -0.436
-0.024 1.000 -0.001
2.586 0.146 0.330
1.651 0.203 0.680
0.053 0.998 -0.020
-0.186 0.062 1.818
0.030 -0.183 0.873
0.055 0.970 -0.239
2.093 0.197 -0.399
1.356 0.105 0.271
-0.068 0.996 0.062
-0.392 0.095 3.052
-0.788 0.094 2.133
-0.000 1.000 -0.001
-1.745 0.218 -0.087
-1.086 0.060 -0.822
0.105 0.987 -0.118
-2.791 0.174 -1.502
-1.918 -0.110 -1.104
0.258 0.959 0.118
-2.238 0.341 0.268
-1.377 0.469 -0.225
-0.111 0.992 0.064
0.014 0.275 2.982
0.634 0.275 2.198
0.000 1.000 -0.000
-1.608 -0.010 -1.761
-0.730 -0.339 -1.416
0.307 0.944 0.121
3.151 0.113 0.445
2.511 -0.324 -0.188
-0.310 0.900 -0.307
1.739 -0.000 1.496
0.791 -0.048 1.182
-0.045 0.999 -0.015
1.951 0.383 0.791
0.978 0.585 0.902
0.201 0.979 -0.023
0.887 0.371 1.814
0.022 0.198 1.343
-0.152 0.985 -0.083
-0.472 0.069 2.248
-0.293 -0.344 1.355
0.081 0.911 -0.405
-2.131 0.115 0.191
-1.466 -0.307 -0.424
0.310 0.906 -0.287
-0.669 0.250 1.306
0.130 -0.174 0.881
0.374 0.906 -0.199
2.776 0.289 1.279
1.890 0.119 0.848
-0.153 0.985 -0.074
0.521 -0.007 -3.331
0.819 -0.275 -2.414
0.083 0.964 0.254
