778
-1.405 -0.044 -1.200
-2.291 -0.382 -0.882
-0.294 0.939 0.180
-1.907 -0.038 -0.905
-2.750 -0.322 -0.448
-0.210 0.955 0.208
-2.345 -0.113 -0.757
-2.268 -0.492 0.165
0.081 0.925 0.373
-1.656 -0.066 -0.640
-0.939 -0.385 -0.021
0.296 0.944 0.143
-1.389 -0.058 -1.179
-0.543 -0.341 -1.630
0.229 0.958 -0.171
-1.550 0.231 -1.367
-1.125 0.296 -2.270
-0.210 0.977 -0.028
-1.560 -0.123 -0.636
-0.866 -0.720 -0.234
0.559 0.799 0.222
-1.902 -0.138 -0.505
-2.153 -0.693 0.288
-0.140 0.831 0.538
-2.156 -0.027 -0.336
-2.695 -0.340 0.446
-0.179 0.950 0.258
-2.056 -0.138 0.727
-1.736 -0.597 1.556
0.263 0.884 0.387
-1.209 -0.138 1.635
-0.571 -0.569 2.273
0.362 0.899 0.246
-0.104 -0.092 2.322
0.799 -0.521 2.352
0.429 0.903 -0.007
0.334 -0.124 2.400
0.579 -0.603 1.557
0.139 0.878 -0.459
0.556 -0.058 2.113
1.030 -0.466 1.332
0.154 0.911 -0.382
1.552 -0.142 1.225
2.277 -0.613 0.722
0.381 0.882 -0.278
2.317 0.065 0.633
2.715 -0.084 -0.272
0.018 0.988 -0.155
2.164 -0.078 -0.339
1.970 -0.486 -1.232
-0.131 0.912 -0.389
1.707 -0.027 -1.590
0.912 -0.271 -2.146
-0.236 0.968 -0.087
1.590 -0.090 -1.654
0.797 -0.532 -1.235
-0.399 0.897 0.191
0.659 -0.101 -2.128
-0.173 -0.538 -1.785
-0.388 0.899 0.202
