21
2.447 0.204 -2.144
2.654 0.289 -1.169
-0.018 0.996 -0.083
-1.169 0.417 1.256
-0.584 0.011 0.554
0.260 0.914 -0.312
2.970 0.322 0.681
2.147 -0.035 0.239
-0.314 0.934 -0.169
-2.530 0.161 1.632
-1.741 -0.235 1.162
0.341 0.918 -0.203
2.338 0.415 -1.787
1.543 -0.146 -1.557
-0.539 0.828 0.156
-0.441 0.450 -0.791
0.450 0.004 -0.719
0.445 0.895 0.036
-2.404 0.313 1.616
-1.554 0.425 1.101
-0.096 0.994 0.058
-1.224 0.288 -0.594
-0.328 -0.155 -0.634
0.443 0.896 -0.020
2.517 0.368 -1.808
2.540 0.415 -0.809
-0.001 0.999 -0.047
2.381 0.140 0.297
1.431 -0.163 0.370
-0.302 0.953 0.023
2.159 0.153 1.394
1.366 -0.257 0.942
-0.356 0.912 -0.203
2.986 0.393 0.747
2.207 -0.206 0.560
-0.582 0.801 -0.140
-1.463 0.338 -1.587
-0.554 0.450 -1.186
-0.102 0.994 -0.045
-2.619 0.516 1.643
-1.940 0.018 1.105
0.391 0.867 -0.309
1.875 0.451 0.507
1.083 -0.063 0.178
-0.475 0.858 -0.197
1.878 0.476 0.521
1.001 0.095 0.229
-0.362 0.925 -0.120
-1.160 0.517 -1.663
-0.217 0.586 -1.336
-0.065 0.998 -0.023
1.017 0.250 1.290
0.786 -0.224 0.441
-0.124 0.880 -0.458
1.473 0.277 -1.811
1.042 0.039 -0.941
-0.106 0.971 0.213
2.558 0.490 -1.607
2.470 0.335 -0.623
-0.014 0.988 0.154
1.470 0.133 -1.829
1.017 -0.030 -0.953
-0.075 0.987 0.145
