14
0.056 0.210 -1.862
-0.452 0.233 -1.001
0.012 1.000 -0.020
-0.244 0.273 3.280
-0.929 -0.198 2.724
-0.366 0.882 -0.297
2.778 0.235 1.297
1.788 0.157 1.179
-0.078 0.997 -0.009
-0.246 0.438 -1.691
-1.014 0.107 -1.142
-0.269 0.944 0.193
-2.503 0.526 0.327
-2.335 0.211 1.261
0.056 0.949 0.310
0.793 0.296 -2.277
0.284 -0.061 -1.494
-0.195 0.934 0.300
-0.554 0.452 2.691
-1.175 -0.167 2.211
-0.490 0.785 -0.379
-0.136 0.507 3.486
-0.871 0.484 2.808
-0.017 1.000 -0.015
1.255 0.194 2.265
0.329 0.192 1.887
-0.002 1.000 -0.001
3.090 0.516 1.892
2.451 0.475 1.124
-0.026 0.999 -0.031
-1.068 0.314 3.604
-0.804 0.449 2.649
-0.036 0.991 0.130
2.079 0.475 1.127
1.134 0.187 1.282
-0.284 0.958 0.046
-0.718 0.452 -3.490
-1.092 -0.021 -2.692
-0.201 0.881 0.429
1.188 0.242 -0.435
0.534 0.355 0.312
0.075 0.994 -0.085
