20
-1.708 -0.056 -0.440
-2.293 0.108 0.355
0.098 0.986 -0.133
-1.900 -0.071 -0.328
-2.373 -0.585 0.387
-0.284 0.857 0.429
0.322 0.213 1.695
1.182 0.040 1.216
0.152 0.985 -0.085
1.339 0.081 1.345
1.903 -0.507 0.764
0.409 0.809 -0.422
1.603 -0.140 -0.828
1.343 -0.442 0.089
-0.082 0.954 0.290
0.621 0.111 1.258
1.410 -0.498 1.335
0.607 0.793 0.059
1.555 0.016 1.218
2.025 0.077 0.338
-0.029 0.998 0.054
1.679 -0.077 -0.141
1.096 -0.613 0.470
-0.370 0.844 0.388
-1.659 -0.015 -0.468
-1.504 -0.259 0.489
0.039 0.970 0.241
0.789 0.158 1.513
1.320 -0.619 1.173
0.654 0.630 -0.419
1.308 -0.045 0.252
1.124 -0.525 1.109
-0.101 0.877 0.469
1.515 0.137 1.241
1.783 -0.217 0.345
0.101 0.935 -0.339
1.279 0.172 0.804
1.315 -0.286 1.693
0.018 0.889 0.457
1.445 0.028 1.055
0.873 0.115 1.871
0.050 0.996 -0.071
2.127 0.238 0.521
1.292 -0.293 0.664
-0.523 0.848 0.090
1.373 0.029 -0.580
2.227 0.247 -0.108
-0.191 0.976 -0.105
1.018 0.110 0.409
0.311 -0.122 1.077
-0.169 0.973 0.159
1.037 -0.040 -0.212
0.723 -0.656 0.510
-0.246 0.787 0.565
1.465 0.036 0.520
1.210 0.062 1.487
0.007 1.000 -0.026
1.969 0.030 -0.201
2.137 -0.523 0.615
0.111 0.833 0.542
