20
1.670 -0.080 0.562
0.867 -0.603 0.846
-0.488 0.852 0.190
1.683 -0.021 0.622
0.823 -0.417 0.943
-0.371 0.918 0.140
1.118 0.000 1.095
0.272 -0.412 1.433
-0.393 0.911 0.126
-0.078 -0.087 1.364
-0.750 -0.543 0.780
-0.348 0.890 -0.295
-0.521 0.070 1.713
-0.665 0.166 0.728
-0.002 0.995 0.096
-0.267 -0.087 1.531
-0.062 -0.526 0.656
0.118 0.899 -0.423
-0.021 0.089 1.312
0.879 0.061 0.876
0.043 0.999 0.023
-0.243 0.034 0.908
0.698 -0.171 1.179
0.190 0.979 0.079
-0.491 0.039 0.875
-0.081 -0.092 1.778
0.069 0.991 0.113
-0.159 -0.093 1.153
0.766 -0.469 1.097
0.374 0.926 -0.053
0.308 0.023 1.287
1.054 -0.029 0.623
0.042 0.999 -0.031
1.489 -0.125 0.393
1.249 -0.620 -0.442
-0.263 0.862 -0.434
1.778 -0.103 0.651
0.946 -0.633 0.815
-0.521 0.848 0.096
1.754 0.043 0.716
0.762 -0.078 0.677
-0.122 0.992 0.023
1.099 -0.065 1.075
0.534 -0.429 0.335
-0.277 0.929 -0.246
1.141 0.023 1.045
0.280 -0.206 0.592
-0.243 0.970 -0.029
0.411 -0.113 1.314
-0.352 -0.625 0.920
-0.477 0.858 -0.190
-0.382 -0.044 1.556
-0.620 -0.351 0.635
-0.142 0.949 -0.280
-0.162 -0.101 1.343
0.461 -0.603 0.744
0.373 0.865 -0.337
-0.299 -0.010 1.700
0.655 -0.310 1.718
0.300 0.953 -0.034
-0.245 -0.026 0.879
0.678 -0.340 1.102
0.323 0.946 -0.003
