18
-0.033 0.513 -0.570
-0.462 -0.329 -0.244
-0.670 0.540 0.510
-0.319 0.269 0.244
-0.531 -0.588 -0.226
-0.351 0.516 -0.781
-0.077 0.380 -0.154
-0.458 -0.540 -0.068
-0.898 0.391 0.202
0.634 0.319 -0.616
0.114 -0.387 -0.134
-0.517 0.709 0.480
0.642 0.369 -0.617
-0.003 -0.284 -0.219
-0.556 0.758 0.343
0.190 0.166 -0.172
-0.354 -0.639 0.064
-0.739 0.593 0.320
-0.981 0.158 -0.130
-0.200 -0.404 -0.403
0.531 0.827 -0.185
-0.155 0.497 -0.148
-0.589 -0.200 0.423
-0.421 0.717 0.555
-1.010 0.301 -0.261
-0.349 -0.114 0.365
0.302 0.910 0.285
0.641 0.288 -0.323
0.129 -0.427 0.153
-0.524 0.699 0.487
-0.278 0.385 0.242
-0.511 -0.352 -0.392
-0.254 0.676 -0.692
-0.500 0.514 -0.255
0.147 -0.167 0.089
0.601 0.732 0.320
-1.005 0.505 -0.187
-0.114 0.122 0.058
0.369 0.924 0.101
-0.694 0.349 -0.241
0.048 -0.170 0.182
0.451 0.855 0.257
0.198 0.290 0.215
-0.413 -0.361 -0.235
-0.525 0.758 -0.386
-0.123 0.410 0.403
0.003 -0.329 -0.257
0.139 0.673 -0.727
-0.549 0.268 -0.666
0.184 -0.410 -0.608
0.677 0.734 0.053
-0.104 0.250 0.646
-0.343 -0.450 -0.027
-0.234 0.714 -0.660
