17
-0.436 0.810 4.476
-0.268 0.575 3.519
0.041 0.972 -0.231
0.371 0.528 4.488
0.341 0.332 3.508
-0.006 0.981 -0.196
-1.194 0.622 -5.781
-0.884 0.167 -4.947
0.159 0.890 0.427
1.286 0.543 2.876
1.363 0.266 1.918
0.022 0.961 -0.277
-0.141 0.594 5.038
-0.300 0.408 4.069
-0.030 0.983 -0.184
5.246 0.573 -2.808
4.263 0.485 -2.644
-0.086 0.996 0.014
0.192 0.564 -7.695
0.315 0.636 -6.705
-0.009 0.997 -0.071
-5.801 0.609 -0.442
-4.812 0.753 -0.427
-0.143 0.990 -0.002
-4.453 0.521 -2.391
-3.613 0.019 -2.185
0.488 0.865 0.120
3.355 0.646 -4.230
2.858 0.175 -3.502
-0.266 0.882 0.389
-1.842 0.795 3.416
-1.699 0.739 2.428
0.008 0.998 -0.056
1.147 0.720 2.733
1.077 0.113 1.942
-0.054 0.795 -0.604
1.653 0.699 -5.851
1.684 0.439 -4.886
0.008 0.966 0.260
5.345 0.861 -2.911
4.397 0.574 -2.770
-0.284 0.958 0.042
-5.275 0.825 0.206
-4.365 0.447 0.035
0.372 0.926 -0.070
4.467 0.799 -0.595
3.543 0.417 -0.564
-0.381 0.924 0.013
-5.963 0.841 -0.588
-5.045 0.537 -0.842
0.293 0.953 -0.081
