11
-0.324 0.115 -0.332
0.203 0.018 -1.177
0.052 0.995 -0.083
1.675 0.221 0.009
1.501 0.399 -0.960
0.031 0.984 0.175
-1.413 0.291 0.224
-0.546 0.006 -0.187
0.257 0.959 -0.122
-1.305 0.430 -0.647
-0.870 -0.211 -1.279
0.364 0.767 -0.528
-1.541 0.130 0.574
-0.703 -0.155 0.110
0.249 0.959 -0.138
-0.687 0.364 -0.215
-0.019 -0.085 0.379
0.335 0.893 0.299
-0.427 0.249 0.505
-0.090 -0.067 -0.382
0.112 0.949 -0.296
-1.384 0.298 -0.009
-0.796 -0.122 -0.700
0.272 0.907 -0.320
1.311 0.136 0.173
0.562 0.218 0.830
0.061 0.997 -0.054
-0.583 0.209 0.715
0.310 -0.232 0.805
0.439 0.898 0.044
-1.671 0.133 -0.571
-0.971 -0.250 0.032
0.290 0.924 0.250
