16
0.294 0.385 0.977
0.502 0.183 0.020
0.043 0.979 -0.198
-1.767 0.333 0.242
-0.858 0.211 -0.158
0.112 0.993 -0.049
1.080 0.346 -0.756
0.949 -0.160 0.097
-0.077 0.863 0.500
-1.693 0.367 1.063
-0.705 0.517 1.018
-0.150 0.989 0.007
-1.155 0.403 0.244
-0.464 0.246 -0.461
0.110 0.988 -0.112
0.286 0.373 1.120
0.442 -0.194 0.311
0.107 0.824 -0.557
-1.352 0.453 1.005
-0.941 0.618 0.108
-0.069 0.986 0.150
-1.371 0.410 -0.390
-0.700 0.490 0.347
-0.054 0.997 -0.059
1.139 0.397 0.559
0.511 0.596 -0.194
0.127 0.980 0.153
0.518 0.402 -0.317
-0.310 0.537 0.228
0.113 0.991 -0.074
0.254 0.311 -0.887
0.316 -0.042 0.047
0.023 0.936 0.352
-0.544 0.628 -0.247
-0.908 0.327 0.634
-0.115 0.954 0.277
-1.372 0.507 -0.420
-1.289 0.296 0.554
0.018 0.978 0.210
0.274 0.599 -0.337
0.056 0.159 0.534
-0.107 0.898 0.427
-0.162 0.641 -1.152
-0.794 0.493 -0.392
-0.095 0.989 0.114
-2.201 0.381 -0.638
-2.024 0.486 0.340
-0.019 0.994 -0.103
