30
2.240 0.245 -1.646
1.436 -0.273 -1.352
-0.486 0.856 0.178
-3.101 0.196 -1.595
-2.286 -0.318 -1.326
0.488 0.858 0.161
-2.347 0.053 -1.015
-1.558 -0.436 -0.643
0.442 0.872 0.209
-3.125 0.328 -0.798
-2.222 0.066 -0.456
0.244 0.965 0.093
-3.592 0.145 -0.751
-2.611 0.141 -0.557
0.004 1.000 0.001
-1.650 0.114 0.921
-1.055 -0.244 0.201
0.228 0.934 -0.276
-3.979 -0.028 -1.177
-3.138 -0.296 -0.707
0.234 0.963 0.131
-3.191 0.281 1.522
-2.740 -0.272 0.821
0.299 0.833 -0.465
2.346 0.347 -0.854
1.525 -0.163 -0.598
-0.487 0.860 0.152
-4.015 0.205 1.350
-3.333 -0.327 0.846
0.428 0.847 -0.316
-2.348 0.314 1.867
-1.878 -0.254 1.191
0.324 0.823 -0.466
-3.127 -0.046 2.092
-2.432 -0.448 1.496
0.306 0.915 -0.262
-2.927 0.067 -1.610
-2.152 -0.535 -1.418
0.584 0.799 0.144
-1.574 -0.050 1.595
-0.826 -0.339 0.996
0.225 0.958 -0.180
-3.706 0.091 0.863
-2.886 -0.462 0.711
0.543 0.834 -0.101
-1.551 0.303 1.801
-1.188 -0.003 0.921
0.116 0.952 -0.282
3.147 -0.047 -2.173
2.585 -0.271 -1.377
-0.130 0.974 0.184
-0.618 0.121 1.942
-1.549 -0.026 1.610
-0.139 0.989 -0.050
2.910 0.084 0.698
1.999 -0.279 0.891
-0.355 0.932 0.075
-3.030 0.278 1.608
-2.105 0.166 1.243
0.103 0.994 -0.041
-3.172 0.032 -1.170
-2.545 -0.570 -0.676
0.473 0.798 0.373
-3.641 0.189 0.055
-2.774 -0.270 0.252
0.447 0.889 0.101
3.251 0.163 0.665
2.382 -0.171 0.299
-0.307 0.943 -0.130
-0.763 -0.026 -1.235
-0.858 -0.633 -0.446
-0.072 0.795 0.603
-3.130 0.037 -0.835
-2.528 -0.485 -0.230
0.368 0.853 0.370
-2.313 0.176 -0.747
-1.668 -0.441 -0.296
0.506 0.787 0.354
-0.842 0.314 0.949
-0.633 -0.371 0.250
0.196 0.729 -0.656
-2.385 0.120 1.535
-1.587 0.037 0.938
0.067 0.997 -0.050
-0.869 0.302 0.710
-0.161 -0.276 0.304
0.502 0.816 -0.287
-2.407 0.277 1.343
-2.308 -0.308 0.538
0.071 0.811 -0.580
