18
-2.023 0.431 0.843
-1.468 0.198 0.044
0.133 0.973 -0.191
-3.008 0.664 1.444
-2.232 0.534 0.828
0.102 0.992 -0.081
-3.535 0.561 0.872
-2.735 0.424 0.287
0.110 0.991 -0.081
-2.153 0.464 1.380
-1.611 0.176 0.591
0.163 0.958 -0.237
-0.557 0.384 1.000
-0.544 0.258 0.008
0.002 0.992 -0.126
0.631 0.573 2.305
0.590 0.661 1.310
0.004 0.996 0.088
2.627 0.299 2.962
1.968 0.315 2.210
0.010 1.000 0.012
3.418 0.516 1.663
2.605 0.446 1.085
-0.057 0.998 -0.040
4.548 0.592 -1.059
3.557 0.548 -0.927
-0.044 0.999 0.006
2.132 0.609 2.322
1.480 0.572 1.564
-0.024 0.999 -0.028
-2.175 0.570 1.469
-1.766 0.204 0.633
0.161 0.931 -0.329
2.312 0.666 2.876
1.627 0.597 2.151
-0.047 0.998 -0.050
-3.494 0.671 -0.184
-2.566 0.299 -0.204
0.372 0.928 -0.008
-0.579 0.421 1.090
-0.311 -0.008 0.227
0.127 0.903 -0.410
-3.314 0.303 -1.646
-2.408 -0.065 -1.438
0.359 0.930 0.083
0.716 0.509 1.955
0.696 0.061 1.062
-0.010 0.894 -0.448
3.662 0.480 2.215
3.445 0.222 1.273
-0.058 0.966 -0.252
-3.872 0.671 1.228
-3.003 0.293 0.910
0.354 0.926 -0.130
