11
-2.482 0.016 2.123
-1.647 -0.522 2.010
0.533 0.843 -0.072
-4.186 0.040 -0.844
-3.587 -0.461 -1.468
0.347 0.866 -0.361
-5.290 0.115 -4.055
-4.524 -0.367 -3.630
0.421 0.876 0.234
-4.784 -0.086 -4.261
-3.938 -0.132 -3.729
0.039 0.999 0.024
4.397 -0.044 2.234
3.530 -0.309 1.812
-0.238 0.964 -0.116
4.278 -0.203 2.368
3.416 -0.607 2.061
-0.381 0.915 -0.136
1.356 -0.038 3.791
0.832 -0.662 3.211
-0.418 0.782 -0.463
4.176 -0.029 1.625
3.363 -0.428 1.200
-0.354 0.917 -0.185
-3.182 -0.206 2.408
-2.874 -0.665 1.575
0.159 0.888 -0.431
1.549 0.004 -3.844
1.072 -0.223 -2.995
-0.111 0.974 0.198
2.527 -0.243 -0.584
1.715 -0.341 -0.009
-0.080 0.995 0.057
