20
-1.336 0.631 -0.916
-0.467 0.348 -0.509
0.256 0.959 0.120
-0.102 0.510 -1.157
-1.039 0.171 -1.070
-0.337 0.941 0.031
0.667 0.396 1.294
0.135 0.168 0.479
-0.125 0.974 -0.191
0.959 0.346 -1.805
0.223 0.124 -1.165
-0.168 0.975 0.146
-0.142 0.644 1.322
-0.603 0.812 0.451
0.078 0.986 0.148
0.260 0.550 0.501
-0.332 0.365 -0.284
-0.112 0.983 -0.148
-0.996 0.461 0.751
-0.311 0.176 0.080
0.204 0.958 -0.200
0.157 0.509 -2.724
-0.570 0.449 -2.040
-0.044 0.998 0.041
-1.477 0.275 0.671
-0.540 -0.074 0.661
0.349 0.937 -0.004
-0.954 0.354 1.370
-0.301 0.375 0.613
-0.014 1.000 0.016
-0.830 0.423 -2.441
0.025 0.551 -1.939
-0.110 0.992 -0.065
-1.653 0.288 0.718
-0.991 0.334 -0.030
-0.031 0.999 0.035
-1.028 0.633 -0.060
-0.188 0.093 -0.006
0.539 0.842 0.035
-0.773 0.361 0.244
-0.083 0.430 -0.476
-0.048 0.998 0.050
-1.628 0.459 0.562
-1.461 0.357 -0.419
0.017 0.995 -0.101
-0.222 0.437 1.233
-0.801 0.006 0.541
-0.277 0.902 -0.330
0.618 0.587 1.602
0.627 0.529 0.604
0.001 0.998 -0.058
0.593 0.330 -1.507
0.326 0.189 -0.554
-0.038 0.990 0.135
0.008 0.601 -1.141
-0.692 0.431 -0.448
-0.121 0.985 0.120
-0.023 0.560 1.262
-0.350 -0.043 0.534
-0.247 0.798 -0.550
