9
-0.008 0.289 0.726
-0.764 -0.329 0.511
-0.599 0.786 -0.154
-0.096 0.306 0.679
-0.515 -0.302 0.005
-0.275 0.792 -0.545
-0.271 0.334 0.795
-0.221 -0.179 -0.061
0.021 0.858 -0.513
-0.287 0.308 0.355
0.443 -0.316 0.074
0.615 0.778 -0.128
-0.507 0.400 0.282
0.407 0.020 0.138
0.374 0.925 -0.067
-0.368 0.377 0.486
0.405 -0.128 0.869
0.431 0.862 0.266
0.106 0.362 0.484
0.208 -0.106 1.363
0.117 0.882 0.456
0.307 0.326 0.542
-0.172 -0.228 1.223
-0.403 0.828 0.391
0.225 0.277 0.617
-0.412 -0.483 0.743
-0.763 0.645 0.042
0.208 0.520 0.577
-0.777 0.375 0.668
-0.151 0.986 -0.064
