23
2.025 0.341 -2.291
1.677 -0.154 -1.495
-0.199 0.869 0.454
0.296 0.419 -2.766
0.038 0.044 -1.875
-0.104 0.927 0.361
-0.681 0.184 -2.653
-0.773 0.071 -1.663
-0.010 0.994 0.112
-1.336 0.282 -1.510
-0.573 0.160 -0.875
0.094 0.993 0.078
-0.005 0.265 -2.915
-0.310 -0.096 -2.033
-0.118 0.933 0.341
1.961 0.376 -2.512
1.403 0.303 -1.685
-0.041 0.997 0.061
2.084 0.322 -2.089
1.874 0.319 -1.111
-0.000 1.000 0.002
2.647 0.297 2.001
1.969 -0.288 1.556
-0.489 0.811 -0.321
0.380 0.192 -2.496
0.041 -0.281 -1.683
-0.182 0.881 0.436
0.412 0.339 -2.394
-0.078 -0.072 -1.625
-0.221 0.912 0.347
0.757 0.298 -2.182
0.188 -0.357 -1.686
-0.494 0.755 0.431
2.455 0.185 0.346
1.699 -0.216 -0.172
-0.330 0.916 -0.226
-1.113 0.098 -2.818
-0.440 -0.272 -2.178
0.268 0.929 0.255
-1.479 0.213 -1.965
-0.666 -0.315 -1.720
0.506 0.849 0.152
2.162 0.115 1.436
1.491 -0.199 0.764
-0.221 0.950 -0.222
2.033 0.345 -1.544
1.114 -0.050 -1.550
-0.395 0.919 -0.003
-1.511 0.146 -1.117
-0.896 -0.119 -0.374
0.169 0.964 0.205
-1.403 0.196 -0.832
-0.631 0.146 -0.198
0.039 0.999 0.032
-0.620 0.183 -2.456
-0.534 0.348 -1.474
-0.014 0.986 -0.165
1.213 0.178 -3.071
1.544 -0.211 -2.211
0.140 0.921 0.363
-1.424 0.245 -1.790
-1.244 -0.255 -0.942
0.104 0.866 0.489
1.625 0.424 1.933
0.958 0.024 1.304
-0.290 0.917 -0.274
-0.528 0.112 -2.162
0.195 0.009 -1.479
0.075 0.995 0.071
