13
0.803 0.016 -0.541
1.125 -0.584 0.191
0.242 0.800 0.550
0.141 -0.014 0.748
0.987 -0.215 0.254
0.174 0.980 -0.101
0.224 0.155 -2.285
0.187 -0.196 -1.349
-0.014 0.936 0.351
-0.268 0.074 2.621
0.156 -0.404 1.852
0.231 0.878 -0.419
1.758 -0.062 -0.649
1.036 -0.674 -0.326
-0.558 0.791 0.250
-0.271 0.150 2.084
0.295 -0.447 1.515
0.421 0.803 -0.423
1.586 -0.132 -1.958
1.134 -0.720 -1.287
-0.328 0.809 0.487
1.255 -0.138 -1.090
1.439 -0.138 -0.107
0.000 1.000 0.000
0.470 0.090 3.327
0.408 0.129 2.329
0.002 0.999 0.039
-0.364 0.182 2.976
0.117 0.326 2.111
-0.070 0.990 0.126
1.430 0.083 -1.548
1.586 0.302 -0.585
-0.035 0.976 -0.216
1.006 0.166 3.234
0.545 0.019 2.359
-0.069 0.989 -0.130
0.743 0.035 -0.552
1.430 0.048 0.174
-0.009 1.000 -0.009
