82
1.743 0.226 0.036
0.769 0.168 -0.182
-0.056 0.998 -0.013
1.862 0.337 -0.627
0.878 0.156 -0.607
-0.181 0.984 0.004
-0.379 0.325 1.062
-0.459 0.371 0.066
0.004 0.999 0.046
0.039 0.152 1.804
-0.437 0.020 0.935
-0.063 0.991 -0.116
1.435 0.077 1.049
0.891 -0.120 0.233
-0.110 0.980 -0.165
-0.364 0.270 1.360
-0.449 -0.048 0.415
-0.029 0.948 -0.316
-0.589 0.263 2.261
-0.721 0.114 1.281
-0.020 0.989 -0.148
1.214 0.381 -1.022
0.295 0.014 -0.883
-0.363 0.930 0.055
0.065 0.106 1.242
0.018 0.052 0.245
-0.003 0.999 -0.053
1.062 0.423 -0.796
0.111 0.198 -0.587
-0.220 0.974 0.049
1.557 0.195 1.187
1.126 0.061 0.294
-0.058 0.991 -0.121
1.512 0.072 0.487
0.524 0.009 0.350
-0.062 0.998 -0.009
1.520 0.371 0.048
0.589 0.007 0.030
-0.364 0.931 -0.007
1.457 0.400 -0.817
0.463 0.429 -0.709
0.029 1.000 -0.003
-0.508 0.078 2.041
-0.855 -0.487 1.292
-0.237 0.826 -0.512
-0.258 0.042 1.970
0.039 -0.390 1.118
0.142 0.902 -0.408
0.529 0.406 1.805
0.329 0.160 0.857
-0.051 0.969 -0.240
-2.248 0.205 0.291
-1.413 -0.326 0.153
0.524 0.847 -0.087
-0.660 0.100 2.047
-0.697 0.284 1.065
0.007 0.983 0.184
-0.129 0.429 1.688
0.108 0.200 0.744
0.056 0.974 -0.222
0.058 0.326 1.113
-0.035 -0.187 0.259
-0.055 0.859 -0.509
1.370 0.428 1.171
0.915 -0.113 0.463
-0.292 0.841 -0.455
-1.289 0.067 0.845
-0.874 -0.174 -0.032
0.103 0.970 -0.218
-0.790 0.075 1.264
-0.449 0.179 0.330
-0.036 0.994 0.098
1.289 0.119 -0.297
0.522 -0.288 0.198
-0.342 0.914 0.220
1.875 0.289 -0.318
1.058 -0.138 -0.706
-0.385 0.904 -0.183
-1.321 0.281 1.206
-0.653 -0.386 0.878
0.599 0.744 -0.294
1.466 0.162 0.704
0.723 -0.507 0.712
-0.669 0.744 0.007
1.358 0.108 0.270
0.485 -0.353 0.426
-0.453 0.888 0.081
-0.536 0.230 2.042
-0.671 -0.424 1.298
-0.117 0.756 -0.644
-1.282 0.142 1.326
-0.408 -0.318 1.165
0.453 0.888 -0.083
1.439 0.418 0.704
0.692 -0.242 0.782
-0.656 0.751 0.069
-1.747 0.217 0.605
-0.885 -0.262 0.769
0.471 0.877 0.090
-1.522 0.108 0.517
-0.738 -0.235 1.034
0.286 0.939 0.189
-1.111 0.233 1.188
-0.340 -0.403 1.158
0.636 0.772 -0.025
-1.205 0.418 0.807
-0.447 -0.228 0.726
0.643 0.763 -0.069
1.711 0.232 1.332
0.969 -0.326 0.960
-0.499 0.830 -0.250
1.049 0.231 -1.013
0.333 -0.107 -0.403
-0.258 0.941 0.219
-1.676 0.124 0.627
-0.842 -0.427 0.661
0.550 0.835 0.023
1.080 0.400 -0.363
0.312 -0.205 -0.153
-0.584 0.796 0.160
-1.176 0.130 0.540
-0.361 -0.225 0.998
0.310 0.935 0.174
-0.588 0.190 1.230
-0.279 -0.339 0.440
0.193 0.849 -0.493
1.515 0.245 0.487
0.850 -0.308 -0.017
-0.440 0.834 -0.334
0.193 0.189 -1.672
-0.187 -0.126 -0.802
-0.126 0.949 0.288
-1.987 0.194 0.974
-1.100 -0.267 0.936
0.460 0.887 -0.020
0.792 0.318 -2.070
0.730 -0.144 -1.185
-0.033 0.887 0.461
1.097 0.318 -0.581
0.499 -0.074 0.117
-0.255 0.920 0.298
1.546 0.095 1.186
0.561 0.107 1.013
0.012 1.000 0.002
1.525 0.363 0.840
1.100 0.320 -0.064
-0.019 0.999 -0.039
-0.787 0.296 1.260
-0.074 -0.281 0.862
0.503 0.817 -0.281
-0.254 0.421 -1.264
0.039 0.133 -0.352
0.088 0.958 0.274
-0.940 0.324 -0.127
-0.377 -0.220 0.496
0.364 0.839 0.403
1.668 0.117 1.290
1.438 -0.061 0.333
-0.042 0.984 -0.174
-1.441 0.205 0.003
-0.715 -0.354 0.403
0.490 0.829 0.270
0.186 0.240 -2.319
0.099 -0.288 -1.474
-0.054 0.849 0.525
-0.677 0.146 0.409
-0.119 -0.337 1.083
0.308 0.876 0.372
1.428 0.134 -1.097
0.717 -0.417 -0.660
-0.470 0.834 0.289
-1.178 0.356 0.396
-0.713 -0.237 -0.261
0.343 0.805 -0.484
0.019 0.314 -1.307
0.271 -0.205 -0.490
0.153 0.855 0.496
-1.605 0.179 -0.102
-0.656 -0.132 -0.066
0.310 0.951 0.012
-0.055 0.176 -1.376
0.191 -0.279 -0.520
0.126 0.890 0.438
-0.585 0.075 1.277
-0.262 0.247 0.346
-0.057 0.985 0.163
0.958 0.298 -1.008
0.029 0.378 -0.645
0.075 0.997 -0.029
0.398 0.100 -1.843
0.558 -0.042 -0.866
0.023 0.990 0.140
-0.884 0.210 1.369
-0.254 -0.121 0.667
0.221 0.944 -0.246
-0.323 0.051 -1.102
0.102 -0.330 -0.280
0.175 0.925 0.338
-0.749 0.328 0.048
-0.192 -0.311 0.578
0.463 0.769 0.440
1.615 0.233 1.409
1.259 -0.377 0.701
-0.273 0.793 -0.545
0.597 0.299 -2.249
0.982 -0.131 -1.433
0.183 0.903 0.389
2.116 0.339 1.500
1.620 0.496 0.646
0.079 0.988 0.135
-1.758 0.365 0.068
-0.785 0.164 -0.046
0.199 0.980 -0.024
1.391 0.422 1.012
0.909 -0.240 0.439
-0.426 0.749 -0.507
0.469 0.293 -1.330
-0.216 0.085 -0.632
-0.146 0.978 0.149
-0.551 0.232 1.322
-0.070 -0.289 0.618
0.294 0.854 -0.430
1.546 0.320 -0.822
1.163 -0.129 -0.014
-0.192 0.894 0.405
1.228 0.330 -0.371
0.313 0.174 0.002
-0.145 0.988 0.059
0.528 0.148 1.037
0.448 -0.454 0.242
-0.060 0.799 -0.599
0.058 0.175 -1.523
0.444 -0.133 -0.654
0.125 0.951 0.282
1.979 0.163 1.232
0.983 0.206 1.151
0.044 0.999 0.004
1.431 0.376 0.993
1.353 -0.229 0.200
-0.059 0.796 -0.602
-1.184 0.310 0.238
-0.453 0.050 0.868
0.197 0.966 0.170
-1.585 0.173 0.201
-0.598 0.041 0.117
0.131 0.991 -0.011
