12
0.890 0.497 -1.590
1.232 0.123 -0.728
0.138 0.928 0.347
-2.640 0.676 -0.013
-1.799 0.207 0.255
0.447 0.883 0.143
0.093 0.620 -1.719
0.551 0.209 -0.932
0.207 0.912 0.355
2.657 0.670 -1.147
2.129 0.161 -0.468
-0.312 0.861 0.402
2.662 0.444 -1.113
2.154 0.040 -0.352
-0.224 0.915 0.336
-0.643 0.303 -1.623
0.302 0.031 -1.440
0.266 0.962 0.052
-2.485 0.638 0.418
-1.534 0.500 0.695
0.132 0.991 0.038
2.578 0.678 -1.714
1.825 0.459 -1.094
-0.169 0.976 0.139
-0.814 0.457 -1.577
-0.963 0.294 -0.602
-0.025 0.987 0.162
1.791 0.682 -0.216
0.856 0.484 0.078
-0.188 0.980 0.059
-0.758 0.388 -1.178
-0.092 0.331 -0.434
0.038 0.998 0.042
-0.991 0.483 -0.411
-0.780 -0.108 0.367
0.155 0.806 0.571
