19
-1.842 0.121 1.318
-1.165 -0.378 0.778
0.379 0.867 -0.324
-2.082 0.245 1.389
-1.180 -0.092 1.660
0.351 0.936 -0.006
-2.184 0.341 1.276
-1.344 0.274 0.738
-0.041 0.982 -0.186
-1.450 0.105 1.597
-1.301 -0.248 0.673
0.109 0.934 -0.339
-1.411 0.246 1.983
-1.399 0.170 0.986
-0.094 0.993 -0.077
-1.100 0.125 1.449
-0.729 -0.396 0.681
0.217 0.853 -0.474
0.406 0.161 0.845
0.933 -0.337 0.156
0.237 0.865 -0.443
0.790 0.311 0.503
1.044 0.033 -0.423
-0.059 0.951 -0.302
1.583 0.216 -0.375
0.868 -0.284 -0.863
-0.451 0.864 -0.224
2.013 0.168 -0.680
1.333 -0.447 -1.079
-0.533 0.789 -0.306
1.449 0.352 -1.554
0.460 0.222 -1.490
-0.115 0.974 0.196
0.578 0.111 -2.088
0.235 -0.552 -1.423
-0.351 0.747 0.564
-0.602 0.126 -1.036
-0.477 -0.390 -0.189
0.099 0.856 0.507
-1.758 0.153 0.208
-1.049 -0.222 0.804
0.324 0.925 0.197
-2.008 0.138 1.009
-1.235 -0.346 0.599
0.481 0.869 -0.118
-1.472 0.263 1.446
-1.423 0.105 0.460
-0.035 0.987 -0.159
-1.080 0.143 1.374
-0.450 -0.339 0.766
0.345 0.876 -0.336
-0.546 0.121 1.170
0.154 -0.392 0.673
0.438 0.858 -0.269
1.047 0.212 0.388
1.349 -0.092 -0.515
0.029 0.950 -0.311
1.593 0.280 -0.481
0.883 -0.005 -1.124
-0.285 0.953 -0.106
