42
0.898 0.226 0.202
0.015 0.063 -0.238
-0.146 0.987 -0.073
1.597 0.293 -0.149
0.650 0.234 -0.465
-0.056 0.998 -0.019
1.569 0.365 0.233
0.603 0.201 0.033
-0.161 0.986 -0.033
1.578 0.193 0.990
0.820 0.052 0.354
-0.108 0.990 -0.091
2.309 0.110 0.553
1.480 -0.064 0.022
-0.147 0.985 -0.094
2.648 0.318 0.526
1.806 -0.042 0.125
-0.325 0.933 -0.155
1.344 0.202 0.986
0.526 0.421 0.455
0.184 0.976 0.119
2.012 0.109 -0.561
1.027 0.119 -0.731
0.011 1.000 0.002
2.371 0.103 0.824
1.514 0.014 0.317
-0.076 0.996 -0.045
2.337 0.217 0.434
1.503 -0.176 0.047
-0.356 0.920 -0.165
1.732 0.069 1.090
0.906 0.245 0.555
0.147 0.984 0.096
2.008 0.327 1.010
1.081 0.169 0.670
-0.149 0.987 -0.054
2.724 0.274 0.518
1.904 0.111 -0.031
-0.135 0.987 -0.091
1.607 0.129 -1.286
0.722 -0.196 -0.954
-0.304 0.946 0.114
2.759 0.300 0.925
1.918 0.311 0.384
0.010 1.000 0.006
2.465 0.169 0.919
1.486 0.049 0.754
-0.119 0.993 -0.020
-0.979 0.108 -0.301
-0.480 -0.514 -0.904
0.396 0.783 -0.479
-1.296 0.306 -0.867
-1.327 -0.219 -0.017
-0.019 0.851 0.525
-0.873 0.370 1.010
-0.305 -0.286 0.513
0.494 0.755 -0.431
1.689 0.133 0.583
0.837 -0.319 0.320
-0.433 0.892 -0.133
-1.192 0.082 0.712
-0.616 -0.551 0.194
0.470 0.775 -0.423
1.892 0.229 1.344
1.005 -0.171 1.113
-0.387 0.916 -0.101
1.900 0.097 -0.552
1.070 -0.421 -0.759
-0.503 0.855 -0.126
1.357 0.190 1.142
0.774 -0.379 0.563
-0.404 0.822 -0.401
1.856 0.338 -0.927
1.112 -0.315 -0.786
-0.641 0.758 0.121
-0.912 0.120 1.176
-0.555 -0.483 0.464
0.271 0.797 -0.539
1.316 0.228 0.659
0.755 0.200 -0.168
-0.016 1.000 -0.023
-1.088 0.053 0.269
-0.782 0.003 -0.682
0.015 0.999 -0.047
2.488 0.021 -0.978
1.562 -0.359 -0.969
-0.379 0.925 0.004
-1.129 0.011 0.444
-0.801 -0.593 -0.283
0.248 0.797 -0.551
-0.232 0.361 1.263
0.345 -0.301 0.785
0.510 0.749 -0.422
-1.269 0.225 -0.636
-0.744 -0.417 -1.194
0.440 0.767 -0.467
2.193 0.370 0.941
1.230 0.110 1.019
-0.259 0.966 0.021
1.594 0.363 -1.285
0.911 -0.186 -0.804
-0.449 0.835 0.316
1.652 0.358 0.157
1.224 -0.366 -0.384
-0.450 0.690 -0.568
2.382 0.330 -1.347
2.115 -0.269 -0.593
-0.200 0.801 0.565
-0.539 0.286 -0.254
0.190 -0.262 0.155
0.478 0.836 0.268
-0.521 0.198 -0.637
0.192 -0.339 -0.186
0.454 0.844 0.287
1.575 -0.021 -1.284
0.785 -0.446 -0.843
-0.371 0.905 0.207
-0.168 0.046 1.035
0.535 -0.372 0.461
0.324 0.908 -0.264
-1.239 0.062 -1.053
-1.179 0.281 -0.079
-0.014 0.976 -0.218
2.423 0.326 -0.928
1.798 -0.294 -0.454
-0.494 0.785 0.375
