9
0.895 0.171 0.340
-0.033 -0.018 0.019
-0.179 0.982 -0.062
0.900 0.219 0.340
0.003 -0.170 0.549
-0.380 0.921 0.089
1.185 0.202 -1.291
0.442 0.420 -0.659
0.166 0.976 -0.141
1.374 0.379 -0.805
0.502 0.531 -0.339
0.134 0.988 -0.072
1.602 0.412 -1.285
0.702 0.554 -0.872
0.129 0.990 -0.059
0.750 0.126 0.337
-0.142 -0.296 0.498
-0.415 0.907 0.075
1.712 0.420 1.077
1.083 -0.014 0.432
-0.303 0.901 -0.310
-1.902 0.244 -0.878
-1.091 -0.017 -0.355
0.219 0.965 0.142
1.387 0.371 -0.448
0.706 -0.226 -0.024
-0.507 0.802 0.316
