20
-1.308 0.453 -1.561
-0.579 0.274 -0.900
0.133 0.984 0.120
-1.119 0.090 -1.487
-0.274 -0.151 -1.009
0.209 0.971 0.119
-2.292 0.196 -0.142
-1.323 0.167 0.103
0.028 1.000 0.007
-3.018 0.086 0.475
-2.033 -0.080 0.432
0.166 0.986 -0.007
-1.882 0.179 -0.884
-0.903 0.152 -0.679
0.027 1.000 0.006
-0.783 0.088 -1.078
-0.451 -0.174 -0.172
0.090 0.965 0.246
1.202 0.082 0.693
0.654 -0.514 0.105
-0.406 0.803 -0.436
-2.447 0.111 0.081
-1.497 -0.110 -0.136
0.216 0.975 -0.049
-2.529 0.226 -0.235
-1.563 0.433 -0.077
-0.204 0.978 -0.033
-1.929 0.121 -0.902
-1.277 0.085 -0.145
0.024 0.999 0.028
1.315 0.106 0.735
0.567 -0.237 0.168
-0.274 0.939 -0.208
0.168 0.372 -1.214
0.201 -0.135 -0.353
0.019 0.862 0.506
0.109 0.367 -1.059
0.256 0.096 -0.108
0.041 0.963 0.268
1.539 0.224 -0.099
0.698 -0.316 -0.077
-0.540 0.842 0.014
1.331 0.137 -0.154
0.413 -0.190 -0.382
-0.317 0.945 -0.079
1.436 0.422 0.171
0.590 -0.103 0.268
-0.522 0.851 0.060
0.803 0.334 0.546
0.370 -0.270 -0.124
-0.328 0.797 -0.507
-0.737 0.221 -1.197
-0.563 -0.316 -0.371
0.111 0.844 0.525
1.458 0.170 1.620
0.801 -0.110 0.920
-0.191 0.960 -0.204
-2.305 0.202 -0.148
-1.532 0.060 0.471
0.110 0.990 0.088
