1030
0.719 -0.102 -0.404
1.198 -0.472 0.392
0.237 0.928 0.288
0.904 -0.149 -0.489
1.343 -0.686 0.231
0.304 0.843 0.444
0.591 -0.018 -0.080
1.222 -0.375 0.609
0.281 0.933 0.226
1.112 -0.080 -0.160
1.137 -0.438 0.774
0.036 0.933 0.357
1.483 -0.118 -0.057
1.094 -0.512 0.775
-0.040 0.910 0.413
0.791 0.193 -0.342
0.945 0.249 0.645
0.010 0.998 -0.058
0.500 -0.069 -0.117
0.235 -0.468 0.761
-0.098 0.917 0.387
0.879 -0.155 0.032
0.504 -0.626 0.831
-0.083 0.875 0.477
0.660 0.130 -0.301
0.360 0.123 0.652
0.016 1.000 0.013
0.653 -0.115 -0.140
0.078 -0.551 0.553
-0.236 0.899 0.370
0.607 -0.085 -0.124
0.070 -0.530 0.592
-0.265 0.895 0.358
-0.739 -0.007 -0.446
-0.739 -0.455 0.448
0.027 0.894 0.448
-0.675 0.037 -0.201
-0.889 -0.289 0.720
0.003 0.943 0.334
0.181 0.130 0.263
-0.513 0.150 0.983
0.056 0.998 0.027
0.029 -0.116 0.378
-0.880 -0.402 0.682
-0.261 0.958 0.119
-0.187 -0.024 0.727
-1.145 -0.230 0.531
-0.203 0.978 -0.040
0.004 -0.083 -0.075
-0.931 -0.436 -0.077
-0.353 0.934 -0.049
-0.163 0.075 -0.847
-1.105 0.098 -0.511
0.014 1.000 -0.028
-0.349 -0.083 -0.360
-1.196 -0.532 -0.645
-0.436 0.893 -0.108
-1.160 -0.158 -0.003
-1.281 -0.592 -0.896
-0.074 0.901 -0.427
