18
0.493 0.009 -0.835
-0.125 -0.134 -0.062
-0.089 0.990 0.112
1.279 0.070 -0.215
0.320 0.336 -0.119
0.265 0.964 -0.026
1.710 0.078 1.299
0.986 -0.562 1.044
-0.604 0.768 -0.213
0.628 0.328 -1.676
0.144 0.154 -0.819
-0.086 0.985 0.152
1.381 0.074 -0.822
0.933 -0.344 -0.032
-0.206 0.909 0.363
0.874 0.232 -0.926
0.327 -0.344 -0.319
-0.386 0.817 0.428
0.817 0.227 -0.104
0.109 0.370 0.588
0.103 0.990 -0.100
0.637 0.305 -0.869
0.086 0.283 -0.035
-0.012 1.000 0.018
1.220 0.222 1.417
0.283 -0.096 1.562
-0.314 0.948 0.049
0.788 0.090 -0.097
0.071 -0.420 0.378
-0.425 0.860 0.282
0.478 0.262 -1.168
0.123 0.411 -0.245
0.054 0.989 -0.139
0.956 0.021 -1.755
0.590 -0.040 -0.826
-0.022 0.998 0.056
0.600 0.066 -0.700
0.293 -0.134 0.230
-0.063 0.980 0.190
0.529 0.254 -0.973
0.248 -0.099 -0.081
-0.106 0.935 0.337
-0.911 0.179 -0.264
-0.301 -0.477 0.179
0.531 0.755 0.386
-0.658 0.020 -0.831
0.076 -0.511 -0.406
0.459 0.848 0.266
-0.325 0.272 -1.130
-0.316 -0.345 -0.344
0.006 0.787 0.617
-0.562 0.107 0.618
0.004 -0.357 -0.063
0.296 0.886 -0.357
