623
2.188 0.015 -0.943
1.299 -0.420 -0.802
-0.426 0.900 0.093
2.023 0.121 -0.882
1.071 0.017 -0.595
-0.101 0.995 0.026
1.648 0.093 -0.910
1.449 -0.293 -0.009
-0.100 0.922 0.373
2.011 0.063 -1.148
1.363 -0.403 -0.546
-0.366 0.884 0.291
1.112 0.118 -0.916
0.120 0.030 -1.005
-0.092 0.995 0.041
0.922 -0.076 -0.859
0.422 -0.792 -1.347
-0.639 0.685 -0.350
0.218 0.081 -0.960
-0.608 -0.346 -1.329
-0.413 0.903 -0.120
0.118 -0.029 -0.689
-0.279 -0.681 -0.044
-0.264 0.755 0.600
-0.445 0.238 -0.449
-0.742 0.240 0.505
0.027 1.000 0.007
-0.653 0.214 -0.057
-0.263 0.191 0.863
0.021 1.000 0.015
-0.566 0.055 0.451
-0.311 -0.522 1.227
0.213 0.816 0.538
-0.429 -0.052 0.627
0.239 -0.754 0.874
0.696 0.707 0.125
-0.491 0.030 0.909
-0.549 -0.553 0.099
0.042 0.809 -0.586
-0.504 0.034 0.903
-0.537 -0.455 0.031
0.056 0.870 -0.490
-0.478 0.075 0.418
0.168 -0.511 0.907
0.412 0.807 0.422
-0.514 -0.097 0.273
0.186 -0.788 0.456
0.705 0.709 -0.013
-0.558 0.041 0.415
-0.757 -0.337 -0.489
-0.012 0.924 -0.383
-0.502 0.233 0.870
-1.336 0.016 0.364
-0.171 0.976 -0.136
-0.436 -0.044 0.974
-1.121 -0.759 0.830
-0.694 0.700 -0.169
