14
-0.422 0.408 1.348
-0.602 0.042 0.435
-0.071 0.930 -0.359
-0.430 0.438 0.538
0.035 0.019 -0.241
0.215 0.908 -0.360
-1.497 0.363 -1.729
-0.943 -0.122 -1.052
0.307 0.875 0.375
-0.990 0.308 0.617
-0.467 0.058 -0.198
0.135 0.968 -0.211
-1.133 0.553 -1.780
-0.593 0.059 -1.099
0.307 0.869 0.387
-0.691 0.368 -1.967
-0.279 -0.278 -1.326
0.350 0.763 0.544
0.797 0.234 1.483
0.179 -0.037 0.745
-0.174 0.962 -0.208
1.991 0.361 1.390
1.364 -0.215 0.866
-0.442 0.818 -0.369
-0.130 0.300 1.705
0.291 0.028 0.840
0.119 0.962 -0.245
0.787 0.220 1.391
0.123 -0.242 0.804
-0.346 0.887 -0.306
1.797 0.400 -1.224
1.123 -0.222 -0.825
-0.535 0.783 0.317
1.856 0.460 1.124
1.042 0.381 0.548
-0.065 0.997 -0.046
-0.489 0.160 0.750
-0.292 -0.042 -0.210
0.041 0.979 -0.198
1.684 0.477 -2.271
1.156 0.213 -1.464
-0.144 0.964 0.221
