483
-0.579 0.044 -0.532
0.088 -0.390 0.072
0.324 0.901 0.290
-0.433 0.033 -0.058
0.382 -0.457 0.254
0.469 0.871 0.145
-0.979 -0.016 0.449
-0.271 -0.513 -0.053
0.401 0.867 -0.295
-0.245 0.053 -0.042
-0.075 -0.431 -0.900
0.103 0.875 -0.473
0.521 0.030 -0.384
-0.288 -0.413 -0.770
-0.409 0.896 -0.172
0.094 0.040 -0.334
-0.790 -0.421 -0.408
-0.455 0.886 -0.088
0.708 0.035 -0.048
-0.007 -0.463 0.443
-0.440 0.866 0.238
0.041 0.061 -0.202
0.486 -0.411 0.559
0.228 0.882 0.413
0.414 -0.011 -0.452
0.938 -0.476 0.261
0.351 0.881 0.316
1.425 0.012 -0.288
1.756 -0.450 0.535
0.088 0.883 0.461
0.439 0.007 -0.220
1.147 -0.399 0.357
0.218 0.904 0.369
-0.874 0.036 -0.201
-0.276 -0.372 -0.890
0.341 0.908 -0.242
0.066 0.021 0.025
0.581 -0.402 -0.721
0.302 0.904 -0.304
1.182 -0.058 0.184
1.446 -0.390 -0.721
0.089 0.944 -0.319
0.094 0.257 -0.063
-0.035 0.262 -1.054
-0.002 1.000 0.005
