19
-1.344 0.210 -4.084
-0.950 -0.014 -3.193
0.090 0.975 0.205
-1.823 0.173 -0.939
-1.064 0.144 -0.289
0.022 1.000 0.019
1.925 0.232 3.818
2.323 -0.397 3.150
0.322 0.778 -0.540
-1.161 0.269 -2.408
-0.680 0.250 -1.531
0.009 1.000 0.016
1.602 0.174 -2.781
1.686 0.125 -1.785
0.004 0.999 0.049
1.533 0.272 3.518
0.743 0.016 2.960
-0.209 0.967 -0.147
0.269 0.233 3.473
1.042 -0.012 2.889
0.196 0.969 -0.148
4.401 0.191 -0.011
3.425 0.118 0.197
-0.071 0.997 0.015
4.245 0.037 0.207
3.278 -0.210 0.256
-0.247 0.969 0.012
-1.884 0.170 -0.974
-1.104 -0.180 -0.456
0.292 0.937 0.194
1.820 0.098 3.997
2.340 -0.431 3.326
0.324 0.849 -0.418
1.583 0.384 -2.747
1.521 -0.015 -1.832
-0.027 0.917 0.397
0.085 0.286 -3.354
-0.288 0.411 -2.434
0.047 0.992 -0.116
-0.024 0.200 -3.162
0.081 0.394 -2.186
-0.021 0.981 -0.193
1.777 0.418 4.070
1.537 -0.042 3.215
-0.124 0.888 -0.443
-3.425 0.212 1.837
-2.468 0.266 1.552
-0.052 0.999 0.015
3.646 0.067 1.053
2.886 -0.538 0.815
-0.577 0.797 -0.181
-1.251 0.252 -4.248
-0.747 0.453 -3.407
-0.103 0.980 -0.172
-0.944 0.119 -4.788
-0.598 0.368 -3.883
-0.089 0.969 -0.232
