8
0.585 0.495 0.096
0.008 0.024 0.762
-0.326 0.882 0.339
0.159 0.566 0.297
-0.688 0.154 -0.039
-0.398 0.911 -0.111
-0.130 0.565 0.716
-0.526 0.141 -0.099
-0.201 0.905 -0.374
0.041 0.620 0.112
0.197 0.265 -0.809
0.012 0.934 -0.357
0.364 0.480 -0.080
0.995 0.029 -0.712
0.358 0.891 -0.280
1.130 0.666 -0.672
1.584 0.179 -1.418
0.239 0.873 -0.424
1.017 0.580 -0.383
1.851 0.043 -0.255
0.514 0.839 0.178
0.360 0.409 0.449
1.120 -0.222 0.607
0.541 0.748 0.385
0.317 0.539 0.455
-0.506 -0.019 0.347
-0.557 0.830 -0.040
