14
1.193 -0.114 0.533
0.359 -0.234 -0.004
-0.101 0.993 -0.065
1.397 -0.365 -0.069
0.445 -0.517 -0.333
-0.146 0.988 -0.040
-0.106 -0.140 0.732
-0.690 -0.458 -0.015
-0.196 0.948 -0.250
0.252 -0.064 1.015
-0.601 0.009 0.498
0.063 0.997 0.038
-1.078 -0.326 1.440
-1.534 -0.034 0.599
0.139 0.957 0.256
1.706 -0.178 0.110
0.736 -0.412 0.039
-0.233 0.972 -0.017
2.028 -0.091 0.296
1.197 0.106 -0.224
0.167 0.980 0.105
1.192 -0.330 1.150
0.298 0.013 0.861
0.326 0.939 0.106
1.491 -0.344 1.324
1.041 -0.378 0.431
-0.015 0.999 -0.030
-0.492 -0.373 0.426
-0.739 -0.130 -0.512
0.062 0.970 0.236
1.147 -0.142 0.618
0.545 0.078 -0.149
0.136 0.975 0.173
1.027 -0.396 1.055
0.085 -0.698 0.914
-0.299 0.953 -0.045
1.796 -0.176 0.756
0.852 -0.133 1.083
0.041 0.999 -0.014
-2.417 -0.163 -0.268
-1.634 -0.736 -0.511
0.547 0.820 -0.170
