26
3.112 0.407 -1.293
2.371 -0.014 -0.770
-0.343 0.907 0.242
-2.968 0.400 0.857
-2.033 0.342 0.508
0.054 0.998 -0.020
2.487 0.445 -1.607
1.901 -0.100 -1.008
-0.381 0.838 0.390
-2.026 0.584 -0.775
-1.169 0.101 -0.593
0.472 0.876 0.100
3.872 0.524 0.369
3.169 -0.037 -0.067
-0.477 0.828 -0.295
3.361 0.456 -0.424
2.391 0.294 -0.608
-0.159 0.987 -0.030
2.311 0.673 0.581
1.389 0.423 0.285
-0.238 0.968 -0.077
2.575 0.414 -2.078
2.049 -0.094 -1.397
-0.311 0.861 0.402
-2.665 0.411 2.745
-2.143 -0.090 2.055
0.302 0.865 -0.400
3.985 0.479 -0.101
2.994 0.386 -0.199
-0.092 0.996 -0.009
3.939 0.627 0.349
2.946 0.565 0.256
-0.061 0.998 -0.006
-2.793 0.415 2.415
-2.243 0.236 1.599
0.100 0.984 -0.148
3.378 0.765 -2.419
2.796 0.664 -1.612
-0.059 0.995 0.082
2.883 0.702 -1.608
2.146 0.092 -1.317
-0.567 0.793 0.224
-0.221 0.730 1.551
0.224 0.572 0.670
0.071 0.987 -0.141
1.491 0.617 -1.688
0.790 0.469 -0.991
-0.105 0.989 0.104
-3.590 0.701 0.139
-2.653 0.370 0.254
0.328 0.944 0.040
-2.697 0.645 0.741
-1.713 0.469 0.754
0.176 0.984 0.002
1.643 0.618 -1.282
1.041 0.002 -0.775
-0.471 0.787 0.397
2.951 0.567 -0.269
2.139 0.294 -0.785
-0.231 0.962 -0.147
-1.921 0.479 2.375
-1.517 -0.064 1.639
0.261 0.840 -0.476
-2.241 0.725 2.511
-1.486 0.761 1.856
-0.027 0.999 0.023
1.319 0.561 0.522
0.688 0.153 -0.138
-0.281 0.913 -0.295
1.401 0.621 -1.929
1.070 0.004 -1.215
-0.260 0.787 0.560
3.724 0.528 -1.470
3.007 0.511 -0.774
-0.012 1.000 0.012
3.347 0.600 -2.369
3.174 0.439 -1.398
-0.028 0.987 0.158
