12
0.526 0.603 -1.980
0.702 0.111 -1.127
0.099 0.871 0.481
-2.464 0.719 2.499
-1.718 0.532 1.861
0.142 0.982 -0.121
-0.501 0.735 2.454
-0.083 0.244 1.690
0.236 0.871 -0.431
0.590 0.637 2.383
0.916 0.450 1.456
0.062 0.982 -0.177
-0.826 0.686 -1.867
-0.436 0.140 -1.126
0.254 0.838 0.483
-2.594 0.623 2.809
-1.775 0.346 2.306
0.235 0.961 -0.145
0.602 0.622 3.301
0.355 0.269 2.399
-0.093 0.936 -0.340
0.499 0.494 -1.588
0.502 -0.102 -0.784
0.002 0.804 0.595
-1.417 0.731 -1.946
-0.956 0.317 -1.160
0.209 0.910 0.357
-2.409 0.740 2.903
-2.210 0.556 1.940
0.037 0.983 -0.180
-1.086 0.382 -1.947
-0.710 0.011 -1.098
0.151 0.928 0.339
2.402 0.680 -1.053
2.020 0.000 -0.427
-0.354 0.734 0.580
