652
-0.518 0.303 -0.384
-1.510 0.198 -0.311
-0.102 0.994 0.028
-0.277 0.229 -0.925
-1.173 0.003 -0.542
-0.228 0.973 0.042
-0.322 0.107 -0.168
-1.024 -0.364 -0.703
-0.366 0.882 -0.296
-0.663 0.300 -0.603
-1.383 0.147 -1.280
-0.105 0.988 -0.110
-0.581 0.087 0.114
-0.488 -0.320 -0.796
0.067 0.914 -0.401
-0.169 0.224 -0.229
-0.009 0.039 -1.199
0.059 0.982 -0.177
0.497 0.191 -0.199
0.533 -0.053 -1.168
0.022 0.970 -0.243
-0.046 0.167 -0.394
0.483 -0.190 -1.164
0.224 0.933 -0.280
-0.381 0.183 -0.987
0.550 -0.176 -1.052
0.359 0.933 0.004
-0.792 0.048 -0.425
-0.046 -0.521 -0.771
0.510 0.822 -0.253
-0.974 0.092 0.258
-0.188 -0.469 -0.002
0.536 0.828 -0.164
-0.531 0.177 -0.934
0.176 -0.270 -0.385
0.331 0.894 0.302
-0.331 0.114 -0.080
-0.099 -0.422 0.732
0.108 0.843 0.526
-0.569 0.134 0.778
-0.135 -0.479 1.438
0.323 0.790 0.522
-1.248 0.109 0.885
-0.689 -0.299 1.606
0.204 0.911 0.357
0.249 0.088 0.239
-0.317 -0.446 0.867
-0.379 0.845 0.377
0.108 0.130 0.589
-0.732 -0.314 0.899
-0.432 0.895 0.112
0.207 0.059 0.546
-0.596 -0.471 0.270
-0.466 0.844 -0.265
0.131 0.118 0.134
-0.718 -0.323 -0.156
-0.375 0.891 -0.257
0.015 0.311 0.368
-0.835 0.136 -0.130
-0.112 0.982 -0.153
