14
0.487 0.270 -1.048
-0.445 0.011 -0.795
-0.249 0.966 0.068
0.203 0.472 -0.248
-0.607 0.073 0.184
-0.351 0.917 0.187
0.623 0.465 -0.210
-0.277 0.320 0.202
-0.131 0.989 0.060
0.563 0.497 1.392
-0.016 -0.092 0.828
-0.422 0.808 -0.411
0.097 0.112 1.288
-0.825 0.363 0.995
0.240 0.968 0.076
0.519 0.280 0.575
-0.091 -0.249 -0.015
-0.381 0.848 -0.368
0.022 0.112 0.463
-0.660 0.213 -0.261
0.069 0.995 0.073
-0.437 0.367 -0.912
-0.976 0.280 -0.075
-0.047 0.996 0.073
-0.127 0.448 1.237
-0.522 -0.179 0.566
-0.318 0.779 -0.541
0.084 0.112 0.878
0.123 -0.332 -0.016
0.019 0.896 -0.444
0.931 0.468 0.536
0.235 0.264 -0.152
-0.145 0.979 -0.144
-1.292 0.497 -0.761
-1.209 0.022 0.114
0.045 0.880 0.473
-0.504 0.394 -0.382
0.070 -0.326 0.008
0.596 0.694 0.404
-0.599 0.320 0.108
0.218 -0.075 -0.312
0.351 0.919 -0.181
