474
-0.197 0.049 0.064
-0.287 -0.424 -0.813
-0.039 0.881 -0.471
-0.186 0.104 0.211
-0.357 -0.320 -0.679
-0.041 0.905 -0.424
0.245 0.096 0.304
0.554 -0.295 -0.563
0.116 0.921 -0.373
0.289 0.266 0.046
-0.133 0.099 -0.845
-0.090 0.986 -0.142
0.479 0.139 -0.095
-0.462 -0.186 -0.188
-0.328 0.944 0.026
0.557 0.218 -0.290
-0.393 0.212 0.021
0.001 1.000 0.022
0.536 0.128 -0.304
0.382 -0.193 0.630
-0.089 0.947 0.310
0.744 0.040 -0.099
0.400 -0.420 0.719
-0.275 0.883 0.381
1.043 0.123 0.005
0.405 -0.190 0.708
-0.264 0.947 0.182
0.901 0.098 0.453
0.013 -0.274 0.184
-0.349 0.928 -0.131
0.816 0.215 0.417
0.210 0.142 -0.375
-0.038 0.997 -0.063
0.698 0.055 0.623
0.156 -0.419 -0.071
-0.279 0.880 -0.384
0.785 0.162 0.539
0.816 -0.001 -0.448
0.013 0.987 -0.163
1.027 0.238 0.434
0.034 0.186 0.326
-0.041 0.994 -0.105
1.314 0.053 0.141
0.478 -0.399 0.452
-0.423 0.892 0.160
