320
0.261 0.273 -0.717
0.466 -0.080 0.196
0.141 0.934 0.329
0.191 0.250 -0.908
-0.505 -0.291 -0.435
-0.458 0.841 0.288
0.366 0.437 -0.175
-0.179 0.297 0.652
-0.011 0.987 0.160
0.425 0.219 1.099
-0.423 -0.309 1.054
-0.529 0.849 0.006
-1.011 0.190 1.229
-1.174 -0.187 0.318
-0.097 0.926 -0.366
-0.757 0.331 1.138
-0.296 0.267 0.253
0.005 0.998 -0.070
0.417 0.373 1.290
0.929 0.223 0.444
-0.042 0.979 -0.199
0.726 0.173 0.019
-0.024 -0.133 -0.568
-0.279 0.950 -0.138
-0.020 0.120 -1.091
-0.680 -0.140 -0.387
-0.132 0.964 0.232
-0.310 -0.031 -1.473
-1.154 -0.253 -0.984
-0.206 0.975 0.088
