18
1.385 0.494 -1.169
0.637 -0.162 -1.268
-0.651 0.754 -0.086
1.368 0.507 -0.468
0.867 -0.192 -0.978
-0.490 0.715 -0.499
1.384 0.401 -1.109
0.740 -0.126 -1.664
-0.399 0.850 -0.344
0.895 0.486 -1.180
0.441 -0.232 -1.708
-0.468 0.696 -0.544
-0.628 0.372 -0.469
0.072 -0.284 -0.749
0.610 0.754 -0.244
-0.597 0.346 -0.959
0.398 0.253 -0.936
0.093 0.996 0.002
0.893 0.343 -1.075
0.422 0.015 -1.895
-0.163 0.945 -0.284
0.874 0.244 -0.295
0.315 0.051 -1.101
-0.110 0.981 -0.159
-0.304 0.532 -0.471
0.140 -0.323 -0.739
0.732 0.519 -0.442
-0.223 0.393 -0.962
0.689 0.003 -0.830
0.385 0.921 0.056
-0.769 0.507 -0.930
0.086 0.074 -1.214
0.411 0.901 -0.137
0.022 0.474 -1.095
-0.486 -0.233 -0.603
-0.507 0.707 0.492
0.385 0.217 -0.329
0.172 -0.499 -0.994
-0.218 0.698 -0.682
-0.029 0.295 -0.116
-0.474 -0.391 -0.692
-0.419 0.728 -0.543
-0.837 0.281 -1.448
-0.420 -0.223 -0.691
0.243 0.864 0.441
-0.096 0.271 -0.473
0.287 -0.624 -0.705
0.764 0.448 -0.464
0.842 0.481 -1.060
0.197 -0.145 -0.621
-0.517 0.780 0.352
-0.141 0.313 -0.966
-0.511 -0.409 -0.382
-0.387 0.691 0.610
