15
2.216 0.511 1.939
1.952 0.012 1.114
-0.152 0.867 -0.475
2.687 0.583 -0.010
1.820 0.086 0.022
-0.497 0.868 0.018
2.219 0.469 1.926
1.526 0.143 1.284
-0.240 0.945 -0.222
2.284 0.414 0.380
1.654 -0.223 -0.064
-0.521 0.771 -0.366
-3.584 0.453 -0.673
-2.765 -0.102 -0.819
0.546 0.832 -0.097
-0.459 0.255 0.649
-0.763 -0.391 -0.051
-0.257 0.763 -0.593
-2.245 0.287 -1.696
-2.080 -0.255 -0.871
0.106 0.841 0.531
-3.961 0.497 0.729
-3.011 0.279 0.505
0.212 0.976 -0.050
-2.018 0.494 0.987
-1.414 -0.073 0.427
0.415 0.824 -0.385
2.472 0.464 0.419
1.633 -0.030 0.648
-0.477 0.869 0.130
-0.572 0.450 1.150
-0.771 -0.131 0.360
-0.142 0.814 -0.563
-2.015 0.202 0.972
-1.439 -0.414 0.434
0.450 0.788 -0.421
-3.530 0.238 -0.663
-2.627 -0.161 -0.820
0.394 0.917 -0.069
-3.822 0.455 -1.158
-3.162 -0.124 -0.678
0.468 0.816 0.340
0.893 0.413 1.228
0.328 -0.002 0.516
-0.258 0.910 -0.325
