12
1.252 -0.095 0.110
0.401 -0.333 -0.359
-0.209 0.971 -0.115
0.550 0.200 1.064
-0.048 0.209 0.263
0.005 1.000 0.007
-0.882 0.012 1.100
-1.168 -0.232 0.173
-0.072 0.970 -0.233
-0.593 0.165 2.287
-0.325 -0.214 1.401
0.109 0.926 -0.362
0.783 0.079 1.746
0.122 -0.403 1.171
-0.364 0.876 -0.316
1.866 0.159 0.687
1.059 -0.335 0.364
-0.459 0.869 -0.184
0.322 0.216 -2.461
-0.005 -0.363 -1.715
-0.232 0.815 0.531
0.566 -0.123 -2.351
0.275 -0.474 -1.461
-0.109 0.936 0.333
0.279 0.042 -2.446
-0.214 -0.524 -1.786
-0.339 0.824 0.454
1.981 0.000 1.022
1.238 -0.481 0.557
-0.408 0.877 -0.255
1.096 0.011 -1.288
0.212 -0.126 -0.841
-0.122 0.991 0.062
0.766 -0.065 1.695
-0.053 0.046 1.132
0.091 0.994 0.063
