12
0.792 -0.116 0.153
0.287 -0.551 0.899
-0.248 0.901 0.357
0.973 -0.122 -0.048
0.175 -0.722 0.016
-0.595 0.799 0.086
0.167 0.072 0.809
-0.651 -0.142 0.275
-0.191 0.977 -0.100
0.163 0.076 1.011
0.107 -0.024 0.017
-0.001 0.995 -0.100
-0.630 -0.066 0.451
-0.372 -0.573 -0.372
0.173 0.862 -0.477
-0.986 0.121 -0.764
-0.130 -0.025 -1.259
0.128 0.989 -0.070
-1.058 -0.076 -0.386
-0.302 -0.723 -0.288
0.644 0.762 0.067
-0.698 0.050 -0.003
0.044 -0.274 0.584
0.256 0.946 0.199
-1.176 0.035 -0.617
-1.041 -0.351 0.296
0.061 0.922 0.382
-1.023 0.100 -0.396
-0.520 -0.196 0.416
0.170 0.955 0.242
-0.260 -0.076 0.716
0.440 -0.594 0.223
0.363 0.852 -0.378
0.817 -0.102 0.752
0.225 -0.569 0.095
-0.348 0.883 -0.315
0.924 0.037 -0.198
-0.040 -0.200 -0.318
-0.235 0.971 -0.029
