17
-0.376 0.696 1.498
0.375 0.075 1.270
0.594 0.784 -0.180
-0.108 0.741 0.450
0.450 -0.077 0.310
0.793 0.575 -0.200
1.068 0.829 -0.485
0.982 0.108 0.202
-0.089 0.692 0.716
0.377 0.781 0.534
1.117 0.127 0.373
0.639 0.757 -0.139
0.141 0.798 0.493
0.534 -0.119 0.558
0.905 0.399 0.148
0.648 0.726 0.879
0.712 0.049 0.146
0.058 0.736 -0.675
-0.036 0.461 -0.433
0.146 -0.251 0.245
0.185 0.702 0.688
-0.781 0.791 1.428
-0.149 0.494 0.712
0.197 0.955 -0.223
-0.878 0.536 -1.309
0.026 0.130 -1.176
0.402 0.914 0.059
-2.269 0.592 -2.150
-1.556 0.181 -1.582
0.322 0.911 0.256
-0.328 0.639 1.506
0.114 0.352 0.656
0.133 0.958 -0.255
1.288 0.470 -1.342
0.692 -0.016 -0.703
-0.331 0.874 0.356
-2.332 0.467 -1.070
-1.469 -0.037 -1.041
0.504 0.863 0.017
-2.575 0.658 -2.192
-1.817 0.456 -1.572
0.156 0.979 0.128
1.085 0.683 -0.582
0.463 0.360 0.132
-0.212 0.947 0.243
-0.940 0.741 -0.947
-0.326 -0.046 -1.000
0.784 0.617 -0.068
1.170 0.615 -0.268
0.508 0.035 0.208
-0.471 0.815 0.338
