11
2.878 0.498 -1.122
1.882 0.475 -1.039
-0.023 1.000 0.002
2.040 0.599 1.007
1.049 0.474 1.057
-0.125 0.992 0.006
1.796 0.569 3.367
1.329 0.251 2.542
-0.156 0.948 -0.277
3.079 0.649 2.147
2.086 0.603 2.043
-0.046 0.999 -0.005
-2.303 0.508 1.138
-1.552 0.547 0.478
-0.029 0.999 0.026
2.891 0.797 -1.118
1.973 0.513 -1.393
-0.272 0.959 -0.081
-2.329 0.527 1.229
-2.031 0.127 0.362
0.130 0.917 -0.378
0.646 0.715 -1.529
0.083 0.544 -0.720
-0.098 0.985 0.140
1.940 0.870 0.979
1.006 0.657 1.265
-0.203 0.977 0.062
1.911 0.509 2.962
1.814 0.558 1.968
0.005 0.999 0.048
-2.401 0.543 1.484
-1.635 -0.004 1.147
0.500 0.837 -0.220
