8
-0.172 0.902 0.080
-0.058 0.450 -0.805
0.187 0.884 -0.428
-0.123 0.815 -0.852
-0.905 0.347 -1.263
-0.402 0.883 -0.242
-0.076 0.740 -0.368
-0.700 0.195 0.192
-0.319 0.831 0.455
-0.497 0.776 -0.384
-0.662 0.164 0.390
-0.049 0.789 0.613
0.521 0.703 -0.589
0.933 0.038 -1.212
0.535 0.730 -0.426
0.266 0.771 -0.751
-0.148 0.285 -1.521
-0.081 0.862 -0.501
0.175 0.747 -0.788
-0.663 0.295 -1.090
-0.397 0.889 -0.229
0.214 0.715 -0.363
-0.593 0.182 -0.108
-0.528 0.844 0.090
-0.057 0.698 0.946
-0.733 0.135 1.421
-0.434 0.825 0.362
