13
-0.114 0.440 -2.763
0.115 -0.210 -2.038
0.196 0.760 0.620
-2.249 0.106 -2.978
-1.929 -0.272 -2.109
0.130 0.926 0.354
-1.910 0.127 -2.608
-1.167 -0.473 -2.310
0.557 0.800 0.223
-1.448 0.187 -2.647
-0.737 -0.465 -2.383
0.611 0.758 0.227
1.241 0.300 2.139
0.725 -0.287 1.515
-0.374 0.810 -0.453
3.311 0.169 1.829
2.921 -0.395 1.102
-0.267 0.825 -0.497
-0.157 0.406 -3.123
0.059 0.139 -2.184
0.060 0.964 0.260
1.868 0.388 -3.818
1.425 0.202 -2.941
-0.084 0.983 0.166
1.229 0.107 2.060
1.332 -0.482 1.258
0.075 0.808 -0.584
0.795 0.391 3.263
0.372 0.066 2.418
-0.145 0.946 -0.290
2.035 0.113 -1.794
1.328 -0.113 -1.124
-0.164 0.974 0.156
-2.299 0.446 -3.395
-1.741 0.417 -2.565
0.016 1.000 0.024
0.094 0.226 3.013
-0.345 -0.364 2.336
-0.321 0.807 -0.495
