13
-0.373 0.134 -0.531
-1.031 -0.410 -1.052
-0.503 0.832 -0.234
-0.060 0.337 -0.513
-0.535 0.083 -1.356
-0.184 0.965 -0.187
0.270 0.247 -0.553
0.429 -0.142 -1.460
0.021 0.920 -0.391
0.169 0.382 -1.159
1.160 0.250 -1.166
0.132 0.991 0.002
0.161 0.402 -0.691
0.731 0.304 0.124
0.070 0.995 0.071
-0.164 0.129 -0.938
0.213 -0.525 -0.282
0.317 0.757 0.572
-0.691 0.285 -0.831
-1.587 -0.132 -0.675
-0.413 0.909 0.055
0.028 0.356 -0.756
-0.442 0.153 -1.614
-0.105 0.979 -0.174
0.157 0.307 -1.222
1.032 -0.102 -1.482
0.403 0.912 -0.076
0.228 0.261 -0.144
0.606 -0.157 0.682
0.169 0.909 0.382
0.421 0.377 0.795
1.387 0.191 0.615
0.189 0.982 -0.007
0.289 0.289 0.840
0.508 -0.099 1.735
0.134 0.921 0.367
0.486 0.177 1.200
-0.312 -0.380 1.429
-0.549 0.829 0.106
0.184 0.282 0.162
-0.091 -0.087 -0.726
-0.071 0.929 -0.364
