15
-0.206 0.160 -0.281
-0.269 -0.185 0.656
-0.043 0.938 0.343
-0.176 0.132 -0.228
-0.770 -0.280 0.463
-0.257 0.911 0.321
-0.461 0.259 0.051
-1.418 0.085 0.286
-0.171 0.985 0.035
-0.593 0.305 0.302
-1.376 0.158 -0.302
-0.050 0.983 -0.174
-0.631 0.211 0.457
-0.844 -0.141 -0.454
-0.001 0.933 -0.361
-0.683 0.203 1.144
-0.415 -0.186 0.263
0.148 0.921 -0.360
-0.679 0.161 1.492
-0.310 -0.303 0.686
0.244 0.884 -0.398
-0.797 0.218 1.378
-0.216 -0.298 0.748
0.340 0.856 -0.388
-0.506 0.068 0.288
0.030 -0.519 -0.319
0.411 0.809 -0.420
-0.430 0.088 -0.480
-0.024 -0.511 0.210
0.329 0.800 0.501
-0.749 0.240 -0.366
-1.181 -0.070 0.481
-0.060 0.947 0.316
-0.474 0.384 -0.461
-1.456 0.357 -0.648
-0.025 1.000 -0.015
-0.467 0.460 -0.129
-1.091 0.639 0.631
0.165 0.982 -0.095
-0.614 0.175 -0.292
-0.119 -0.322 0.421
0.275 0.868 0.413
-0.540 0.066 -0.184
0.169 -0.623 -0.035
0.664 0.724 0.188
-0.803 0.130 0.222
-1.206 -0.327 -0.571
-0.174 0.889 -0.424
