10
-1.332 0.532 0.417
-0.528 0.024 0.106
0.473 0.862 -0.183
-1.123 0.568 0.541
-0.450 -0.100 0.222
0.603 0.744 -0.286
0.520 0.582 1.134
0.431 0.042 0.297
-0.057 0.842 -0.537
0.614 0.543 1.188
0.259 -0.121 0.530
-0.315 0.748 -0.584
-0.727 0.453 3.126
-0.732 0.183 2.163
-0.002 0.963 -0.271
-0.790 0.389 2.828
-0.695 0.068 1.886
0.032 0.947 -0.319
1.207 0.626 -3.696
1.124 0.169 -2.810
-0.042 0.889 0.455
-0.412 0.749 3.305
-0.519 0.195 2.479
-0.071 0.833 -0.549
2.790 0.661 -1.773
1.930 0.741 -1.270
0.069 0.997 -0.040
0.464 0.477 -3.976
0.380 0.626 -2.991
0.013 0.989 -0.149
