20
-0.929 0.228 -1.245
-1.807 -0.154 -1.533
-0.374 0.923 -0.086
-0.847 0.323 -1.589
-1.459 -0.054 -2.284
-0.230 0.926 -0.300
-1.397 0.223 -2.177
-1.063 -0.389 -2.894
0.268 0.791 -0.550
-1.401 0.383 -1.803
-0.544 -0.097 -1.991
0.479 0.876 -0.054
0.137 0.264 -2.072
0.859 -0.212 -1.570
0.423 0.878 0.223
1.557 0.266 -1.505
2.344 -0.226 -1.132
0.477 0.868 0.140
1.817 0.315 -0.904
2.143 -0.197 -0.109
0.199 0.859 0.472
3.012 0.235 0.155
2.552 -0.311 0.854
-0.197 0.832 0.519
2.514 0.289 1.013
1.764 -0.198 1.461
-0.394 0.873 0.289
1.788 0.307 2.126
0.923 -0.138 1.895
-0.444 0.894 -0.063
0.543 0.289 1.795
-0.221 -0.166 1.336
-0.399 0.891 -0.217
-0.902 0.295 1.272
-1.695 -0.133 0.839
-0.381 0.904 -0.194
-1.898 0.212 0.227
-2.278 -0.204 -0.600
-0.194 0.909 -0.368
-1.962 0.275 0.324
-1.879 -0.040 -0.621
0.069 0.948 -0.310
-2.506 0.282 -0.355
-2.156 -0.054 -1.230
0.158 0.941 -0.299
-1.371 0.346 -1.803
-0.490 -0.117 -1.899
0.455 0.885 -0.094
-0.149 0.319 -2.167
0.652 -0.094 -1.734
0.381 0.910 0.162
1.450 0.281 -1.526
2.176 -0.176 -1.013
0.430 0.885 0.179
2.313 0.188 -0.408
2.273 -0.468 0.346
0.050 0.752 0.657
2.798 0.289 0.517
2.262 -0.138 1.245
-0.260 0.904 0.338
2.253 0.401 0.866
1.337 0.002 0.845
-0.399 0.917 -0.010
