21
0.126 0.470 0.816
-0.163 0.425 -0.141
-0.013 0.999 -0.043
0.971 0.437 1.734
0.264 -0.219 1.466
-0.613 0.755 -0.232
-0.391 0.338 1.404
-0.409 -0.045 0.480
-0.008 0.924 -0.382
0.204 0.354 1.599
0.061 0.530 0.625
0.025 0.984 0.174
1.395 0.583 1.469
0.912 0.683 0.600
0.048 0.995 0.087
0.200 0.493 1.559
0.135 -0.149 0.794
-0.054 0.767 -0.639
1.346 0.232 0.970
0.732 -0.407 0.506
-0.510 0.769 -0.385
-0.996 0.600 0.254
-0.294 0.029 -0.172
0.488 0.821 -0.296
1.135 0.596 -1.407
0.921 0.320 -0.470
-0.062 0.961 0.269
0.030 0.607 -0.557
-0.073 0.402 0.416
-0.022 0.979 0.204
-1.202 0.391 -0.768
-0.626 -0.123 -0.132
0.345 0.858 0.381
-0.987 0.476 -0.951
-0.468 -0.199 -0.426
0.475 0.738 0.480
-0.756 0.557 -0.972
0.006 -0.090 -0.983
0.647 0.763 -0.009
0.785 0.282 1.391
0.317 -0.371 0.796
-0.404 0.757 -0.513
-0.619 0.495 -0.985
0.141 -0.154 -1.006
0.649 0.761 -0.018
0.652 0.314 -0.405
0.401 -0.027 0.501
-0.091 0.940 0.328
1.228 0.356 -0.639
0.978 0.203 0.317
-0.039 0.988 0.147
-1.011 0.496 -1.550
-0.241 0.086 -1.060
0.346 0.912 0.220
-0.399 0.225 1.594
-0.416 -0.368 0.789
-0.013 0.805 -0.593
-1.216 0.282 -0.883
-0.521 -0.134 -0.296
0.317 0.910 0.268
-0.057 0.534 -1.286
0.145 -0.104 -0.543
0.167 0.770 0.615
