12
-1.233 0.133 0.698
-0.253 -0.004 0.841
0.135 0.991 0.020
-1.235 0.246 0.937
-0.264 0.011 0.919
0.235 0.972 -0.005
-1.503 0.427 0.951
-0.530 0.300 0.757
0.124 0.992 -0.025
-1.081 0.267 -0.346
-0.242 0.099 -0.864
0.143 0.986 -0.088
-0.784 0.445 -1.620
0.093 0.321 -1.156
0.110 0.992 0.058
1.541 0.252 1.574
0.557 0.221 1.751
-0.031 1.000 0.006
0.360 0.198 -1.694
0.658 -0.384 -0.938
0.214 0.813 0.542
-0.506 0.502 -1.638
0.178 -0.208 -1.469
0.689 0.704 0.171
-0.315 0.237 0.971
0.112 -0.148 0.152
0.178 0.923 -0.341
1.603 0.179 -1.386
1.206 -0.006 -0.487
-0.075 0.983 0.170
-1.387 0.324 -0.330
-0.413 0.431 -0.528
-0.105 0.994 0.021
-1.250 0.338 0.448
-0.502 -0.323 0.519
0.658 0.751 0.063
