13
-0.732 0.557 0.270
-0.446 -0.210 -0.305
0.342 0.642 -0.686
0.082 0.714 -0.029
-0.492 0.017 -0.459
-0.558 0.718 -0.417
-1.795 0.658 -0.277
-1.105 -0.060 -0.370
0.711 0.697 -0.096
-0.555 0.433 -0.126
-0.785 -0.419 -0.595
-0.375 0.523 -0.766
-0.552 0.546 -0.090
-0.768 -0.297 -0.582
-0.339 0.538 -0.772
-1.079 0.342 0.427
-1.413 -0.229 -0.323
-0.232 0.821 -0.522
-0.953 0.679 -0.213
-1.471 -0.172 -0.298
-0.840 0.525 -0.137
-0.859 0.693 0.280
-0.412 -0.159 0.007
0.727 0.524 -0.444
-1.420 0.367 -0.049
-1.292 -0.329 -0.756
0.124 0.718 -0.685
-2.060 0.715 -0.180
-1.506 -0.049 -0.512
0.655 0.646 -0.392
-1.200 0.627 -0.316
-0.846 -0.218 -0.717
0.559 0.534 -0.634
-1.886 0.704 -0.900
-1.277 0.058 -0.439
0.516 0.763 0.390
-1.605 0.482 -0.292
-0.818 -0.134 -0.261
0.616 0.787 0.024
