24
0.257 0.462 0.315
-0.710 0.440 0.062
-0.021 1.000 -0.006
-0.620 0.408 -0.517
-1.459 -0.011 -0.171
-0.387 0.908 0.160
0.250 0.622 -0.193
-0.578 0.174 0.143
-0.415 0.894 0.169
0.323 0.450 0.313
-0.516 0.120 -0.120
-0.293 0.944 -0.151
0.185 0.467 -0.063
-0.651 -0.078 -0.006
-0.544 0.838 0.037
0.738 0.554 0.658
-0.175 0.147 0.639
-0.407 0.914 -0.008
-0.119 0.520 -0.551
-0.642 -0.007 0.119
-0.324 0.850 0.415
0.780 0.467 0.271
-0.019 -0.131 0.335
-0.596 0.801 0.048
1.286 0.252 -0.156
0.333 0.172 0.137
-0.077 0.997 0.024
0.491 0.534 -0.210
-0.181 -0.027 0.274
-0.456 0.828 0.328
-0.052 0.464 0.560
0.394 -0.294 0.082
0.517 0.653 -0.553
-0.138 0.427 0.571
0.288 -0.253 -0.027
0.394 0.734 -0.553
0.284 0.449 0.312
-0.388 -0.083 -0.203
-0.422 0.847 -0.324
0.242 0.317 0.700
-0.383 0.056 -0.036
-0.169 0.965 -0.198
0.671 0.549 -0.017
-0.204 0.280 -0.420
-0.245 0.963 -0.113
-0.469 0.439 -0.144
-0.704 -0.391 0.362
-0.348 0.558 0.753
-1.415 0.354 0.358
-1.072 -0.356 -0.256
0.347 0.703 -0.620
0.479 0.525 0.178
-0.135 -0.212 0.458
-0.671 0.675 0.306
-0.408 0.610 -0.040
0.077 -0.240 -0.248
0.781 0.528 -0.335
-1.194 0.334 0.511
-0.906 -0.346 -0.163
0.267 0.733 -0.626
-0.250 0.379 -0.542
-0.501 -0.253 0.192
-0.204 0.776 0.597
-0.224 0.397 0.325
0.468 -0.248 0.001
0.584 0.764 -0.273
-0.453 0.605 0.252
-0.318 -0.235 -0.273
0.210 0.543 -0.813
0.118 0.252 0.387
-0.495 -0.528 0.512
-0.765 0.625 0.156
