35
0.794 -0.182 1.027
0.083 -0.329 0.340
-0.106 0.989 -0.103
-0.447 0.118 1.550
-0.648 0.076 0.571
-0.008 0.999 -0.041
0.920 0.078 1.411
0.414 -0.363 0.670
-0.248 0.898 -0.364
0.209 -0.221 -1.224
-0.225 -0.547 -0.385
-0.150 0.945 0.290
1.703 -0.073 1.633
0.849 -0.214 1.132
-0.122 0.990 -0.072
1.020 0.021 1.394
0.365 -0.170 0.663
-0.127 0.982 -0.142
0.709 -0.161 1.501
0.157 -0.533 0.755
-0.221 0.928 -0.299
-0.005 -0.146 -1.565
-0.402 -0.592 -0.763
-0.198 0.895 0.400
0.616 -0.140 1.060
-0.052 -0.019 0.326
0.082 0.993 0.090
0.049 0.127 -1.583
-0.337 -0.428 -0.846
-0.257 0.832 0.492
1.362 -0.073 1.277
0.475 -0.352 0.911
-0.258 0.960 -0.106
1.401 -0.220 1.441
0.947 -0.221 0.550
-0.000 1.000 -0.001
0.869 -0.193 2.392
0.257 -0.557 1.690
-0.239 0.931 -0.274
0.015 0.120 -1.572
-0.258 0.002 -0.617
-0.032 0.993 0.113
0.942 0.013 1.894
0.177 -0.012 1.250
-0.019 1.000 -0.016
0.634 -0.122 -1.365
-0.066 -0.293 -0.671
-0.121 0.985 0.120
0.263 0.044 0.708
-0.583 -0.121 0.201
-0.142 0.986 -0.085
0.617 -0.121 -1.407
0.297 -0.479 -0.530
-0.123 0.934 0.336
-0.374 -0.053 -0.452
-0.173 -0.609 -1.259
0.135 0.831 -0.540
0.746 0.034 0.069
-0.156 -0.025 -0.358
-0.054 0.998 -0.025
1.339 0.145 1.253
0.563 -0.326 0.833
-0.414 0.882 -0.224
0.096 -0.218 -0.654
-0.718 0.021 -1.183
0.200 0.971 0.130
0.371 0.044 -2.167
0.080 0.100 -1.211
0.017 0.998 -0.054
-1.090 -0.198 -0.860
-0.592 -0.392 -0.015
0.099 0.981 0.167
0.183 -0.088 -1.289
-0.347 -0.086 -0.442
0.001 1.000 -0.001
1.330 -0.015 1.761
0.398 -0.285 1.520
-0.262 0.963 -0.068
-0.436 -0.135 -1.638
-0.734 -0.645 -0.831
-0.177 0.860 0.479
1.859 -0.088 1.401
1.298 -0.389 0.629
-0.177 0.954 -0.243
0.579 -0.228 -1.292
-0.331 -0.632 -1.385
-0.402 0.915 -0.041
0.188 0.078 0.772
0.129 -0.451 -0.075
-0.037 0.849 -0.528
-1.319 0.024 -1.438
-1.186 -0.563 -0.639
0.096 0.809 0.579
-0.660 -0.078 1.550
-0.052 -0.712 1.073
0.499 0.773 -0.391
-0.426 0.159 1.612
-0.227 -0.365 0.785
0.123 0.851 -0.510
0.113 -0.195 2.224
0.151 0.072 1.261
-0.011 0.964 0.266
-1.375 -0.198 -1.872
-0.624 -0.531 -1.301
0.265 0.943 0.201
