38
0.188 0.354 0.357
-0.193 -0.532 0.092
-0.728 0.464 -0.505
0.691 0.112 0.766
-0.031 -0.384 0.284
-0.413 0.868 -0.276
0.726 0.186 0.233
-0.083 -0.290 -0.113
-0.438 0.880 -0.187
-1.765 0.028 0.927
-1.054 -0.515 0.479
0.460 0.840 -0.290
0.634 0.120 -0.440
0.096 -0.477 0.155
-0.401 0.802 0.443
0.641 0.041 0.021
-0.189 -0.474 0.240
-0.497 0.858 0.131
0.535 0.107 0.017
-0.269 -0.483 -0.067
-0.587 0.808 -0.061
0.295 0.105 -0.346
-0.462 -0.508 -0.122
-0.588 0.790 0.174
0.264 0.303 0.007
0.035 -0.463 0.609
-0.272 0.644 0.716
-1.481 0.260 -0.575
-1.135 -0.289 0.185
0.228 0.835 0.500
0.708 0.074 0.766
-0.151 -0.437 0.814
-0.510 0.860 0.028
-0.415 0.343 -0.742
-0.569 -0.322 -0.011
-0.137 0.748 0.650
0.806 0.093 1.123
0.335 -0.492 0.463
-0.340 0.811 -0.476
0.976 0.332 1.129
0.173 0.184 0.552
-0.120 0.989 -0.086
0.830 0.031 1.124
-0.056 -0.339 0.843
-0.353 0.929 -0.112
-0.352 0.149 0.936
-0.558 -0.385 0.116
-0.130 0.846 -0.517
-0.449 0.355 -1.121
0.302 -0.224 -0.805
0.534 0.815 0.225
-1.437 0.290 1.334
-0.802 -0.264 0.796
0.422 0.833 -0.358
0.117 0.273 -0.707
-0.741 -0.088 -0.341
-0.332 0.932 0.142
-0.228 0.315 -0.720
-0.990 -0.200 -0.328
-0.458 0.857 0.236
0.355 0.072 0.952
0.195 -0.342 0.056
-0.073 0.910 -0.408
0.367 0.338 0.437
0.298 -0.468 -0.150
-0.094 0.592 -0.801
-0.793 0.048 -0.077
-0.431 -0.569 0.622
0.284 0.787 0.548
-1.748 0.007 0.248
-1.012 -0.173 -0.404
0.135 0.984 -0.120
-0.716 0.144 0.287
-0.031 -0.466 0.685
0.528 0.792 0.306
0.635 0.326 -0.458
0.186 -0.344 0.133
-0.405 0.743 0.533
-1.111 -0.002 -1.028
-0.626 -0.442 -0.272
0.237 0.898 0.370
-1.423 0.333 0.981
-0.566 -0.108 0.714
0.421 0.897 -0.131
-0.387 -0.021 -1.474
0.500 -0.265 -1.080
0.223 0.970 0.099
-0.772 0.074 -0.638
-0.370 -0.387 0.154
0.208 0.888 0.410
-0.967 0.117 -1.130
-0.392 -0.291 -0.421
0.257 0.913 0.317
-1.055 0.168 0.814
-0.341 -0.378 0.377
0.466 0.838 -0.285
-1.466 0.277 -0.986
-1.402 -0.247 -0.137
0.039 0.852 0.522
-1.267 0.187 1.337
-0.609 -0.133 0.656
0.222 0.948 -0.230
-0.089 0.313 -0.022
0.268 -0.301 0.682
0.277 0.789 0.548
-1.168 0.110 0.986
-0.386 -0.272 0.493
0.323 0.924 -0.203
-0.330 0.310 0.079
0.332 -0.118 -0.537
0.313 0.904 -0.291
-1.300 0.158 -0.076
-0.444 -0.358 -0.106
0.515 0.857 -0.018
