1273
-0.095 -0.051 0.059
-0.323 -0.662 -0.699
-0.132 0.790 -0.598
0.071 0.030 -0.140
-0.728 -0.451 -0.502
-0.409 0.875 -0.260
-0.099 -0.001 -0.131
-0.631 -0.540 0.523
-0.374 0.842 0.390
-0.056 0.022 -0.106
0.380 -0.488 0.636
0.100 0.847 0.523
0.075 0.012 0.029
0.850 -0.528 0.361
0.450 0.837 0.312
-0.141 -0.068 0.239
0.228 -0.729 -0.415
0.336 0.751 -0.569
0.401 -0.042 0.383
0.389 -0.647 -0.413
0.003 0.796 -0.605
0.356 0.141 0.558
0.356 -0.009 -0.430
-0.009 0.989 -0.150
0.367 0.116 0.541
0.306 -0.109 -0.432
-0.014 0.974 -0.224
0.169 -0.026 0.548
-0.410 -0.603 -0.028
-0.350 0.814 -0.464
0.234 0.162 0.543
-0.653 0.087 0.088
-0.060 0.997 -0.046
0.323 0.072 0.549
-0.602 -0.289 0.668
-0.368 0.929 -0.040
0.640 -0.009 1.028
-0.060 -0.721 1.083
-0.713 0.701 0.007
1.347 -0.083 1.200
0.718 -0.854 1.299
-0.772 0.635 0.041
1.395 -0.279 1.139
0.535 -0.787 1.177
-0.509 0.860 -0.029
1.355 -0.088 1.225
0.408 -0.214 0.931
-0.133 0.991 0.005
0.898 -0.063 1.055
0.082 -0.563 0.763
-0.499 0.863 -0.083
-0.014 -0.069 0.197
-0.489 -0.741 0.765
-0.478 0.739 0.474
0.290 -0.116 -0.034
0.241 -0.654 0.808
-0.054 0.843 0.535
0.334 0.325 0.986
0.336 -0.568 1.435
-0.015 0.449 0.893
