18
1.335 0.539 2.871
1.064 0.259 1.950
-0.079 0.960 -0.269
1.343 0.664 3.249
1.165 0.644 2.265
-0.004 1.000 -0.020
1.284 0.581 3.425
0.692 0.355 2.652
-0.138 0.974 -0.180
0.999 0.501 -2.581
0.002 0.433 -2.543
-0.067 0.998 0.003
1.324 0.498 2.290
0.728 0.688 1.511
0.116 0.982 0.151
0.133 0.700 2.900
-0.091 0.266 2.027
-0.108 0.901 -0.420
1.381 0.700 -2.593
0.545 0.156 -2.523
-0.542 0.839 0.046
0.133 0.356 2.907
0.473 -0.071 2.069
0.160 0.904 -0.396
0.131 0.380 2.790
0.580 -0.153 2.074
0.283 0.846 -0.452
1.269 0.551 3.316
1.454 -0.081 2.563
0.151 0.774 -0.614
0.443 0.558 -2.106
0.316 0.125 -1.214
-0.061 0.901 0.429
1.652 0.629 -1.938
1.127 0.153 -1.232
-0.284 0.880 0.382
-1.540 0.448 -2.964
-0.942 0.051 -2.267
0.258 0.918 0.301
0.435 0.588 3.356
1.277 0.183 2.999
0.373 0.914 -0.158
0.398 0.412 2.154
0.727 0.061 1.278
0.123 0.936 -0.328
-1.442 0.452 -2.968
-0.674 -0.129 -2.700
0.549 0.814 0.191
-0.765 0.484 -2.228
-0.301 -0.030 -1.507
0.278 0.858 0.432
1.177 0.483 2.226
0.356 0.031 1.876
-0.416 0.892 -0.177
