18
0.057 0.331 -0.001
0.795 -0.088 0.527
0.356 0.907 0.224
-0.162 0.306 -0.108
0.664 -0.128 0.252
0.390 0.901 0.190
-0.409 0.328 -0.551
0.538 0.008 -0.596
0.320 0.947 0.005
0.596 0.291 -0.286
1.052 -0.185 -1.038
0.253 0.879 -0.403
0.346 0.349 -0.582
0.842 0.011 -1.382
0.124 0.939 -0.320
-0.451 0.278 -0.948
0.386 -0.130 -1.312
0.392 0.912 -0.120
0.140 0.222 -0.869
0.715 -0.278 -1.516
0.277 0.863 -0.421
0.758 0.234 0.009
0.627 -0.404 -0.749
-0.163 0.768 -0.619
0.552 0.360 -0.545
-0.307 0.009 -0.917
-0.328 0.936 -0.124
0.773 0.288 -0.012
0.199 -0.122 -0.721
-0.235 0.911 -0.338
0.618 0.295 -0.800
-0.298 -0.102 -0.743
-0.399 0.917 -0.018
0.783 0.274 -0.764
0.293 -0.142 0.002
-0.189 0.909 0.372
0.214 0.291 -0.315
0.657 -0.201 0.434
0.181 0.868 0.463
0.451 0.284 1.633
1.223 -0.351 1.655
0.632 0.771 0.077
0.363 0.285 2.432
1.064 -0.320 2.053
0.530 0.797 -0.291
0.589 0.384 1.129
1.179 -0.017 1.830
0.265 0.916 0.302
0.597 0.379 -0.127
0.588 -0.029 0.785
-0.058 0.911 0.407
0.403 0.309 -0.623
-0.327 -0.082 -0.063
-0.345 0.919 0.192
0.632 0.287 -0.796
0.875 -0.195 0.045
0.110 0.876 0.470
