10
0.997 0.521 -0.004
0.326 0.166 -0.655
-0.255 0.935 -0.248
1.005 0.450 0.200
0.655 0.052 -0.648
-0.152 0.918 -0.368
-0.175 0.385 1.001
0.171 0.280 0.069
0.037 0.994 -0.098
-0.588 0.473 0.812
-0.123 0.329 -0.061
0.068 0.989 -0.128
-0.611 0.397 -0.405
0.334 0.069 -0.402
0.328 0.945 0.001
1.259 0.439 1.069
0.365 0.144 0.730
-0.275 0.956 -0.104
-1.399 0.526 0.747
-0.857 0.261 -0.050
0.149 0.964 -0.220
1.067 0.303 -0.130
0.148 0.056 0.178
-0.234 0.969 0.078
-0.218 0.199 -0.037
-0.666 -0.346 -0.745
-0.291 0.838 -0.461
-0.554 0.373 -0.412
0.223 -0.181 -0.711
0.517 0.833 -0.199
