23
-1.053 0.623 0.157
-0.437 0.574 0.943
0.030 0.999 0.039
-0.685 0.533 1.256
-0.641 0.334 0.277
0.009 0.980 -0.199
-0.079 0.626 0.487
-0.360 0.272 -0.405
-0.106 0.935 -0.338
0.992 0.606 -0.657
0.418 0.479 0.152
-0.074 0.992 0.104
1.517 0.323 1.404
0.799 0.169 0.724
-0.112 0.988 -0.106
1.522 0.400 -1.414
0.957 0.006 -0.689
-0.242 0.919 0.311
-2.072 0.523 1.462
-1.646 0.482 0.558
0.017 0.999 -0.037
1.807 0.431 0.670
0.898 0.135 0.963
-0.282 0.955 0.091
2.268 0.420 -1.350
1.500 0.412 -0.710
-0.007 1.000 0.005
0.035 0.550 1.352
-0.187 0.640 0.381
0.020 0.996 0.088
-0.461 0.390 -0.640
-0.305 0.202 0.330
0.030 0.982 0.185
0.644 0.386 0.612
0.283 0.255 -0.311
-0.048 0.991 -0.122
1.224 0.361 1.433
0.392 0.317 0.881
-0.037 0.999 -0.024
1.766 0.305 0.675
0.841 0.389 0.303
0.078 0.996 0.031
1.617 0.296 -0.959
0.902 -0.175 -0.442
-0.382 0.882 0.276
-0.893 0.347 1.715
-0.056 -0.200 1.719
0.547 0.837 0.002
2.097 0.594 0.913
1.505 0.395 0.133
-0.121 0.980 -0.159
1.646 0.572 -0.018
0.680 0.603 -0.272
0.029 1.000 0.008
1.438 0.518 1.276
0.864 -0.050 0.686
-0.396 0.823 -0.407
1.020 0.408 -1.364
0.384 0.396 -0.592
-0.008 1.000 0.010
2.081 0.433 0.790
1.546 0.260 -0.037
-0.094 0.985 -0.145
2.059 0.671 0.618
1.295 0.064 0.397
-0.583 0.795 -0.169
-1.194 0.540 -0.809
-0.435 0.088 -0.340
0.384 0.892 0.237
