775
1.343 0.380 0.499
1.679 0.155 -0.416
0.069 0.974 -0.214
1.406 0.222 0.778
1.033 -0.277 -0.004
-0.176 0.866 -0.468
1.350 0.321 0.739
0.833 -0.023 -0.045
-0.267 0.935 -0.234
0.375 0.286 0.863
-0.339 -0.202 0.361
-0.379 0.872 -0.309
-0.071 0.418 0.687
-1.037 0.216 0.526
-0.190 0.978 -0.087
1.088 0.363 0.497
0.158 0.025 0.350
-0.327 0.941 -0.089
0.733 0.317 -0.788
-0.049 0.015 -0.243
-0.196 0.950 0.244
0.180 0.258 -0.831
-0.364 -0.192 -0.123
-0.206 0.890 0.407
1.020 0.203 -1.133
0.459 -0.323 -0.494
-0.364 0.850 0.381
1.228 0.247 -1.079
1.017 -0.220 -0.220
-0.123 0.884 0.450
0.159 0.313 -0.725
0.792 -0.118 -0.080
0.352 0.900 0.256
-0.255 0.316 -0.626
0.654 -0.096 -0.685
0.412 0.911 -0.024
0.671 0.381 -0.913
1.609 0.233 -1.226
0.148 0.989 -0.024
1.633 0.351 -0.110
1.962 0.144 -1.031
0.072 0.978 -0.194
1.116 0.330 0.689
1.149 0.043 -0.268
0.020 0.958 -0.286
1.014 0.250 0.673
0.944 -0.225 -0.204
-0.062 0.880 -0.471
1.818 0.184 0.990
1.137 -0.380 0.521
-0.470 0.826 -0.310
0.861 0.287 1.378
0.021 0.009 0.913
-0.244 0.961 -0.134
1.133 0.383 0.589
0.145 0.230 0.563
-0.151 0.987 -0.048
1.502 0.254 -0.043
0.654 -0.155 -0.379
-0.372 0.912 -0.171
