15
-0.740 0.327 1.028
-0.059 -0.317 0.680
0.574 0.765 -0.293
-0.378 0.309 0.762
0.307 -0.407 0.632
0.704 0.697 -0.134
-1.271 0.075 0.588
-0.355 -0.250 0.355
0.314 0.946 -0.080
-1.295 0.438 0.663
-0.633 -0.256 0.379
0.638 0.720 -0.274
0.070 0.157 0.228
0.654 -0.537 0.651
0.561 0.720 0.407
0.533 0.078 1.302
-0.196 -0.287 0.723
-0.286 0.931 -0.227
-0.040 0.396 0.861
0.691 -0.276 0.737
0.662 0.741 -0.112
0.757 0.432 0.514
0.141 -0.199 0.044
-0.502 0.775 -0.383
0.212 0.293 0.510
-0.503 -0.403 0.442
-0.693 0.718 -0.065
-0.155 0.340 1.299
-0.303 -0.085 0.405
-0.069 0.906 -0.419
0.475 0.276 -0.074
-0.158 -0.252 0.491
-0.394 0.849 0.352
-0.771 0.136 1.312
0.037 -0.448 1.395
0.581 0.812 0.059
-0.399 0.462 0.756
0.374 -0.013 0.334
0.417 0.880 -0.228
0.211 0.142 0.880
-0.505 -0.557 0.876
-0.699 0.715 -0.003
-0.547 0.181 0.243
-0.030 -0.444 0.827
0.415 0.780 0.469
