13
2.438 0.699 -1.487
1.460 0.721 -1.695
0.022 1.000 0.005
2.540 0.713 -1.286
1.880 0.611 -0.542
-0.067 0.995 0.076
2.390 0.868 -1.502
1.439 0.607 -1.341
-0.258 0.965 0.044
-0.778 0.805 -0.858
0.028 0.858 -0.268
-0.043 0.999 -0.031
-0.383 0.809 -2.165
0.447 0.886 -1.613
-0.064 0.997 -0.042
-2.132 0.790 1.211
-1.323 0.496 0.701
0.248 0.956 -0.157
0.520 0.585 2.213
-0.024 0.396 1.395
-0.105 0.982 -0.158
-0.793 0.799 0.564
0.157 0.528 0.410
0.267 0.963 -0.043
1.357 0.612 2.465
0.481 0.324 2.077
-0.263 0.958 -0.117
-0.082 0.826 -2.049
-0.261 0.694 -1.074
-0.024 0.991 0.129
1.828 0.827 -1.671
0.966 0.374 -1.897
-0.438 0.891 -0.115
-0.706 0.941 1.159
-0.825 0.637 0.214
-0.038 0.953 -0.301
-1.421 0.773 1.800
-0.760 0.315 1.206
0.340 0.889 -0.306
