20
0.501 0.443 0.476
-0.072 -0.312 0.158
-0.660 0.656 -0.367
0.920 0.462 0.033
0.261 -0.233 -0.256
-0.636 0.720 -0.279
-0.824 0.627 0.324
-0.239 -0.091 -0.055
0.602 0.696 -0.390
-0.845 0.663 -0.536
-0.300 -0.070 -0.128
0.587 0.680 0.439
0.786 0.312 0.227
0.124 -0.209 -0.312
-0.404 0.854 -0.329
0.390 0.446 0.337
0.220 -0.314 -0.290
-0.199 0.650 -0.734
0.049 0.626 0.113
-0.614 -0.102 -0.064
-0.703 0.686 -0.188
-0.057 0.384 -0.238
-0.058 -0.548 -0.602
-0.002 0.363 -0.932
-0.969 0.557 -0.122
-0.239 -0.123 -0.062
0.678 0.733 0.056
-0.840 0.396 -0.110
-0.328 -0.327 0.355
0.534 0.692 0.486
0.359 0.401 -0.295
-0.125 -0.327 0.190
-0.514 0.685 0.515
0.161 0.676 0.103
-0.552 -0.006 -0.061
-0.665 0.732 -0.152
0.383 0.294 0.019
-0.119 -0.453 0.455
-0.564 0.665 0.489
0.672 0.599 -0.349
0.002 -0.111 -0.570
-0.674 0.705 -0.222
-0.676 0.622 0.259
0.012 0.038 -0.170
0.495 0.812 -0.309
-1.290 0.334 -0.510
-0.505 -0.263 -0.674
0.584 0.802 -0.122
0.788 0.508 0.249
0.590 -0.179 -0.450
-0.187 0.727 -0.661
-0.842 0.396 -0.138
-0.211 -0.189 0.372
0.455 0.811 0.368
0.746 0.580 -0.519
0.614 -0.169 0.130
-0.149 0.662 0.734
1.143 0.457 -0.406
0.431 -0.121 -0.806
-0.503 0.816 -0.283
