22
0.048 0.249 0.847
-0.681 0.040 1.500
-0.157 0.978 0.138
0.463 0.084 0.809
-0.369 -0.328 1.182
-0.404 0.909 0.103
-0.293 0.166 0.257
-0.844 -0.243 0.985
-0.201 0.911 0.360
0.470 0.151 1.033
-0.261 -0.232 1.598
-0.274 0.923 0.270
0.521 0.262 1.167
0.039 0.058 2.019
-0.114 0.979 0.169
0.637 0.109 1.130
0.388 -0.355 1.981
-0.159 0.885 0.437
-0.156 0.224 0.999
0.030 -0.078 1.934
0.104 0.952 0.287
0.353 0.097 0.896
0.546 -0.389 1.749
0.181 0.872 0.455
1.469 0.052 1.190
1.381 -0.480 2.033
0.098 0.837 0.538
0.319 0.332 1.037
1.004 0.264 1.762
0.069 0.997 0.029
0.204 0.095 1.735
0.969 -0.397 2.150
0.463 0.869 0.177
0.273 0.167 2.485
1.190 -0.139 2.230
0.286 0.951 -0.114
0.428 0.138 1.176
1.302 -0.315 1.353
0.444 0.892 0.088
0.521 0.326 0.487
1.494 0.151 0.638
0.173 0.985 0.025
1.019 0.026 -0.433
1.727 -0.545 -0.020
0.554 0.814 0.176
0.802 0.147 0.076
1.637 -0.320 -0.215
0.441 0.884 -0.153
0.865 0.158 -0.051
1.512 -0.230 -0.707
0.255 0.921 -0.294
1.512 0.103 -0.335
1.233 -0.470 -1.106
-0.189 0.820 -0.541
1.335 0.172 -0.341
0.722 -0.254 -1.007
-0.285 0.905 -0.317
0.187 0.052 0.683
-0.013 -0.393 -0.190
-0.125 0.895 -0.429
0.223 0.036 0.838
-0.446 -0.505 0.328
-0.495 0.835 -0.238
0.689 0.247 0.798
-0.127 0.063 1.348
-0.149 0.983 0.107
0.668 0.079 0.941
0.004 -0.427 1.494
-0.434 0.861 0.266
