15
-0.279 0.543 0.220
-0.115 -0.174 -0.457
0.169 0.697 -0.697
-0.302 0.753 0.378
-0.112 0.022 -0.278
0.203 0.683 -0.702
0.167 0.638 -1.260
-0.087 -0.177 -0.738
-0.356 0.580 0.733
0.190 0.688 -1.543
0.486 -0.075 -0.968
0.349 0.646 0.679
0.154 0.746 -1.108
-0.176 -0.028 -0.568
-0.403 0.634 0.660
1.104 0.382 -1.654
0.281 -0.159 -1.483
-0.531 0.840 0.111
1.369 0.743 0.463
0.997 0.056 -0.161
-0.352 0.726 -0.590
0.635 0.690 -0.029
-0.045 0.066 -0.416
-0.542 0.782 -0.309
-0.715 0.388 -1.373
-0.630 -0.266 -0.621
0.073 0.757 0.650
0.891 0.758 -0.839
0.131 0.123 -0.977
-0.625 0.772 -0.113
-0.698 0.615 -1.524
-0.467 0.166 -0.661
0.116 0.894 0.433
1.068 0.684 -1.444
0.920 0.057 -0.680
-0.119 0.779 0.616
1.812 0.519 -0.343
1.404 -0.132 0.297
-0.350 0.759 0.549
0.803 0.463 0.827
0.484 0.013 -0.008
-0.160 0.893 -0.420
-0.729 0.769 -0.947
0.012 0.119 -1.117
0.634 0.760 -0.145
