15
0.280 0.440 -0.313
-0.708 0.291 -0.281
-0.148 0.989 0.005
0.570 0.369 0.737
-0.157 -0.004 0.160
-0.292 0.928 -0.232
-0.490 0.215 0.985
-1.225 -0.148 0.412
-0.286 0.932 -0.223
0.368 0.240 1.494
-0.292 -0.380 1.070
-0.522 0.784 -0.335
0.675 0.135 1.383
0.318 -0.448 0.654
-0.256 0.813 -0.523
0.832 0.368 0.423
0.039 -0.242 0.422
-0.610 0.793 -0.001
0.973 0.365 -0.779
0.207 -0.201 -0.477
-0.527 0.824 0.208
-0.978 0.261 1.068
-0.132 -0.265 1.149
0.524 0.850 0.050
-0.717 0.408 -1.435
-0.330 -0.104 -0.668
0.231 0.859 0.457
0.272 0.203 0.560
-0.459 -0.424 0.292
-0.589 0.779 -0.216
-0.039 0.441 -0.134
0.317 -0.346 0.369
0.454 0.617 0.643
-1.672 0.385 0.675
-0.918 -0.246 0.491
0.613 0.776 -0.149
0.109 0.233 0.168
-0.492 -0.320 0.745
-0.399 0.833 0.383
0.919 0.220 0.269
0.126 -0.029 0.825
-0.204 0.968 0.143
-0.181 0.193 -1.083
-0.083 -0.397 -0.282
0.072 0.807 0.586
