12
1.761 0.611 4.131
1.179 0.523 3.323
-0.052 0.996 -0.072
3.815 0.532 -1.154
3.159 0.584 -0.401
0.034 0.999 -0.039
-1.348 0.630 4.936
-1.188 0.489 3.959
0.023 0.990 -0.139
-1.384 0.663 4.653
-0.951 0.200 3.879
0.226 0.886 -0.404
2.944 0.349 -0.727
2.095 0.386 -0.199
0.032 0.999 -0.020
5.114 0.335 2.846
4.167 0.305 2.528
-0.029 1.000 -0.010
3.348 0.590 -0.925
2.806 0.386 -0.111
-0.113 0.979 0.170
4.977 0.518 4.173
4.141 0.641 3.639
0.104 0.992 0.067
4.984 0.268 1.820
4.050 0.276 2.176
0.007 1.000 -0.003
0.534 0.352 -6.641
0.117 0.409 -5.733
0.024 0.998 -0.052
-1.306 0.446 5.269
-1.558 0.208 4.332
-0.062 0.971 -0.230
4.845 0.377 2.835
4.109 0.403 2.159
0.019 1.000 0.018
