15
-5.171 0.190 -6.550
-4.613 -0.021 -5.747
0.120 0.978 0.173
-4.420 0.290 -6.909
-4.114 0.176 -5.964
0.035 0.993 0.109
-4.664 0.317 -7.181
-4.168 -0.098 -6.418
0.226 0.910 0.348
1.726 0.410 5.309
2.107 -0.175 4.593
0.275 0.811 -0.517
-4.459 0.337 -3.665
-3.528 0.016 -3.494
0.316 0.947 0.058
-0.388 0.397 -4.020
-0.431 -0.080 -3.142
-0.024 0.879 0.476
6.470 0.204 1.628
5.653 -0.370 1.682
-0.573 0.819 0.038
-4.932 0.201 -6.588
-4.263 -0.161 -5.939
0.260 0.932 0.253
-3.946 0.487 -0.748
-3.099 -0.039 -0.664
0.523 0.851 0.052
3.451 0.128 0.622
2.455 0.038 0.591
-0.089 0.996 -0.003
-4.851 0.232 -3.603
-4.046 0.254 -3.009
-0.018 1.000 -0.013
1.902 0.162 -2.143
1.198 -0.164 -1.512
-0.243 0.945 0.217
2.321 0.347 4.498
2.816 -0.086 3.745
0.238 0.901 -0.361
-4.488 0.361 -6.985
-4.152 -0.164 -6.203
0.207 0.851 0.483
-3.550 0.374 4.362
-3.165 0.201 3.455
0.068 0.985 -0.159
