11
-3.352 1.002 -0.637
-2.543 0.456 -0.854
0.528 0.838 -0.142
-3.452 1.148 -0.379
-2.766 0.554 -0.800
0.506 0.805 -0.311
-3.140 0.843 0.053
-2.208 0.892 -0.304
-0.046 0.999 0.018
-2.768 0.962 -2.297
-2.234 0.285 -1.792
0.492 0.735 0.466
-3.149 0.872 0.051
-2.271 0.977 -0.417
-0.092 0.995 0.049
-0.247 0.906 -2.525
-0.201 0.785 -1.534
0.006 0.993 0.121
3.335 0.858 1.548
2.828 0.390 0.825
-0.269 0.883 -0.383
-2.404 0.970 -3.443
-2.031 0.850 -2.523
0.045 0.993 0.111
3.691 1.008 -1.571
2.867 0.676 -1.113
-0.290 0.943 0.161
1.113 1.020 0.801
0.999 0.368 0.051
-0.098 0.759 -0.644
-2.297 0.766 -3.727
-1.934 0.625 -2.806
0.052 0.990 0.131
