9
1.001 0.445 -1.369
1.469 0.072 -0.567
0.188 0.928 0.322
0.486 0.552 -1.155
0.980 0.254 -0.338
0.148 0.954 0.259
0.516 0.416 0.001
0.089 0.101 0.849
-0.172 0.949 0.265
-0.001 0.370 1.150
-0.892 0.192 0.733
-0.144 0.983 -0.113
-0.732 0.425 1.187
-0.864 0.109 0.248
-0.049 0.949 -0.313
-1.521 0.384 -0.191
-0.871 0.081 -0.888
0.213 0.953 -0.216
0.268 0.268 -0.110
0.413 -0.264 -0.945
0.116 0.847 -0.519
-1.743 0.155 -1.104
-0.920 -0.336 -1.389
0.425 0.866 -0.265
-0.950 0.283 -1.121
-0.058 -0.169 -1.142
0.452 0.892 -0.014
0.741 0.490 -1.092
1.379 0.234 -0.366
0.180 0.967 0.182
