33
1.445 0.604 -1.133
0.620 0.163 -0.781
-0.406 0.897 0.174
0.522 0.559 -0.931
-0.077 -0.069 -0.435
-0.485 0.778 0.400
1.058 0.383 -0.774
0.330 -0.279 -0.594
-0.642 0.750 0.159
1.321 0.488 -0.405
0.419 0.110 -0.195
-0.369 0.926 0.086
0.864 0.365 1.453
0.361 -0.110 0.731
-0.272 0.880 -0.389
1.577 0.413 -0.613
0.784 0.021 -0.146
-0.338 0.920 0.199
1.175 0.437 0.078
0.461 -0.230 0.291
-0.639 0.745 0.191
1.155 0.608 1.176
0.771 -0.049 0.526
-0.334 0.754 -0.565
1.087 0.222 0.622
0.427 -0.108 -0.053
-0.231 0.944 -0.236
1.083 0.398 1.633
0.748 -0.166 0.879
-0.229 0.826 -0.515
-1.765 0.259 -1.283
-1.676 -0.127 -0.365
0.037 0.922 0.385
-1.777 0.573 0.688
-1.539 -0.115 0.003
0.226 0.725 -0.650
-1.319 0.217 0.747
-0.843 -0.369 0.091
0.344 0.810 -0.474
-1.256 0.258 -1.384
-1.027 -0.280 -0.573
0.146 0.843 0.518
-1.274 0.497 0.578
-0.896 -0.106 -0.124
0.285 0.798 -0.531
0.520 0.445 0.966
0.373 -0.219 0.233
-0.131 0.748 -0.651
-1.689 0.320 -1.535
-1.653 -0.137 -0.646
0.018 0.889 0.457
0.937 0.289 0.628
-0.050 0.139 0.571
-0.150 0.989 -0.009
1.899 0.552 -0.735
0.939 0.486 -0.463
-0.063 0.998 0.018
1.027 0.393 -1.017
0.767 -0.253 -0.300
-0.220 0.763 0.607
-0.315 0.391 -1.330
-0.206 -0.181 -0.517
0.076 0.820 0.567
1.239 0.562 0.242
0.323 0.456 -0.146
-0.098 0.994 -0.042
-0.923 0.445 -0.902
-0.370 -0.183 -0.353
0.445 0.779 0.442
1.555 0.428 0.645
0.928 0.169 -0.090
-0.168 0.966 -0.197
0.656 0.324 1.501
-0.027 0.285 0.771
-0.027 0.999 -0.029
-0.805 0.486 -1.292
-0.322 -0.132 -0.671
0.380 0.786 0.487
-0.552 0.562 -0.967
-0.029 -0.143 -0.489
0.521 0.709 0.476
1.967 0.445 -0.011
1.361 -0.157 -0.531
-0.457 0.798 -0.392
-1.503 0.304 -1.242
-0.758 -0.198 -0.801
0.432 0.865 0.255
-1.115 0.284 0.301
-0.379 -0.370 0.126
0.636 0.757 -0.151
0.843 0.476 0.119
0.228 0.101 -0.574
-0.249 0.927 -0.281
2.139 0.367 -0.438
1.238 0.196 -0.835
-0.157 0.985 -0.069
-0.444 0.420 -0.903
-0.219 -0.154 -0.116
0.158 0.819 0.552
