23
-2.363 0.149 1.229
-1.627 -0.364 0.788
0.440 0.858 -0.264
-1.584 -0.061 -1.296
-0.861 -0.425 -0.709
0.282 0.932 0.229
-2.103 0.142 1.789
-1.353 -0.201 1.223
0.273 0.940 -0.206
-2.143 0.054 -0.779
-1.837 -0.594 -0.081
0.260 0.761 0.594
-1.661 0.079 0.890
-0.911 -0.351 0.389
0.358 0.903 -0.239
-1.635 -0.083 0.213
-0.917 -0.599 -0.254
0.432 0.857 -0.281
2.060 -0.063 0.713
1.599 -0.619 0.021
-0.308 0.831 -0.463
-1.588 0.256 0.957
-0.783 -0.292 0.730
0.527 0.837 -0.149
-2.101 0.110 0.286
-1.314 -0.498 0.182
0.603 0.794 -0.080
1.192 0.177 -1.667
0.577 -0.292 -1.033
-0.327 0.883 0.337
-1.892 0.127 -0.497
-1.166 -0.296 0.045
0.339 0.906 0.253
2.101 -0.079 1.013
2.009 -0.483 0.103
-0.041 0.914 -0.403
1.636 0.131 -0.588
1.110 -0.521 -0.042
-0.453 0.758 0.469
-2.023 0.225 0.032
-1.214 -0.216 0.422
0.398 0.897 0.192
-1.454 0.042 0.936
-0.810 -0.230 0.221
0.182 0.962 -0.202
-0.670 0.082 -0.961
-0.057 -0.475 -0.400
0.411 0.831 0.376
1.197 0.236 0.572
0.523 -0.381 0.165
-0.527 0.787 -0.319
-1.896 -0.019 -0.497
-0.997 -0.292 -0.839
0.256 0.962 -0.097
-1.293 0.087 0.160
-0.578 -0.245 -0.456
0.252 0.943 -0.217
-1.614 -0.072 1.228
-1.639 -0.502 0.325
-0.011 0.903 -0.430
1.289 0.128 0.560
0.999 -0.482 -0.178
-0.223 0.793 -0.567
-2.168 -0.044 -1.205
-1.293 -0.517 -1.107
0.471 0.881 0.053
-2.070 -0.026 1.033
-1.369 -0.113 0.325
0.061 0.996 -0.061
