23
-1.445 0.022 0.074
-1.915 -0.332 0.883
-0.185 0.935 0.302
-1.846 0.123 0.095
-1.869 -0.033 1.083
0.024 0.987 0.156
-1.499 -0.033 0.160
-0.632 -0.400 0.496
0.342 0.930 0.132
-1.039 -0.036 0.535
-0.348 -0.394 -0.093
0.230 0.932 -0.278
-1.162 -0.077 0.598
-1.298 -0.502 -0.297
-0.074 0.905 -0.419
-1.343 0.090 0.095
-2.066 -0.020 -0.588
-0.088 0.994 -0.066
-1.073 -0.042 -0.147
-1.918 -0.461 0.185
-0.380 0.908 0.177
-1.331 0.176 -0.135
-1.763 0.211 0.766
0.025 0.999 -0.028
-1.824 -0.016 0.203
-1.364 -0.277 1.052
0.149 0.965 0.216
-1.650 -0.109 0.171
-0.777 -0.596 0.218
0.482 0.872 0.080
-0.638 -0.091 0.940
0.207 -0.589 0.747
0.499 0.865 -0.045
0.223 -0.055 0.998
0.751 -0.395 0.219
0.190 0.941 -0.281
1.251 -0.166 0.900
1.439 -0.668 0.056
0.192 0.862 -0.470
1.143 0.077 0.860
1.287 -0.118 -0.110
-0.005 0.980 -0.198
0.459 0.020 1.085
-0.347 -0.274 0.570
-0.276 0.954 -0.113
-0.220 -0.025 1.215
-0.982 -0.417 0.700
-0.337 0.920 -0.201
-1.434 0.066 0.532
-1.752 -0.108 -0.400
-0.055 0.985 -0.165
-1.633 -0.173 0.386
-0.829 -0.724 0.161
0.541 0.834 -0.104
-1.188 -0.119 -0.439
-0.318 -0.603 -0.534
0.480 0.875 -0.066
-0.087 -0.090 -1.104
0.789 -0.550 -0.959
0.459 0.887 0.041
1.093 -0.112 -1.319
1.575 -0.524 -0.546
0.263 0.910 0.321
1.533 -0.118 -1.172
1.207 -0.524 -0.318
-0.147 0.914 0.377
0.250 -0.079 -1.102
-0.488 -0.478 -0.558
-0.312 0.917 0.250
-0.541 0.093 -0.646
-1.043 0.050 0.218
0.037 0.997 0.071
