19
3.382 -0.156 -2.592
2.600 -0.659 -2.224
-0.455 0.864 0.214
-2.941 -0.330 1.395
-2.266 -0.876 0.898
0.440 0.838 -0.324
3.177 -0.193 -2.594
2.577 -0.763 -2.032
-0.416 0.822 0.389
3.400 -0.297 1.818
2.571 -0.405 1.269
-0.090 0.994 -0.060
3.384 -0.268 -2.591
2.548 -0.734 -2.301
-0.440 0.885 0.153
-2.136 -0.465 0.647
-1.498 -0.973 0.068
0.376 0.861 -0.341
3.250 -0.229 -0.058
2.291 -0.507 -0.005
-0.278 0.961 0.016
-2.420 -0.382 0.655
-1.615 -0.806 0.241
0.377 0.906 -0.194
2.708 -0.348 -1.332
2.039 -0.911 -0.846
-0.455 0.827 0.331
3.140 -0.452 -2.058
2.365 -0.468 -1.426
-0.012 1.000 0.010
2.992 -0.360 1.206
2.310 -0.603 0.517
-0.171 0.970 -0.173
2.416 -0.433 1.199
1.467 -0.507 0.894
-0.070 0.997 -0.022
1.871 -0.162 -2.154
1.397 -0.572 -1.374
-0.213 0.912 0.350
-3.197 -0.255 -2.010
-2.446 -0.294 -1.351
0.029 0.999 0.025
-0.405 -0.480 1.529
-0.605 -0.943 0.665
-0.104 0.887 -0.451
-1.938 -0.496 1.909
-1.059 -0.647 1.456
0.135 0.988 -0.070
-2.242 -0.154 -0.618
-1.426 -0.729 -0.659
0.575 0.818 -0.029
2.133 -0.475 1.820
1.509 -1.008 1.249
-0.394 0.846 -0.360
-0.405 -0.440 1.431
-0.656 -0.999 0.641
-0.169 0.829 -0.533
