17
1.183 0.324 -0.635
0.531 0.128 0.097
-0.131 0.981 0.147
1.184 0.513 -0.559
0.847 0.256 0.346
-0.090 0.966 0.241
1.411 0.554 0.514
0.479 0.503 0.872
-0.048 0.999 0.018
1.175 0.231 -1.608
1.179 -0.395 -0.827
0.004 0.781 0.625
-0.382 0.347 -1.006
-0.244 0.282 -0.018
0.009 0.998 0.064
-0.383 0.224 -1.191
-0.345 -0.055 -0.232
0.011 0.960 0.279
0.403 0.307 -0.508
0.357 -0.035 0.430
-0.017 0.940 0.341
0.569 0.462 -1.772
0.121 0.450 -0.878
-0.006 1.000 0.011
-0.969 0.324 -1.660
-0.356 0.029 -0.927
0.190 0.955 0.227
-0.088 0.218 -1.690
0.478 -0.315 -1.061
0.356 0.846 0.396
0.124 0.214 1.428
0.703 -0.441 0.942
0.501 0.756 -0.422
1.430 0.455 1.295
0.556 0.001 1.466
-0.445 0.891 0.087
-1.162 0.282 -0.964
-0.618 -0.069 -0.203
0.204 0.936 0.286
-0.379 0.552 -0.647
-0.057 -0.215 -0.091
0.384 0.642 0.664
0.064 0.490 1.430
0.311 -0.142 0.696
0.201 0.775 -0.599
-0.737 0.525 -0.105
-0.049 -0.110 0.246
0.565 0.773 0.288
0.149 0.224 -0.917
0.470 -0.396 -0.201
0.254 0.785 0.566
