1129
0.260 -0.304 0.960
-0.132 -0.772 1.752
-0.245 0.883 0.401
0.708 -0.397 1.181
-0.002 -0.873 1.700
-0.334 0.876 0.347
1.118 -0.385 1.407
0.382 -0.983 1.724
-0.567 0.801 0.195
0.737 -0.629 1.044
-0.130 -1.127 1.010
-0.493 0.865 -0.091
0.747 -0.230 1.251
-0.135 -0.450 1.668
-0.238 0.971 0.012
0.756 -0.210 1.109
-0.221 -0.344 1.272
-0.149 0.985 -0.086
0.865 -0.402 1.403
0.261 -0.947 0.821
-0.373 0.838 -0.399
0.394 -0.357 0.614
-0.189 -0.740 -0.103
-0.213 0.923 -0.320
0.153 -0.310 -0.137
-0.704 -0.802 0.015
-0.482 0.870 0.100
0.324 -0.126 -0.160
-0.670 -0.030 -0.097
0.098 0.995 0.020
-0.056 -0.305 0.338
-0.735 -0.681 -0.293
-0.332 0.923 -0.194
-0.139 -0.274 0.090
-0.609 -0.526 -0.756
-0.140 0.968 -0.210
-1.104 -0.346 0.068
-1.040 -0.754 -0.843
-0.005 0.913 -0.409
-0.755 -0.252 -0.044
-0.211 -0.554 -0.827
0.232 0.951 -0.206
-1.162 -0.394 -0.741
-0.413 -0.780 -1.279
0.229 0.913 -0.338
-0.895 -0.156 -0.004
-0.189 -0.060 -0.707
-0.049 0.995 0.088
-0.814 -0.077 0.039
0.107 0.006 -0.343
-0.043 0.993 0.112
-0.559 -0.350 -0.516
0.345 -0.768 -0.604
0.414 0.908 -0.058
-0.481 -0.335 -0.448
0.221 -0.847 0.048
0.395 0.859 0.327
0.126 -0.216 0.004
0.988 -0.706 0.130
0.469 0.868 0.165
