11
-1.725 0.720 1.551
-1.001 0.444 0.919
0.207 0.961 -0.181
1.558 0.433 0.219
0.753 -0.152 0.121
-0.580 0.811 -0.071
-1.721 0.458 1.463
-1.036 0.359 0.741
0.068 0.995 -0.072
-1.283 0.691 -1.137
-0.613 0.351 -0.477
0.242 0.940 0.238
-1.284 0.373 -1.126
-1.097 -0.242 -0.360
0.146 0.788 0.598
1.344 0.597 1.064
0.809 -0.013 0.479
-0.412 0.793 -0.450
1.774 0.458 -1.411
1.165 -0.174 -0.931
-0.496 0.775 0.391
0.232 0.427 -0.953
-0.069 -0.115 -0.169
-0.194 0.840 0.507
-0.755 0.604 -2.181
-0.101 0.233 -1.521
0.261 0.929 0.264
0.247 0.377 -1.322
-0.231 -0.140 -0.613
-0.290 0.856 0.429
-1.256 0.621 -1.777
-0.851 0.262 -0.936
0.156 0.933 0.324
