15
1.929 0.137 -0.701
1.002 -0.148 -0.459
-0.276 0.958 0.072
1.208 0.162 1.126
0.221 0.006 1.164
-0.156 0.988 0.006
0.972 -0.035 1.027
0.209 -0.041 0.381
-0.005 1.000 -0.004
-0.958 -0.192 1.588
-1.105 -0.479 0.641
-0.044 0.958 -0.284
0.935 -0.138 1.012
0.260 -0.512 0.376
-0.272 0.927 -0.257
0.638 -0.168 -0.894
0.683 -0.281 0.098
0.005 0.994 0.112
-2.025 -0.039 0.846
-1.892 -0.513 -0.024
0.072 0.880 -0.469
-0.931 0.152 -2.314
-0.292 -0.192 -1.627
0.234 0.939 0.252
-1.589 -0.058 -2.144
-1.167 -0.559 -1.388
0.244 0.866 0.437
0.797 -0.098 -1.279
0.341 -0.702 -0.626
-0.346 0.797 0.495
-0.524 0.135 -1.400
-0.778 0.113 -0.433
-0.006 1.000 0.022
-0.513 0.122 -1.428
-0.095 -0.392 -0.679
0.250 0.858 0.449
1.675 -0.038 -0.085
1.304 -0.334 0.795
-0.115 0.955 0.273
-1.504 0.003 -2.350
-1.752 -0.292 -1.428
-0.077 0.955 0.285
-1.159 -0.161 -2.406
-0.434 -0.426 -1.770
0.199 0.964 0.175
