18
-0.762 0.063 0.299
-0.942 -0.676 -0.350
-0.137 0.673 -0.727
-0.825 0.016 0.366
-0.937 -0.729 -0.292
-0.197 0.666 -0.720
-1.338 0.011 0.247
-0.970 -0.641 -0.416
0.254 0.756 -0.603
-1.202 0.226 0.266
-0.815 -0.159 -0.572
0.208 0.922 -0.327
-1.095 0.394 0.302
-0.882 0.348 -0.674
0.068 0.997 -0.032
-1.045 0.292 0.327
-1.113 0.066 -0.645
-0.029 0.974 -0.224
-0.940 0.390 0.363
-1.412 0.392 -0.519
-0.039 0.999 0.022
-0.963 0.155 0.365
-1.272 -0.368 -0.429
-0.206 0.852 -0.481
-1.028 0.060 0.299
-1.556 -0.681 -0.115
-0.589 0.671 -0.450
-1.034 0.017 0.325
-1.525 -0.848 0.222
-0.866 0.497 -0.055
-1.050 0.084 0.274
-1.764 -0.611 0.362
-0.677 0.717 0.167
-0.889 0.091 0.182
-1.483 -0.621 0.555
-0.554 0.699 0.452
-0.662 0.135 -0.083
-0.799 -0.499 0.678
-0.050 0.772 0.633
-0.660 0.148 0.025
-0.893 -0.437 0.802
-0.136 0.811 0.569
-1.001 0.183 0.188
-0.417 -0.254 0.873
0.301 0.899 0.317
-1.165 0.139 0.218
-0.363 -0.454 0.155
0.590 0.805 -0.064
-1.063 0.174 0.101
-0.307 -0.403 -0.210
0.522 0.817 -0.244
-1.059 0.291 0.126
-0.723 -0.033 -0.758
0.175 0.944 -0.280
-1.016 0.071 0.268
-0.896 -0.636 -0.429
0.096 0.707 -0.701
