33
-0.872 0.213 0.821
-1.697 -0.127 0.369
-0.317 0.940 -0.126
-0.685 0.217 0.522
-1.517 -0.180 0.135
-0.363 0.917 -0.163
-0.680 0.345 0.712
-1.629 0.205 0.995
-0.137 0.990 0.028
-0.685 0.104 1.112
-1.528 -0.422 1.224
-0.519 0.850 0.092
-1.582 0.141 0.391
-2.022 -0.302 1.173
-0.258 0.896 0.362
-1.049 0.184 0.868
-1.541 -0.191 1.654
-0.182 0.927 0.328
-0.457 0.063 1.733
-1.184 -0.493 2.135
-0.454 0.829 0.328
-0.424 0.201 1.557
-0.973 -0.174 2.304
-0.233 0.927 0.294
-0.879 0.151 1.282
-1.008 -0.333 2.148
-0.093 0.875 0.475
-2.086 0.068 1.813
-1.405 -0.428 2.351
0.313 0.862 0.399
-1.295 0.318 1.284
-0.616 0.169 2.002
0.107 0.989 0.103
-0.016 0.146 0.747
0.211 -0.273 1.626
0.089 0.908 0.410
0.195 0.075 0.510
0.726 -0.473 1.157
0.352 0.837 0.419
0.223 0.213 0.939
1.163 -0.125 0.884
0.341 0.940 0.036
0.264 0.119 0.823
0.992 -0.423 0.403
0.461 0.840 -0.286
0.827 0.175 1.011
1.148 -0.165 0.126
0.127 0.941 -0.315
0.992 0.166 0.968
1.002 -0.278 0.072
0.012 0.896 -0.444
0.616 0.104 1.045
0.712 -0.357 0.163
0.018 0.887 -0.462
-0.861 0.032 0.558
-0.228 -0.312 -0.136
0.133 0.931 -0.340
-1.058 0.049 0.214
-0.540 -0.433 -0.492
0.231 0.875 -0.426
-0.347 0.077 0.769
-0.754 -0.467 0.035
-0.289 0.839 -0.461
-0.066 0.098 -0.232
-0.895 -0.450 -0.340
-0.534 0.835 -0.133
-0.525 0.285 0.846
-1.443 0.108 0.490
-0.169 0.984 -0.054
-0.736 0.118 0.888
-1.232 -0.463 0.242
-0.329 0.814 -0.479
-1.043 0.169 0.304
-1.144 -0.356 -0.540
-0.068 0.851 -0.521
-0.925 0.138 -0.889
-0.918 -0.329 -1.773
0.003 0.884 -0.468
-0.827 0.089 -1.169
-0.193 -0.397 -1.771
0.362 0.874 -0.325
-0.543 0.225 -2.472
0.337 -0.139 -2.165
0.345 0.932 0.114
-0.087 0.152 -2.817
0.604 -0.313 -2.263
0.408 0.883 0.232
-0.209 0.233 -1.844
0.686 -0.163 -1.638
0.400 0.916 0.022
0.434 0.196 0.025
1.290 -0.215 0.338
0.370 0.911 0.182
0.488 0.193 0.050
1.068 -0.209 0.759
0.242 0.916 0.322
-0.274 0.181 0.736
-0.524 -0.263 1.597
-0.225 0.891 0.394
-0.396 0.186 0.870
-0.915 -0.244 1.609
-0.320 0.899 0.297
