280
1.321 0.004 0.927
0.445 -0.461 0.807
-0.468 0.884 -0.009
0.059 -0.022 1.374
-0.553 -0.465 0.719
-0.319 0.897 -0.308
0.023 0.141 1.134
0.118 0.045 0.143
-0.024 0.995 -0.098
0.471 -0.068 1.207
1.013 -0.612 0.566
0.299 0.837 -0.458
0.837 -0.007 1.003
0.911 -0.477 0.124
-0.028 0.880 -0.473
1.618 -0.079 0.689
0.731 -0.510 0.525
-0.432 0.901 -0.039
1.565 -0.104 -0.873
0.700 -0.576 -0.703
-0.469 0.881 0.056
0.221 -0.004 -1.311
-0.529 -0.331 -0.735
-0.252 0.945 0.208
0.385 0.186 -1.158
0.110 0.162 -0.197
0.029 0.999 0.033
