15
-1.975 0.505 -0.778
-1.291 0.013 -0.240
0.386 0.871 0.304
-1.111 0.708 -0.828
-0.303 0.181 -0.567
0.502 0.850 0.162
1.657 0.618 -0.524
0.920 0.044 -0.882
-0.516 0.819 -0.251
-2.567 0.738 1.007
-1.742 0.195 1.166
0.533 0.840 0.103
2.097 0.476 -0.393
1.409 -0.044 -0.899
-0.419 0.854 -0.308
-1.779 0.550 0.873
-0.983 -0.048 0.782
0.594 0.801 -0.068
-2.521 0.431 1.480
-1.585 0.089 1.560
0.341 0.940 0.029
-1.853 0.613 -0.785
-0.926 0.324 -1.028
0.279 0.957 -0.073
-0.423 0.522 -0.764
-0.735 -0.187 -0.132
-0.314 0.705 0.636
1.684 0.448 -0.203
1.353 -0.212 -0.877
-0.291 0.751 -0.592
-1.481 0.591 1.259
-0.957 0.082 0.576
0.310 0.861 -0.404
-1.388 0.724 0.346
-0.798 -0.049 0.580
0.718 0.635 0.285
-1.497 0.733 -0.394
-1.669 0.163 0.410
-0.119 0.822 0.557
1.729 0.392 0.088
1.228 -0.160 -0.578
-0.332 0.833 -0.442
-1.976 0.475 0.907
-1.124 0.152 0.493
0.290 0.946 -0.141
