585
0.270 -0.069 1.076
0.061 -0.451 0.176
-0.075 0.924 -0.375
0.016 0.011 1.241
-0.910 -0.232 0.955
-0.248 0.968 -0.022
0.089 -0.029 1.131
-0.613 -0.286 0.468
-0.190 0.966 -0.173
0.208 -0.136 1.178
0.486 -0.688 0.392
0.180 0.834 -0.522
-0.105 -0.021 0.963
0.709 -0.389 0.514
0.309 0.930 -0.201
-0.936 0.102 0.971
0.025 -0.001 1.229
0.118 0.992 -0.042
-1.031 0.053 1.139
-0.543 -0.163 1.985
0.113 0.976 0.184
-0.530 -0.023 0.765
-0.971 -0.404 1.578
-0.201 0.924 0.324
-0.669 0.141 1.174
-1.646 -0.008 1.324
-0.147 0.989 0.026
-0.735 0.033 1.475
-1.395 -0.265 0.786
-0.213 0.954 -0.209
-1.214 -0.063 1.092
-0.859 -0.517 0.275
0.219 0.890 -0.399
-1.212 -0.020 1.266
-0.266 -0.338 1.207
0.317 0.948 -0.035
-0.691 0.100 1.104
0.156 -0.007 0.584
0.070 0.993 -0.090
0.738 -0.089 0.917
0.922 -0.422 -0.008
0.062 0.943 -0.326
1.483 -0.148 0.296
1.130 -0.416 -0.600
-0.017 0.960 -0.281
1.151 0.495 0.102
0.839 -0.136 -0.609
-0.291 0.775 -0.561
0.836 0.411 0.375
-0.007 -0.099 0.205
-0.500 0.860 -0.099
0.889 0.188 0.595
0.052 0.042 1.123
-0.122 0.989 0.079
