11
0.814 0.486 0.388
-0.140 0.233 0.227
-0.250 0.967 -0.042
0.893 0.453 2.078
0.132 0.607 1.448
0.119 0.988 0.098
1.182 0.296 0.579
0.481 0.447 -0.117
0.108 0.988 0.107
2.303 0.168 -0.487
1.381 -0.094 -0.202
-0.250 0.965 0.077
0.808 0.461 2.034
0.392 0.620 1.138
0.067 0.987 0.144
0.820 0.397 2.040
0.219 -0.074 1.393
-0.320 0.882 -0.345
-1.477 0.388 0.858
-0.714 -0.204 0.599
0.561 0.805 -0.190
1.068 0.352 -0.906
0.229 0.417 -0.366
0.055 0.998 -0.035
1.555 0.188 0.773
1.075 0.233 -0.103
0.021 0.999 0.039
-0.638 0.313 -1.971
-0.120 0.110 -1.140
0.107 0.979 0.173
1.717 0.501 -0.792
1.007 -0.117 -0.455
-0.559 0.786 0.265
