12
1.814 0.955 0.752
1.215 0.295 0.299
-0.527 0.751 -0.398
-1.885 0.959 -1.367
-1.169 0.499 -0.841
0.370 0.888 0.272
-1.193 0.998 -0.221
-0.503 0.282 -0.323
0.709 0.698 -0.105
-1.058 0.843 -1.714
-0.351 0.250 -1.328
0.521 0.805 0.284
0.826 0.846 0.516
0.463 0.176 -0.131
-0.329 0.742 -0.585
1.574 0.917 -2.249
0.909 0.362 -1.750
-0.445 0.831 0.334
-0.390 0.811 -1.850
0.214 0.302 -1.236
0.357 0.861 0.363
2.325 0.798 1.083
2.077 0.232 0.297
-0.170 0.825 -0.539
1.106 0.797 -1.931
0.938 0.060 -1.275
-0.182 0.676 0.714
1.338 0.710 -0.761
0.642 0.033 -0.523
-0.641 0.736 0.219
1.814 0.770 0.752
1.034 0.145 0.739
-0.625 0.780 -0.010
-0.390 0.674 -2.067
-0.768 0.275 -1.232
-0.165 0.917 0.364
