30
0.006 0.004 1.163
-0.796 -0.293 0.645
-0.250 0.955 -0.162
-0.398 0.299 1.669
-1.207 0.236 1.085
-0.051 0.998 -0.037
-0.075 0.031 0.335
-1.014 -0.269 0.163
-0.295 0.954 -0.054
-2.947 -0.013 1.648
-2.970 -0.375 0.716
-0.009 0.932 -0.362
0.347 0.256 0.390
-0.504 0.092 -0.109
-0.141 0.987 -0.083
-0.554 0.206 0.605
-1.288 0.324 -0.065
0.088 0.993 0.080
0.897 0.244 1.061
-0.009 0.059 0.681
-0.171 0.983 -0.072
0.687 0.245 1.175
-0.278 0.142 0.934
-0.099 0.995 -0.025
0.684 0.187 -0.766
-0.301 0.216 -0.934
0.029 1.000 0.005
0.075 0.174 -0.246
-0.846 0.283 -0.619
0.101 0.994 0.041
0.622 -0.010 1.054
-0.320 0.207 0.799
0.210 0.976 0.057
0.108 0.274 1.355
-0.802 -0.091 1.159
-0.357 0.931 -0.077
0.075 0.151 0.954
-0.746 -0.274 0.574
-0.385 0.905 -0.178
-2.446 -0.004 1.278
-2.398 -0.270 0.315
0.013 0.964 -0.266
0.651 0.234 -0.771
-0.292 0.148 -1.091
-0.082 0.996 -0.028
-2.901 -0.068 1.310
-2.812 -0.243 0.329
0.016 0.985 -0.174
0.421 0.128 -1.401
-0.458 -0.346 -1.337
-0.473 0.881 0.034
0.544 0.101 -1.385
-0.432 0.050 -1.596
-0.050 0.999 -0.011
0.319 0.112 0.487
-0.414 0.305 -0.166
0.144 0.981 0.129
-3.597 -0.064 1.401
-3.304 -0.436 0.520
0.117 0.928 -0.353
1.524 0.295 -1.132
0.663 0.061 -0.681
-0.207 0.972 0.109
-0.031 0.072 0.941
-0.830 -0.435 0.618
-0.470 0.862 -0.190
-0.634 0.226 1.200
-0.834 -0.226 0.331
-0.101 0.892 -0.440
-1.168 0.118 0.702
-1.776 -0.469 0.167
-0.440 0.810 -0.387
-3.490 0.047 1.223
-3.258 -0.510 0.426
0.156 0.831 -0.535
-2.872 0.110 1.092
-2.229 -0.214 0.398
0.220 0.946 -0.237
-1.471 0.258 -1.090
-1.935 -0.177 -0.319
-0.225 0.900 0.373
1.027 0.233 -0.722
0.139 0.341 -0.275
0.096 0.994 -0.048
-2.007 -0.035 -1.698
-2.298 0.001 -0.742
0.010 0.999 -0.034
0.500 0.290 -0.190
-0.338 -0.254 -0.233
-0.543 0.839 -0.028
