38
0.385 -0.434 -0.555
0.960 -0.411 0.263
-0.013 1.000 -0.019
-1.016 -0.305 -0.427
-0.233 -0.592 0.125
0.235 0.958 0.166
-0.993 -0.361 -0.411
-0.158 -0.249 0.128
-0.094 0.994 -0.061
-0.920 -0.188 1.123
0.060 -0.372 1.203
0.184 0.983 0.015
0.609 -0.075 -0.768
0.886 -0.001 0.190
-0.021 0.997 -0.071
-1.405 -0.135 0.411
-0.459 0.030 0.691
-0.158 0.986 -0.047
-0.726 -0.127 -0.594
-0.238 -0.475 0.207
0.181 0.938 0.297
-0.593 -0.361 -0.871
0.310 -0.169 -0.486
-0.177 0.981 -0.075
-0.112 -0.331 -0.534
0.219 -0.384 0.409
0.018 0.999 0.051
-0.869 -0.116 0.789
0.039 -0.470 0.564
0.344 0.935 -0.085
-0.286 -0.079 0.457
0.550 -0.623 0.527
0.542 0.839 0.046
-1.201 -0.375 0.184
-0.445 -0.569 0.810
0.149 0.981 0.124
-0.671 -0.462 -0.893
-0.318 -0.642 0.025
0.065 0.984 0.168
-0.960 -0.278 0.353
-0.229 -0.346 1.032
0.050 0.998 0.046
-1.308 -0.437 0.480
-0.376 -0.644 0.183
0.197 0.978 -0.063
-0.353 -0.167 -0.703
0.594 -0.377 -0.459
0.203 0.978 0.052
0.265 -0.397 -1.140
0.270 -0.547 -0.151
0.001 0.989 0.150
-0.478 -0.460 -1.155
-0.252 -0.555 -0.185
0.021 0.996 0.092
0.578 -0.298 -0.790
1.210 0.094 -0.122
-0.269 0.920 -0.285
-0.707 -0.239 0.646
0.224 -0.309 0.288
0.065 0.998 -0.025
-0.478 -0.127 -0.643
0.040 0.102 0.181
-0.122 0.973 -0.194
0.314 -0.209 -1.347
1.046 -0.434 -0.703
0.169 0.975 0.148
-0.637 -0.371 -1.450
-0.385 -0.842 -0.605
0.134 0.882 0.451
-0.877 -0.393 -0.329
-0.437 -0.643 0.533
0.114 0.968 0.223
-0.969 -0.081 -1.000
-0.544 0.025 -0.101
-0.045 0.994 -0.095
-0.628 -0.077 -0.525
-0.306 -0.568 0.284
0.181 0.871 0.456
0.469 -0.322 1.077
0.386 -0.877 0.249
-0.055 0.832 -0.552
-0.030 -0.201 1.256
-0.216 -0.803 0.480
-0.140 0.799 -0.585
-0.852 -0.198 0.321
-0.045 -0.720 0.044
0.493 0.853 -0.170
-0.789 -0.242 -0.306
0.131 -0.607 -0.448
0.361 0.931 -0.056
1.049 -0.371 0.767
0.679 -0.885 -0.006
-0.222 0.858 -0.464
0.299 -0.178 -0.675
0.202 -0.591 0.231
-0.044 0.911 0.410
-0.347 -0.231 0.658
0.409 -0.696 0.197
0.397 0.885 -0.242
0.111 -0.420 1.062
0.609 -0.911 0.348
0.281 0.871 -0.403
-1.078 -0.247 1.012
-0.206 0.100 0.667
-0.323 0.938 0.128
0.580 -0.195 -0.544
0.351 -0.515 0.375
-0.077 0.947 0.311
-1.298 -0.097 0.858
-0.403 -0.112 1.303
0.014 1.000 0.007
-1.169 -0.226 -0.289
-0.207 0.039 -0.355
-0.264 0.964 0.018
