9
-1.447 0.480 1.395
-0.621 0.473 1.959
0.005 1.000 0.004
-1.055 0.473 -0.402
-0.653 0.547 0.511
-0.030 0.997 -0.068
-1.595 0.317 1.282
-0.725 0.073 1.711
0.218 0.970 0.108
1.667 0.484 -0.451
0.942 -0.204 -0.474
-0.688 0.726 -0.022
-0.764 0.276 -0.178
0.024 0.155 0.425
0.096 0.993 0.074
-2.121 0.479 0.877
-1.436 0.235 1.564
0.172 0.970 0.172
-0.052 0.192 -1.729
0.037 -0.284 -0.854
0.048 0.880 0.473
1.549 0.286 -0.546
0.642 -0.104 -0.385
-0.384 0.921 0.068
0.331 0.547 -1.435
0.765 0.063 -0.674
0.239 0.875 0.420
