11
3.450 0.329 -2.409
2.715 -0.143 -1.923
-0.394 0.882 0.261
2.682 0.591 -0.230
1.830 0.073 -0.154
-0.516 0.855 0.046
-1.992 0.488 -2.332
-1.252 0.118 -1.771
0.295 0.929 0.223
-1.186 0.335 1.638
-0.532 -0.241 1.147
0.461 0.817 -0.346
3.307 0.521 -0.203
2.537 0.085 0.263
-0.373 0.900 0.226
0.056 0.526 -2.235
-0.195 0.049 -1.393
-0.136 0.879 0.457
0.071 0.633 -2.460
0.367 0.036 -1.715
0.221 0.802 0.555
2.279 0.462 -2.339
1.528 0.156 -1.753
-0.242 0.952 0.189
0.013 0.551 -1.595
0.337 -0.130 -0.938
0.301 0.733 0.610
-1.168 0.247 1.266
-0.973 -0.199 0.393
0.097 0.895 -0.435
-1.758 0.286 -2.319
-0.973 -0.208 -1.945
0.445 0.870 0.212
