19
1.020 0.283 -2.366
0.488 -0.323 -1.775
-0.405 0.796 0.451
-2.033 0.292 -0.908
-1.115 -0.045 -0.700
0.328 0.942 0.074
-1.778 0.333 -1.113
-0.867 0.090 -0.779
0.228 0.970 0.084
1.093 0.160 -3.161
0.904 -0.361 -2.328
-0.115 0.854 0.507
-2.336 0.277 -0.262
-1.624 -0.331 0.089
0.546 0.794 0.269
-0.284 0.146 -2.008
0.113 0.345 -1.113
-0.081 0.980 -0.182
-0.953 0.088 -1.407
-0.151 -0.369 -1.021
0.412 0.889 0.198
0.375 0.447 -1.165
0.889 0.044 -0.408
0.226 0.915 0.334
-2.147 0.246 -0.021
-1.269 -0.205 -0.180
0.444 0.893 -0.080
2.535 0.208 -0.139
1.774 -0.341 0.209
-0.499 0.836 0.228
1.178 0.194 -3.053
1.182 -0.410 -2.255
0.003 0.797 0.604
1.572 0.354 -2.549
1.685 -0.100 -1.665
0.058 0.891 0.450
0.799 0.193 -2.080
0.546 -0.383 -1.303
-0.178 0.817 0.548
-1.416 0.437 -0.252
-0.455 0.196 -0.119
0.238 0.971 0.033
-2.115 0.087 -0.842
-1.280 -0.426 -1.039
0.499 0.858 -0.118
2.356 0.121 -1.122
1.729 0.207 -0.348
0.054 0.996 -0.067
-1.654 0.277 -0.846
-0.687 0.020 -0.847
0.256 0.967 -0.000
-1.014 0.318 -1.484
-0.811 -0.100 -0.599
0.093 0.908 0.408
-0.841 0.402 -1.264
-0.011 -0.060 -0.953
0.433 0.887 0.162
