12
0.381 0.372 -0.570
-0.224 0.157 0.197
-0.133 0.977 0.169
1.345 0.409 -0.213
0.586 -0.223 -0.055
-0.619 0.775 0.128
-0.202 0.246 -1.222
-0.680 -0.431 -0.662
-0.439 0.736 0.515
-0.486 0.401 -0.335
-0.311 -0.356 -0.963
0.203 0.652 -0.730
0.364 0.396 -0.662
-0.142 -0.387 -1.023
-0.637 0.622 -0.455
-0.112 0.246 0.149
-0.651 -0.407 -0.384
-0.464 0.758 -0.459
-1.659 0.335 -0.159
-0.859 -0.265 -0.181
0.599 0.800 -0.017
-0.407 0.376 -1.063
-0.939 -0.201 -0.443
-0.375 0.817 0.437
0.580 0.390 -1.538
0.236 0.123 -0.637
-0.095 0.964 0.250
-0.218 0.386 -0.552
0.245 -0.475 -0.762
0.784 0.508 -0.356
0.228 0.176 -0.451
-0.283 -0.481 0.104
-0.445 0.754 0.483
0.139 0.483 -0.383
-0.305 -0.217 0.176
-0.436 0.714 0.548
