9
-0.983 0.313 0.250
-0.815 -0.473 -0.345
0.269 0.617 -0.739
-1.010 0.346 0.031
-0.793 -0.334 -0.669
0.153 0.732 -0.664
-1.010 0.441 -0.687
-0.339 -0.153 -1.130
0.561 0.798 -0.219
-0.783 0.472 0.074
0.121 0.049 0.007
0.428 0.895 0.126
-0.290 0.393 0.156
0.280 -0.139 0.783
0.305 0.845 0.439
0.328 0.438 0.370
-0.069 -0.016 1.168
-0.289 0.887 0.361
0.000 0.413 0.598
-0.896 -0.024 0.670
-0.442 0.894 -0.074
-0.561 0.430 0.486
-0.627 -0.081 -0.372
0.009 0.859 -0.512
-1.185 0.433 -0.533
-0.724 -0.102 -1.241
0.370 0.841 -0.394
-0.808 0.471 0.069
0.059 -0.014 -0.042
0.486 0.874 -0.019
