13
1.580 0.013 -1.941
1.230 -0.394 -1.098
-0.156 0.913 0.376
1.760 -0.117 -2.080
1.256 -0.610 -1.371
-0.286 0.870 0.402
0.060 -0.003 -1.857
0.327 -0.078 -0.896
0.020 0.997 0.072
1.507 -0.098 -0.711
0.889 -0.669 -0.172
-0.431 0.821 0.376
0.763 0.165 0.866
1.093 -0.431 0.134
0.245 0.803 -0.543
2.095 0.093 -1.997
1.567 -0.483 -1.373
-0.372 0.818 0.439
-0.326 -0.029 2.835
0.153 -0.158 1.966
0.062 0.992 -0.113
1.021 0.004 3.177
0.701 -0.460 2.351
-0.168 0.886 -0.433
0.683 0.121 0.851
1.243 -0.670 0.606
0.725 0.611 -0.318
1.274 0.144 -1.141
1.419 -0.372 -0.297
0.087 0.857 0.508
0.953 -0.005 3.430
0.699 -0.408 2.551
-0.112 0.915 -0.387
0.122 0.081 -2.019
0.282 0.089 -1.032
-0.001 1.000 -0.007
-0.231 -0.085 3.506
0.280 -0.487 2.746
0.224 0.916 -0.333
