41
-1.212 0.029 -2.043
-0.980 -0.929 -1.872
0.558 0.275 0.783
-1.261 0.192 -2.046
-1.171 -0.463 -1.296
0.143 0.754 0.641
-1.252 0.337 -2.016
-1.131 0.157 -1.039
0.051 0.983 0.176
-1.270 0.322 -2.055
-0.753 -0.002 -1.263
0.153 0.946 0.287
-1.183 0.268 -1.951
-0.429 -0.237 -1.531
0.393 0.859 0.328
-1.185 0.147 -1.873
-0.640 -0.685 -1.769
0.798 0.553 0.240
-0.914 0.156 -1.599
-0.216 -0.556 -1.669
0.712 0.701 -0.032
-0.413 0.179 -1.040
0.237 -0.438 -0.596
0.494 0.787 0.371
-0.210 0.155 -0.846
-0.431 -0.363 -0.019
-0.031 0.851 0.524
-0.029 0.153 -0.500
-0.307 -0.495 0.209
-0.232 0.762 0.605
0.323 0.152 -0.493
-0.374 -0.371 -0.003
-0.437 0.852 0.287
0.302 0.180 -0.583
-0.641 -0.125 -0.718
-0.309 0.951 0.007
0.144 0.132 -0.641
-0.628 -0.381 -1.015
-0.485 0.857 -0.174
0.168 0.221 -0.628
-0.711 0.158 -1.101
-0.028 0.996 -0.080
0.198 0.157 -0.815
-0.225 -0.560 -1.369
-0.362 0.694 -0.622
0.474 0.215 -0.928
0.751 -0.393 -1.672
0.313 0.789 -0.528
0.509 0.240 -0.847
1.215 -0.432 -1.075
0.671 0.736 -0.091
0.515 0.183 -0.887
0.780 -0.726 -1.209
0.777 0.399 -0.487
0.218 0.231 -0.865
0.111 -0.715 -1.172
-0.274 0.324 -0.905
0.076 0.101 -0.615
-0.352 -0.797 -0.712
-0.889 0.438 -0.132
0.158 0.203 -0.411
-0.615 -0.144 0.121
-0.235 0.935 0.266
0.167 0.204 -0.365
0.053 -0.197 0.544
-0.064 0.916 0.396
0.328 0.358 -0.344
0.571 -0.104 0.509
0.047 0.884 0.466
0.352 0.269 -0.382
0.607 -0.685 -0.226
0.386 0.248 0.888
0.451 0.350 -0.593
0.946 -0.456 -0.268
0.642 0.591 0.489
0.373 0.512 -0.527
1.129 0.116 -0.005
0.272 0.915 0.299
0.186 0.418 -0.347
0.993 0.021 0.090
0.394 0.913 0.101
-0.118 0.242 0.885
0.641 0.059 0.259
0.097 0.981 -0.169
-0.300 0.122 1.434
0.174 -0.478 0.789
0.380 0.800 -0.465
-0.116 0.145 1.689
0.670 -0.471 1.640
0.614 0.787 -0.057
-0.071 0.209 1.937
0.640 -0.423 2.242
0.593 0.774 0.222
0.097 0.157 1.978
0.197 -0.692 2.497
0.128 0.528 0.839
0.318 0.229 2.007
-0.394 -0.259 2.512
-0.441 0.870 0.219
0.157 0.271 1.853
-0.731 -0.187 1.885
-0.459 0.887 -0.057
0.072 0.263 1.935
-0.865 -0.084 1.897
-0.347 0.938 -0.003
0.127 0.336 1.906
-0.858 0.201 1.800
-0.138 0.990 0.021
0.083 0.219 1.852
-0.645 -0.435 1.648
-0.614 0.755 -0.228
0.097 0.278 1.902
-0.625 -0.049 1.293
-0.210 0.943 -0.257
0.140 0.236 1.792
-0.431 -0.218 1.108
-0.177 0.882 -0.437
0.240 0.167 1.658
0.251 -0.441 0.865
0.019 0.793 -0.608
0.100 -0.486 1.651
-0.077 -0.903 0.759
-0.141 0.907 -0.397
0.438 -0.171 1.746
-0.427 -0.674 1.748
-0.503 0.864 -0.022
