1391
-1.212 0.029 -2.043
-0.980 -0.929 -1.872
0.558 0.275 0.783
-1.261 0.192 -2.046
-1.171 -0.463 -1.296
0.143 0.754 0.641
-1.252 0.337 -2.016
-1.131 0.157 -1.039
0.051 0.983 0.176
-1.270 0.322 -2.055
-0.753 -0.002 -1.263
0.153 0.946 0.287
-1.183 0.268 -1.951
-0.429 -0.237 -1.531
0.393 0.859 0.328
-1.185 0.147 -1.873
-0.640 -0.685 -1.769
0.798 0.553 0.240
-0.914 0.156 -1.599
-0.216 -0.556 -1.669
0.712 0.701 -0.032
-0.413 0.179 -1.040
0.237 -0.438 -0.596
0.494 0.787 0.371
-0.210 0.155 -0.846
-0.431 -0.363 -0.019
-0.031 0.851 0.524
-0.029 0.153 -0.500
-0.307 -0.495 0.209
-0.232 0.762 0.605
0.323 0.152 -0.493
-0.374 -0.371 -0.003
-0.437 0.852 0.287
0.302 0.180 -0.583
-0.641 -0.125 -0.718
-0.309 0.951 0.007
0.144 0.132 -0.641
-0.628 -0.381 -1.015
-0.485 0.857 -0.174
0.168 0.221 -0.628
-0.711 0.158 -1.101
-0.028 0.996 -0.080
0.198 0.157 -0.815
-0.225 -0.560 -1.369
-0.362 0.694 -0.622
0.474 0.215 -0.928
0.751 -0.393 -1.672
0.313 0.789 -0.528
0.509 0.240 -0.847
1.215 -0.432 -1.075
0.671 0.736 -0.091
0.515 0.183 -0.887
0.780 -0.726 -1.209
0.777 0.399 -0.487
0.218 0.231 -0.865
0.111 -0.715 -1.172
-0.274 0.324 -0.905
0.076 0.101 -0.615
-0.352 -0.797 -0.712
-0.889 0.438 -0.132
