10
-0.499 0.452 -0.085
0.467 0.202 -0.032
0.250 0.968 0.014
1.248 0.351 -1.502
1.161 0.459 -0.512
0.009 0.994 -0.108
0.733 0.234 -1.968
0.964 0.273 -0.996
-0.009 0.999 -0.037
-0.622 0.497 -0.196
0.330 0.198 -0.252
0.299 0.954 -0.018
-0.812 0.361 -0.788
0.040 -0.161 -0.735
0.521 0.853 0.032
0.534 0.235 -1.630
0.272 -0.263 -0.803
-0.150 0.867 0.474
1.020 0.532 -0.505
0.305 -0.162 -0.419
-0.689 0.720 0.082
0.500 0.476 0.517
0.138 -0.173 -0.153
-0.308 0.761 -0.571
-0.777 0.406 -0.826
0.106 -0.032 -0.995
0.430 0.899 -0.082
0.651 0.527 -0.826
0.005 -0.190 -0.566
-0.665 0.697 0.268
