10
-1.274 0.422 -2.207
-0.363 0.187 -1.868
0.208 0.972 0.113
-1.278 0.272 -2.066
-0.626 -0.266 -1.533
0.433 0.842 0.321
-0.717 0.326 -1.839
-0.541 0.029 -0.901
0.138 0.952 0.275
-1.013 0.331 -1.392
-0.061 0.054 -1.262
0.277 0.961 0.016
-0.716 0.239 -0.959
0.162 -0.225 -0.839
0.466 0.885 0.018
-0.958 -0.115 -0.231
-0.363 -0.641 -0.839
0.262 0.842 -0.473
-0.317 0.179 0.294
0.199 -0.470 -0.265
0.446 0.761 -0.472
-0.156 0.230 0.413
0.225 -0.301 -0.344
0.261 0.847 -0.463
0.415 0.225 -0.310
0.821 -0.318 -1.045
0.252 0.840 -0.481
0.841 0.245 -0.934
0.092 -0.249 -0.492
-0.416 0.869 0.267
1.373 0.277 -0.999
0.837 -0.252 -0.341
-0.324 0.849 0.418
