18
-0.676 0.706 -0.124
-0.538 -0.075 0.485
0.172 0.625 0.761
-1.793 0.659 -0.218
-1.073 0.056 0.124
0.545 0.798 0.259
-1.467 0.803 -0.467
-0.773 0.215 -0.050
0.503 0.809 0.302
0.686 0.648 0.257
0.038 -0.014 0.634
-0.572 0.750 0.332
-0.684 0.875 -0.017
-0.664 0.046 0.543
0.028 0.560 0.828
-1.243 0.926 -0.048
-0.924 0.179 0.535
0.359 0.665 0.655
-0.134 0.721 0.159
-0.253 -0.121 0.685
-0.185 0.539 0.822
1.012 0.584 0.282
0.190 0.056 0.498
-0.511 0.849 0.134
-1.799 0.847 -0.142
-1.391 0.221 0.523
0.327 0.780 0.534
0.439 0.879 0.007
0.198 0.078 0.555
-0.323 0.598 0.733
0.733 0.861 0.823
0.037 0.156 0.686
-0.692 0.709 -0.137
0.290 0.619 -0.335
-0.322 0.262 0.372
-0.233 0.934 0.270
-1.372 0.596 0.666
-0.627 -0.061 0.784
0.649 0.754 0.103
-1.115 0.647 0.125
-0.388 0.106 0.547
0.468 0.841 0.272
-1.295 0.672 0.672
-0.535 0.045 0.501
0.611 0.779 -0.138
-0.131 0.947 0.107
0.194 0.175 0.654
0.394 0.636 0.664
1.621 0.801 0.346
0.838 0.279 0.009
-0.480 0.853 -0.207
-0.809 0.684 -0.413
-0.134 0.402 0.268
0.199 0.959 0.201
