12
2.445 0.214 -1.106
1.941 -0.415 -0.514
-0.408 0.777 0.479
-1.277 0.370 1.546
-0.497 -0.236 1.387
0.594 0.796 -0.120
-1.411 0.301 -0.840
-0.953 0.199 0.043
0.047 0.995 0.091
1.183 0.368 -0.543
0.416 0.085 0.033
-0.226 0.959 0.169
-1.582 0.338 0.283
-0.656 -0.008 0.433
0.342 0.938 0.056
-0.075 0.311 0.096
0.785 0.187 0.591
0.107 0.992 0.062
2.283 0.320 1.423
1.392 -0.071 1.193
-0.379 0.920 -0.098
-0.096 0.281 -0.332
0.478 0.135 0.474
0.085 0.989 0.119
2.222 0.480 1.422
1.326 0.503 0.978
0.021 1.000 0.010
-1.125 0.215 -1.062
-0.571 -0.322 -0.425
0.353 0.843 0.405
-0.075 0.487 0.089
0.014 0.229 1.051
0.024 0.966 0.257
-1.385 0.461 -0.311
-1.337 -0.102 0.514
0.032 0.826 0.563
