12
1.484 0.251 -0.916
0.670 -0.329 -0.917
-0.581 0.814 -0.009
0.237 0.278 -0.351
-0.695 -0.041 -0.177
-0.314 0.948 0.054
-1.202 0.314 0.009
-1.467 -0.058 0.899
-0.127 0.928 0.350
-1.028 0.249 0.085
-0.291 -0.163 0.622
0.331 0.911 0.244
-0.469 0.382 0.197
0.496 0.136 0.293
0.247 0.969 0.008
0.147 0.210 0.060
0.488 -0.394 -0.661
0.327 0.795 -0.511
-0.146 0.160 -0.031
-0.700 -0.521 -0.510
-0.515 0.733 -0.445
-0.700 0.272 -0.076
-1.622 -0.060 0.127
-0.324 0.943 0.070
-0.729 0.297 -0.004
-1.615 -0.127 0.182
-0.392 0.901 0.185
-0.652 0.301 0.359
-1.464 -0.089 0.793
-0.307 0.918 0.251
-1.314 0.533 -0.026
-1.340 0.415 0.967
-0.011 0.993 0.117
-0.881 0.241 -0.045
-0.155 -0.196 0.486
0.324 0.899 0.296
0.040 0.353 -0.440
0.965 0.073 -0.183
0.254 0.958 0.131
