16
1.448 -0.002 0.813
0.457 -0.108 0.897
-0.106 0.994 0.009
-0.903 -0.132 -1.184
-0.086 0.161 -0.687
-0.250 0.956 -0.152
-0.485 0.055 -1.431
-0.324 0.037 -0.445
0.003 1.000 0.018
1.209 -0.047 -0.436
1.016 -0.251 0.523
-0.040 0.979 0.201
0.359 0.067 -0.927
-0.326 0.187 -0.208
0.083 0.993 -0.087
-0.387 0.219 1.704
0.352 0.022 1.060
0.148 0.980 -0.129
-1.426 0.181 0.747
-0.468 0.100 1.024
0.078 0.997 0.023
0.320 0.097 -0.846
0.090 0.124 0.127
0.006 1.000 -0.027
-0.585 0.115 -1.022
-0.196 0.255 -0.111
-0.055 0.990 -0.130
-0.569 -0.007 -1.255
-0.117 0.257 -0.403
-0.124 0.964 -0.234
0.427 -0.152 -1.070
-0.210 -0.528 -0.397
-0.258 0.927 0.273
-0.157 -0.093 -0.803
0.030 -0.494 0.094
0.082 0.916 0.392
-2.089 -0.034 0.732
-1.156 -0.007 0.372
-0.026 1.000 0.010
0.300 0.052 2.423
-0.602 -0.202 2.073
-0.237 0.967 -0.092
-0.552 -0.007 0.095
0.353 -0.426 0.020
0.417 0.908 -0.034
0.791 0.200 1.546
1.177 -0.402 0.846
0.291 0.799 -0.527
