16
0.490 0.166 -0.136
0.573 -0.347 0.718
0.010 0.857 0.515
0.352 -0.016 -0.099
-0.230 -0.451 0.588
-0.224 0.898 0.379
-0.075 0.193 0.213
-0.907 -0.140 0.657
-0.295 0.943 0.155
-0.339 0.261 0.247
-1.272 -0.042 0.053
-0.288 0.952 -0.103
-0.607 0.126 0.292
-1.264 -0.209 -0.383
-0.252 0.942 -0.223
-0.545 0.039 -0.192
-0.423 -0.502 -1.024
0.086 0.841 -0.534
-0.996 0.160 -0.594
-0.253 -0.086 -1.216
0.180 0.969 -0.169
-0.435 0.081 -0.404
0.476 -0.314 -0.282
0.395 0.918 0.021
0.296 0.151 -0.292
0.716 -0.219 0.537
0.117 0.928 0.355
1.066 -0.010 0.205
0.543 -0.572 0.845
-0.235 0.817 0.526
0.762 0.675 0.360
-0.074 0.452 0.863
-0.259 0.966 -0.001
0.061 0.070 -0.056
-0.655 -0.475 0.379
-0.475 0.838 0.268
-0.722 0.062 0.070
-1.536 -0.493 0.242
-0.554 0.831 0.058
-1.489 0.171 0.332
-2.125 -0.190 -0.351
-0.246 0.933 -0.263
-1.453 0.054 0.247
-1.716 -0.480 -0.556
-0.246 0.842 -0.480
-1.222 0.081 -0.042
-0.973 -0.458 -0.846
0.143 0.842 -0.520
-0.409 0.109 -0.195
-0.107 -0.419 -0.988
0.201 0.849 -0.489
