32
0.272 0.087 -0.319
-0.237 0.152 0.539
0.033 0.998 -0.056
0.432 0.284 -0.518
0.087 0.047 0.390
-0.084 0.972 0.221
1.114 0.015 -0.718
0.277 -0.245 -0.237
-0.225 0.966 0.130
0.558 0.052 0.475
1.290 -0.418 -0.018
0.389 0.883 -0.262
0.512 0.339 -0.521
1.258 -0.314 -0.387
0.642 0.758 0.115
0.507 0.119 -0.321
1.062 -0.538 0.189
0.483 0.754 0.445
0.660 0.366 -0.326
1.355 -0.353 -0.309
0.719 0.695 0.017
0.041 0.333 0.137
0.855 -0.204 0.362
0.517 0.844 0.143
1.163 0.222 -0.518
0.218 0.331 -0.209
0.104 0.994 -0.034
1.269 0.407 0.478
0.609 -0.286 0.190
-0.635 0.721 -0.277
0.623 0.233 -0.387
0.395 -0.373 0.375
-0.173 0.796 0.580
0.281 0.098 -0.120
0.135 -0.593 0.588
-0.139 0.723 0.677
0.677 0.150 -0.482
1.145 -0.695 -0.739
0.741 0.533 -0.408
0.600 0.235 -0.319
0.185 -0.570 0.104
-0.564 0.593 0.574
0.432 0.179 -0.115
0.944 -0.522 0.383
0.502 0.714 0.488
0.622 0.061 -0.319
0.247 -0.414 0.477
-0.202 0.880 0.429
0.678 0.378 -0.454
1.150 -0.447 -0.766
0.688 0.565 -0.455
1.086 0.297 -0.120
0.458 -0.231 0.452
-0.390 0.849 0.356
0.490 0.393 -0.518
0.210 -0.435 -0.032
-0.413 0.561 0.718
0.472 0.406 -0.626
1.024 -0.293 -1.082
0.538 0.715 -0.445
1.318 0.366 -0.718
0.536 0.431 -0.099
0.051 0.998 -0.040
1.435 0.265 0.064
0.524 0.161 0.463
-0.095 0.995 0.042
1.433 0.301 0.008
0.752 0.117 0.716
-0.127 0.983 0.132
1.650 0.286 0.560
0.775 0.088 1.001
-0.177 0.980 0.089
0.910 0.306 -0.120
0.384 -0.544 -0.133
-0.850 0.526 -0.021
0.680 0.064 -0.410
1.444 -0.523 -0.678
0.554 0.809 -0.195
1.635 0.350 0.093
0.938 -0.085 0.663
-0.336 0.901 0.275
0.032 0.408 -0.172
0.501 -0.173 0.492
0.336 0.814 0.475
0.654 0.145 0.591
1.273 -0.641 0.577
0.786 0.619 -0.018
0.983 0.283 0.461
1.303 -0.361 -0.234
0.269 0.765 -0.585
1.041 0.354 0.216
0.631 -0.501 0.535
-0.674 0.520 0.525
0.482 0.157 -0.366
0.875 -0.569 -0.930
0.415 0.688 -0.595
