1060
-0.053 0.175 0.085
0.944 0.144 0.017
0.028 0.999 -0.042
-0.146 0.183 0.112
0.795 0.137 -0.224
0.039 0.999 -0.028
-0.089 0.175 0.160
0.774 0.194 0.665
0.006 0.999 -0.048
-0.079 -0.029 0.151
0.587 -0.755 0.318
0.724 0.684 0.087
-0.107 -0.072 0.100
0.399 -0.927 -0.019
0.855 0.514 -0.063
-0.081 0.018 0.077
0.728 -0.565 0.002
0.581 0.812 -0.060
-0.110 0.120 0.090
0.823 -0.195 -0.083
0.318 0.948 -0.010
-0.152 0.245 0.101
0.653 0.491 -0.439
-0.174 0.968 0.183
-0.106 0.266 0.090
0.798 0.632 -0.131
-0.361 0.931 0.061
-0.017 0.117 0.076
0.940 -0.166 0.021
0.263 0.935 -0.237
0.222 0.093 -0.013
1.113 -0.087 -0.431
0.119 0.979 -0.168
0.540 0.131 0.033
1.431 -0.010 -0.399
0.106 0.989 -0.103
0.835 0.131 0.074
1.437 0.028 -0.718
0.042 0.994 -0.097
0.710 0.151 0.129
0.395 -0.065 -0.795
0.001 0.974 -0.228
0.834 0.178 0.130
0.067 0.198 -0.512
0.025 1.000 0.002
0.892 0.317 0.174
0.352 0.897 -0.435
0.309 0.810 0.498
0.855 0.348 0.104
0.939 0.997 -0.652
-0.098 0.761 0.642
0.768 0.290 0.057
1.428 0.506 -0.662
-0.303 0.953 0.007
0.818 0.254 -0.023
1.670 0.769 -0.121
-0.524 0.833 -0.175
0.819 0.300 0.048
1.614 0.783 0.415
-0.373 0.866 -0.332
