826
-1.104 0.286 -1.586
-1.349 0.055 -0.644
-0.036 0.973 0.229
-1.538 0.203 -1.496
-1.250 -0.298 -0.680
0.201 0.865 0.459
-1.167 0.252 -0.856
-0.366 -0.055 -0.342
0.270 0.952 0.146
-0.881 0.244 0.199
0.011 -0.101 -0.094
0.321 0.938 -0.129
-1.032 0.235 0.393
-0.229 -0.123 -0.083
0.321 0.933 -0.162
-0.024 0.291 -0.042
0.840 0.067 -0.492
0.176 0.973 -0.146
0.187 0.205 0.041
0.526 -0.245 -0.785
0.171 0.893 -0.416
-0.167 0.326 0.080
-0.800 0.122 -0.667
-0.114 0.979 -0.170
-0.991 0.248 0.055
-1.465 -0.112 -0.749
-0.209 0.933 -0.295
-1.533 0.184 -0.407
-1.496 -0.359 -1.246
-0.016 0.839 -0.544
-0.673 0.271 0.131
-1.449 -0.031 -0.423
-0.228 0.953 -0.201
-0.261 0.220 -0.095
-1.114 -0.179 0.242
-0.393 0.915 0.088
-0.307 0.230 -0.217
-0.666 -0.008 0.685
-0.152 0.969 0.195
-0.365 0.318 0.233
-1.231 0.153 0.706
-0.166 0.985 0.039
-0.224 0.305 0.330
-1.139 0.024 0.039
-0.244 0.957 -0.157
-1.060 0.229 0.173
-1.067 -0.271 -0.693
-0.032 0.866 -0.500
-1.220 0.198 0.464
-0.470 -0.231 -0.038
0.343 0.903 -0.258
-1.436 0.217 -0.476
-0.764 -0.228 0.117
0.369 0.894 0.253
-1.660 0.177 -1.148
-1.387 -0.387 -0.369
0.257 0.823 0.506
-1.898 0.183 -1.760
-1.208 -0.424 -1.367
0.558 0.793 0.245
