13
0.604 0.756 0.841
1.130 0.210 0.188
0.343 0.838 -0.425
1.062 0.801 0.058
0.876 0.270 -0.770
-0.116 0.848 -0.517
-1.812 0.493 -0.349
-0.881 0.337 -0.679
0.148 0.988 -0.052
0.518 0.832 0.989
0.372 0.278 0.169
-0.097 0.833 -0.545
-0.444 0.474 -0.654
0.450 0.166 -0.981
0.289 0.952 -0.105
-1.862 0.463 -0.380
-1.014 0.068 -0.025
0.365 0.919 0.153
0.377 0.642 1.041
0.313 0.032 0.251
-0.049 0.792 -0.608
0.599 0.643 -0.644
0.768 -0.280 -0.300
0.406 0.383 0.830
0.223 0.501 -1.324
-0.610 0.045 -1.637
-0.427 0.890 -0.161
0.729 0.511 -0.560
0.868 -0.355 -0.078
0.239 0.501 0.832
0.953 0.520 -0.414
0.998 -0.412 -0.054
0.118 0.363 0.924
-0.649 0.794 -0.781
-0.164 0.134 -0.208
0.427 0.751 0.504
0.615 0.672 1.189
0.194 -0.049 0.639
-0.439 0.693 -0.572
