12
1.832 0.656 0.004
1.247 0.100 -0.586
-0.391 0.831 -0.395
-2.444 0.755 0.449
-1.866 0.121 -0.065
0.473 0.773 -0.421
1.822 0.428 -0.873
0.970 -0.093 -0.830
-0.520 0.854 0.026
-1.023 0.540 0.284
-0.477 0.218 -0.490
0.186 0.947 -0.263
1.773 0.661 0.595
1.091 0.014 0.256
-0.580 0.762 -0.289
-1.080 0.644 0.049
-0.924 0.006 -0.706
0.129 0.770 -0.624
2.136 0.600 0.512
1.219 0.200 0.523
-0.400 0.917 0.005
0.550 0.472 0.747
0.539 0.317 -0.240
-0.002 0.988 -0.155
-1.489 0.497 -1.161
-0.614 0.015 -1.204
0.481 0.876 -0.024
1.319 0.606 -0.758
0.602 0.224 -0.174
-0.296 0.924 0.241
-2.303 0.811 -0.902
-1.616 0.138 -0.629
0.625 0.740 0.248
0.534 0.549 0.680
-0.214 -0.056 0.407
-0.568 0.796 -0.208
