12
0.651 0.338 -0.042
-0.139 0.054 -0.587
-0.256 0.958 -0.128
0.398 0.342 0.055
-0.432 0.068 -0.430
-0.257 0.961 -0.105
1.399 0.273 -0.073
1.131 -0.281 -0.862
-0.179 0.833 -0.523
0.174 0.293 -0.104
0.904 -0.228 -0.548
0.468 0.853 -0.232
-1.145 0.338 -0.391
-0.311 -0.214 -0.385
0.551 0.833 0.054
-1.118 0.336 -0.675
-0.785 -0.184 0.112
0.273 0.852 0.447
-0.653 0.264 -0.336
-0.026 -0.403 0.067
0.616 0.741 0.267
-0.215 0.324 -0.525
0.578 -0.245 -0.741
0.557 0.822 -0.123
-1.015 0.308 -0.492
-0.329 -0.378 -0.252
0.634 0.727 0.265
-1.111 0.444 -0.093
-1.073 0.130 0.856
0.111 0.945 0.308
-0.014 0.387 0.322
-0.970 0.113 0.430
-0.274 0.962 0.011
-0.240 0.300 0.429
-0.456 -0.172 -0.426
-0.161 0.881 -0.446
-0.548 0.325 0.512
-0.376 -0.164 -0.343
0.090 0.872 -0.481
