28
0.882 -0.128 -2.115
0.461 -0.486 -1.281
-0.162 0.934 0.319
1.433 -0.070 -0.934
0.573 -0.552 -0.765
-0.473 0.876 0.093
1.821 0.044 -0.975
0.845 -0.175 -0.946
-0.219 0.976 0.006
0.654 0.190 -0.635
-0.166 -0.339 -0.415
-0.511 0.849 0.137
-3.814 -0.123 0.096
-2.929 -0.561 0.249
0.432 0.899 0.075
-3.907 0.025 0.595
-2.935 -0.208 0.624
0.233 0.973 0.007
-2.327 -0.071 0.892
-1.655 -0.503 0.290
0.322 0.902 -0.288
1.059 0.183 -1.044
0.709 -0.325 -0.257
-0.206 0.862 0.464
-3.972 -0.023 0.453
-2.972 0.006 0.432
-0.029 1.000 0.001
2.136 0.068 -0.288
1.500 -0.573 -0.719
-0.530 0.768 -0.359
0.771 0.180 -0.146
-0.086 -0.323 -0.255
-0.498 0.865 -0.064
-3.811 0.206 0.805
-2.907 -0.158 1.030
0.353 0.931 0.088
-0.428 -0.103 -1.173
-0.082 -0.695 -0.445
0.254 0.806 0.534
-2.572 0.055 0.966
-1.670 -0.116 0.569
0.157 0.985 -0.069
-3.849 -0.007 0.111
-2.855 -0.110 0.082
0.103 0.995 -0.003
2.229 0.001 -0.085
1.238 -0.026 -0.211
-0.027 1.000 -0.003
-3.170 0.101 0.644
-2.247 -0.284 0.650
0.386 0.923 0.003
-2.028 0.214 0.018
-1.216 -0.356 0.141
0.564 0.821 0.086
-2.743 0.009 1.753
-2.185 -0.217 0.954
0.129 0.974 -0.185
-2.730 0.087 0.325
-1.885 -0.381 0.585
0.448 0.884 0.138
-0.217 0.050 0.817
-0.987 -0.504 0.501
-0.513 0.832 -0.210
1.589 0.155 0.079
0.929 -0.101 -0.627
-0.175 0.967 -0.187
-3.112 0.051 2.296
-2.625 -0.255 1.478
0.157 0.952 -0.263
0.926 0.017 -0.043
0.013 -0.267 0.249
-0.271 0.959 0.087
1.907 -0.009 -0.420
1.128 -0.585 -0.173
-0.549 0.818 0.174
-2.520 -0.120 1.654
-2.114 -0.378 0.777
0.108 0.966 -0.234
1.386 0.048 -1.893
1.222 -0.155 -0.927
-0.034 0.979 0.200
-0.554 0.142 0.083
-1.393 -0.395 0.000
-0.535 0.843 -0.052
