15
0.268 0.135 1.953
-0.675 -0.117 2.174
-0.275 0.958 -0.079
0.173 -0.084 1.338
-0.531 -0.691 0.969
-0.498 0.792 -0.353
0.332 0.007 0.584
-0.307 -0.496 0.002
-0.382 0.864 -0.328
0.171 0.146 0.039
-0.488 -0.174 -0.642
-0.252 0.947 -0.201
0.088 0.116 -0.488
0.193 -0.201 -1.430
-0.017 0.947 -0.321
0.013 0.162 -0.899
0.965 -0.129 -0.993
0.299 0.951 0.083
-0.116 -0.084 -0.924
0.529 -0.721 -0.502
0.466 0.765 0.444
-0.137 -0.209 -0.710
0.599 -0.883 -0.660
0.661 0.733 0.160
0.042 0.097 0.199
0.801 -0.218 -0.370
0.282 0.948 -0.150
0.044 0.227 0.185
1.032 0.087 0.120
0.142 0.989 0.033
0.244 -0.108 0.293
0.989 -0.752 0.467
0.614 0.764 0.196
-0.000 0.278 0.017
0.651 0.213 0.773
0.029 0.998 0.061
-0.227 0.260 0.272
0.389 0.280 1.060
-0.006 1.000 -0.022
0.084 0.287 0.944
0.816 0.286 1.626
-0.006 1.000 0.008
0.111 0.184 1.025
0.013 -0.035 1.996
-0.023 0.976 0.218
-0.025 0.181 1.484
-0.901 -0.092 1.085
-0.225 0.961 -0.163
