18
3.002 -0.282 -2.337
2.093 -0.671 -2.482
-0.385 0.921 -0.061
-2.759 0.007 -1.431
-1.814 -0.314 -1.373
0.320 0.947 0.020
-2.637 -0.055 -0.678
-1.895 -0.403 -0.105
0.275 0.938 0.212
2.252 -0.282 -3.343
1.494 -0.690 -2.833
-0.339 0.913 0.228
-3.001 -0.052 -1.147
-2.008 -0.044 -1.035
-0.008 1.000 -0.001
0.989 -0.236 2.714
1.129 -0.332 1.728
0.013 0.995 -0.095
1.910 0.006 2.959
1.302 -0.108 2.173
-0.070 0.993 -0.091
-1.447 -0.135 -0.688
-0.583 -0.173 -1.190
0.032 0.999 -0.019
0.859 -0.211 2.816
1.110 -0.325 1.855
0.029 0.993 -0.110
0.217 0.034 3.001
0.612 -0.143 2.100
0.071 0.984 -0.162
2.212 -0.222 -3.505
2.315 -0.319 -2.515
0.010 0.995 0.096
-0.576 -0.167 -2.568
0.176 -0.327 -1.929
0.121 0.987 0.103
-0.430 -0.284 -2.379
0.537 -0.458 -2.192
0.171 0.985 0.033
-0.795 -0.006 -2.851
0.009 -0.413 -2.419
0.358 0.914 0.193
2.778 -0.283 -0.951
1.840 -0.581 -0.775
-0.293 0.955 0.055
1.872 0.030 -0.704
1.214 -0.444 -1.289
-0.355 0.880 -0.315
-2.083 -0.212 -0.191
-1.283 -0.703 -0.537
0.451 0.871 -0.195
0.935 -0.095 -2.893
1.251 -0.140 -1.945
0.014 0.999 0.042
