17
-1.388 0.148 1.007
-1.375 -0.485 0.232
0.010 0.774 -0.633
-1.276 0.187 1.210
-1.588 -0.264 0.374
-0.157 0.892 -0.423
-2.146 0.377 1.790
-1.605 0.069 1.007
0.175 0.951 -0.254
1.865 0.182 -2.165
1.361 -0.043 -1.331
-0.116 0.974 0.192
-1.999 0.258 -0.610
-1.131 -0.223 -0.482
0.476 0.877 0.070
1.334 0.270 -0.155
0.383 0.221 0.149
-0.047 0.999 0.015
-1.820 0.309 -0.675
-0.827 0.237 -0.769
0.072 0.997 -0.007
-2.232 0.285 1.632
-1.902 -0.255 0.858
0.212 0.841 -0.497
-0.006 0.248 -1.247
0.659 -0.003 -0.543
0.172 0.968 0.182
-1.874 0.085 1.560
-0.954 -0.302 1.623
0.386 0.922 0.027
1.179 0.424 0.204
0.394 -0.195 0.238
-0.618 0.785 0.027
2.284 0.455 -1.194
1.554 0.404 -0.513
-0.037 0.999 0.035
-1.214 0.421 0.213
-0.427 -0.168 0.031
0.574 0.808 -0.132
1.076 0.191 -1.366
0.607 -0.035 -0.513
-0.109 0.974 0.198
0.909 0.064 -1.753
0.562 -0.014 -0.819
-0.027 0.997 0.073
-2.001 0.134 2.055
-1.697 -0.475 1.322
0.233 0.793 -0.563
2.035 0.393 -0.427
1.263 -0.243 -0.410
-0.635 0.772 0.015
