18
0.400 -0.030 -0.091
-0.206 -0.440 -0.772
-0.285 0.912 -0.296
0.535 0.163 0.137
0.348 0.155 -0.845
-0.034 0.999 -0.002
-0.274 0.091 -0.062
0.380 -0.066 -0.801
0.140 0.986 -0.085
-0.511 -0.028 -0.367
0.393 -0.426 -0.522
0.390 0.917 -0.081
-0.468 0.133 -0.192
0.519 0.062 -0.048
0.071 0.997 0.009
-0.228 0.257 -0.093
0.694 0.283 0.292
-0.030 1.000 0.005
0.385 -0.092 -0.462
0.798 -0.528 0.338
0.244 0.899 0.364
0.683 -0.032 -0.534
0.467 -0.347 0.390
-0.030 0.948 0.316
0.340 -0.066 -0.626
0.139 -0.517 0.243
-0.107 0.892 0.439
0.366 0.059 -0.821
0.227 0.067 0.169
0.011 1.000 -0.006
0.682 -0.024 -0.544
0.319 -0.149 0.379
0.091 0.981 0.169
0.283 0.050 -0.569
-0.400 -0.120 0.141
-0.123 0.985 0.117
0.036 -0.005 -0.565
-0.662 -0.418 0.020
-0.312 0.911 0.270
-0.368 -0.028 -0.313
-0.864 -0.406 0.469
-0.174 0.925 0.337
-0.313 -0.053 -0.424
-0.941 -0.654 0.071
-0.489 0.799 0.350
-0.699 0.014 0.112
-1.587 -0.444 0.154
-0.456 0.889 0.038
0.257 0.047 -0.191
-0.684 -0.229 -0.384
-0.261 0.960 -0.098
-0.114 0.216 0.149
-0.543 0.341 -0.746
-0.044 0.986 0.158
0.132 -0.036 -0.047
0.380 -0.484 -0.906
0.093 0.893 -0.440
