14
1.045 0.755 -0.692
0.431 -0.027 -0.796
-0.771 0.623 -0.132
0.096 0.652 0.784
0.443 0.146 -0.006
0.204 0.863 -0.463
-1.042 0.763 0.494
-0.193 0.271 0.299
0.479 0.871 -0.110
0.150 0.464 1.923
0.566 0.281 1.032
0.077 0.983 -0.166
-0.389 0.682 -0.018
0.251 0.075 -0.491
0.488 0.795 -0.361
-1.601 0.735 -0.128
-0.626 0.835 0.070
-0.098 0.995 -0.020
-1.215 0.760 0.301
-0.362 0.238 0.311
0.522 0.853 0.006
1.292 0.417 -0.402
0.433 0.099 -0.804
-0.288 0.948 -0.135
-1.526 0.540 -0.309
-0.808 0.097 -0.846
0.355 0.896 -0.266
-0.778 0.429 1.243
-0.509 0.487 0.281
-0.015 0.998 0.055
-1.555 0.365 -0.077
-0.589 0.251 0.154
0.111 0.993 0.027
-0.773 0.413 1.249
-0.679 0.005 0.340
0.042 0.913 -0.405
1.798 0.614 -0.088
0.799 0.581 -0.112
-0.033 0.999 -0.001
-0.986 0.517 -0.732
-0.210 -0.068 -0.495
0.560 0.811 0.171
