371
1.517 0.287 0.985
0.536 0.094 1.025
-0.195 0.980 -0.035
0.957 0.163 0.347
0.021 -0.125 0.549
-0.293 0.956 0.006
0.772 0.231 0.517
-0.211 0.163 0.691
-0.064 0.998 0.027
-0.264 0.095 0.843
-0.991 -0.018 0.167
-0.141 0.990 -0.015
-1.497 -0.011 0.657
-1.334 -0.171 -0.317
-0.022 0.986 -0.166
-1.114 -0.003 -0.117
-0.507 -0.106 -0.905
0.018 0.993 -0.117
-1.175 0.071 -1.167
-0.182 -0.011 -1.081
0.079 0.996 0.042
-0.895 0.052 -1.309
-0.027 -0.066 -0.828
0.058 0.989 0.138
0.012 0.087 -0.972
0.472 -0.065 -0.097
-0.004 0.985 0.173
0.736 0.187 -0.791
0.931 -0.010 0.170
-0.035 0.978 0.207
0.858 0.130 -0.307
0.267 -0.116 0.460
-0.206 0.967 0.151
1.020 0.151 0.240
0.089 -0.110 0.496
-0.269 0.963 0.006
