20
-3.460 0.147 -0.494
-2.645 -0.292 -0.874
0.398 0.899 -0.186
5.247 0.194 0.893
4.331 0.046 0.520
-0.137 0.989 -0.056
0.635 -0.144 1.865
0.530 -0.380 0.900
-0.026 0.972 -0.235
2.461 0.210 -2.244
1.566 -0.222 -2.140
-0.430 0.902 0.050
4.378 0.225 0.181
3.435 -0.054 -0.002
-0.274 0.960 -0.053
-0.243 -0.031 3.220
0.105 -0.401 2.358
0.138 0.929 -0.343
0.878 0.111 2.387
0.724 -0.055 1.413
-0.026 0.986 -0.164
-1.279 -0.112 3.002
-0.908 -0.154 2.075
0.016 0.999 -0.039
-1.653 -0.048 1.658
-1.218 -0.333 0.805
0.130 0.958 -0.255
4.742 -0.044 0.961
3.806 -0.312 0.731
-0.261 0.963 -0.064
-0.264 -0.133 3.175
0.108 -0.512 2.327
0.152 0.926 -0.346
3.477 0.167 1.486
3.124 -0.082 0.584
-0.091 0.969 -0.232
3.718 -0.049 0.189
2.825 -0.473 0.339
-0.418 0.906 0.070
4.344 -0.156 -0.167
3.344 -0.157 -0.135
-0.001 1.000 0.000
-2.115 0.001 1.892
-1.332 -0.185 1.297
0.149 0.982 -0.113
0.722 -0.071 2.051
0.045 -0.362 1.375
-0.206 0.957 -0.206
2.248 -0.154 2.087
1.426 -0.548 1.677
-0.353 0.919 -0.176
-3.127 0.179 -0.473
-2.207 -0.201 -0.385
0.378 0.925 0.036
2.144 0.027 1.865
1.938 0.244 0.911
0.046 0.976 0.212
-3.492 0.002 -0.477
-2.528 -0.261 -0.504
0.263 0.965 -0.007
