26
0.043 0.213 0.291
0.015 -0.678 0.744
-0.054 0.454 0.889
0.553 0.429 -0.357
0.018 -0.404 -0.499
-0.805 0.553 -0.214
0.425 0.288 0.047
0.238 -0.360 -0.691
-0.159 0.761 -0.628
0.337 0.478 0.078
0.014 -0.323 0.581
-0.433 0.598 0.675
-0.812 0.392 0.247
-0.665 -0.193 -0.551
0.105 0.811 -0.575
-0.476 0.372 0.810
-0.362 -0.081 -0.075
0.057 0.892 -0.449
-0.931 0.259 -0.184
-0.275 -0.296 0.328
0.437 0.832 0.341
0.118 0.318 0.151
-0.085 -0.093 -0.738
-0.091 0.912 -0.400
-0.809 0.377 0.302
-0.057 -0.110 -0.143
0.419 0.873 -0.248
-0.381 0.559 0.150
0.229 -0.190 -0.108
0.690 0.662 -0.291
0.522 0.500 -0.874
-0.172 -0.218 -0.916
-0.717 0.696 -0.044
-0.204 0.518 0.077
-0.489 -0.376 0.424
-0.568 0.448 0.690
0.324 0.319 -0.087
0.222 -0.376 0.625
-0.099 0.719 0.688
-0.098 0.311 0.583
-0.284 -0.299 -0.188
-0.143 0.793 -0.593
-0.344 0.553 -0.165
0.281 -0.226 -0.124
0.778 0.627 0.050
0.116 0.253 0.115
-0.066 -0.574 -0.416
-0.269 0.562 -0.782
0.453 0.386 0.693
-0.083 -0.099 0.002
-0.297 0.875 -0.383
0.024 0.371 0.064
0.440 -0.377 0.581
0.468 0.664 0.583
0.107 0.283 -0.104
-0.133 -0.609 -0.488
-0.472 0.453 -0.757
0.589 0.209 -0.666
0.054 -0.227 0.058
-0.259 0.900 0.350
-0.303 0.221 -0.131
0.242 -0.339 0.493
0.368 0.828 0.422
-0.565 0.267 0.475
0.156 -0.395 0.681
0.637 0.749 0.181
-0.793 0.290 0.676
-0.166 0.174 -0.095
0.073 0.993 -0.090
-0.806 0.454 0.953
-0.847 -0.123 0.137
-0.029 0.817 -0.576
0.409 0.465 -0.221
0.600 -0.389 0.263
0.313 0.520 0.795
0.038 0.524 0.239
0.118 -0.274 0.836
0.105 0.603 0.791
