30
1.174 0.288 -3.413
0.696 -0.248 -2.717
-0.303 0.844 0.442
-2.822 0.322 -2.123
-2.111 -0.092 -1.555
0.323 0.910 0.258
-0.515 0.120 -3.242
-0.155 -0.333 -2.426
0.183 0.892 0.414
-0.526 0.213 -3.285
-0.274 -0.113 -2.374
0.087 0.945 0.314
0.762 0.214 3.403
0.394 -0.236 2.589
-0.185 0.893 -0.410
-2.778 0.245 -1.955
-2.104 -0.033 -1.271
0.195 0.961 0.198
-0.610 0.337 -3.604
-0.223 0.022 -2.737
0.128 0.949 0.287
-2.139 0.327 -2.823
-1.451 -0.271 -2.413
0.514 0.801 0.306
-2.303 0.270 -2.323
-1.569 -0.330 -2.004
0.550 0.800 0.239
1.173 0.190 -3.415
1.112 -0.056 -2.447
-0.016 0.969 0.245
-2.321 0.241 -1.442
-1.494 -0.244 -1.161
0.460 0.874 0.156
0.220 -0.030 -3.917
-0.387 -0.571 -3.333
-0.389 0.842 0.374
-1.604 0.286 0.969
-1.079 -0.144 0.234
0.250 0.903 -0.350
-0.813 0.207 4.001
-0.988 -0.351 3.189
-0.117 0.830 -0.545
0.669 -0.013 3.064
0.082 -0.318 2.314
-0.188 0.952 -0.240
-0.002 -0.016 3.787
0.244 -0.474 2.933
0.127 0.889 -0.440
2.051 0.075 -0.099
1.171 -0.317 -0.367
-0.375 0.920 -0.114
-0.828 0.084 3.947
-1.008 -0.484 3.144
-0.124 0.823 -0.554
-0.206 0.337 3.044
0.184 -0.222 2.313
0.264 0.829 -0.494
-1.769 0.039 -2.483
-0.877 -0.412 -2.500
0.451 0.893 -0.009
-1.334 -0.031 -3.060
-0.797 -0.649 -2.486
0.422 0.786 0.451
1.636 0.235 -0.847
1.030 -0.271 -0.234
-0.356 0.862 0.360
0.630 0.044 -4.047
-0.106 -0.234 -3.430
-0.213 0.960 0.179
-1.565 0.338 -1.668
-0.837 -0.279 -1.370
0.570 0.787 0.234
-1.299 0.260 -2.926
-1.209 -0.046 -1.978
0.029 0.952 0.305
1.505 -0.002 2.943
0.870 -0.156 2.186
-0.099 0.988 -0.118
3.222 0.077 2.863
2.810 -0.383 2.077
-0.213 0.888 -0.407
1.172 0.296 -1.580
0.821 0.042 -0.678
-0.092 0.967 0.237
0.642 0.313 -1.411
0.197 -0.354 -0.814
-0.399 0.745 0.535
1.892 0.110 2.590
1.270 0.123 1.807
0.008 1.000 0.010
