16
-0.740 0.185 0.995
-0.742 0.211 -0.004
0.000 1.000 0.026
1.645 0.151 -0.935
0.717 -0.035 -1.258
-0.175 0.983 -0.061
0.013 0.181 1.368
-0.239 0.178 0.400
-0.001 1.000 -0.003
0.108 0.295 1.396
-0.190 0.380 0.445
0.025 0.996 0.081
1.255 0.108 1.012
0.862 0.318 0.117
0.085 0.978 0.193
1.010 0.176 1.692
0.524 0.095 0.822
-0.039 0.997 -0.070
-0.477 0.258 0.478
0.030 0.127 -0.374
0.067 0.991 -0.112
0.792 0.196 -0.350
-0.207 0.213 -0.410
0.016 1.000 0.001
2.048 0.284 -0.697
1.177 0.460 -1.155
0.156 0.984 0.082
1.155 0.165 -0.135
0.509 -0.160 -0.825
-0.222 0.946 -0.237
-0.883 0.253 -1.941
-1.308 -0.335 -1.252
-0.309 0.809 0.500
0.106 0.149 1.423
-0.761 0.058 0.934
-0.079 0.996 -0.045
1.062 0.253 1.589
1.102 0.304 0.591
-0.002 0.999 0.051
0.714 0.232 0.693
-0.263 0.252 0.484
0.020 1.000 0.004
-1.305 0.209 0.038
-0.414 -0.095 -0.300
0.285 0.953 -0.108
0.146 0.194 1.447
-0.657 -0.109 0.933
-0.255 0.953 -0.163
