559
0.215 0.202 1.112
-0.637 -0.292 0.940
-0.467 0.867 -0.177
0.401 0.124 1.076
-0.354 -0.512 1.235
-0.628 0.771 0.103
0.344 0.298 0.199
-0.375 0.201 0.887
-0.115 0.993 0.021
0.165 0.218 0.337
-0.613 -0.166 -0.160
-0.335 0.923 -0.190
0.073 0.096 0.789
0.351 -0.563 0.090
0.345 0.748 -0.567
0.004 0.364 0.927
0.504 0.379 0.062
-0.024 1.000 0.004
0.556 0.189 0.006
-0.066 -0.208 -0.668
-0.252 0.917 -0.308
-0.263 0.177 -0.528
-0.990 -0.276 -0.011
-0.398 0.890 0.222
-0.757 0.295 -0.800
-0.634 0.224 0.190
0.014 0.997 0.071
-0.587 0.232 -0.725
0.089 -0.096 -0.065
0.236 0.945 0.228
-0.750 0.152 -0.715
0.003 -0.328 -0.264
0.388 0.877 0.285
-1.054 0.242 -0.390
-0.230 -0.127 -0.821
0.324 0.929 -0.176
-0.679 0.100 -1.036
-0.200 -0.540 -1.636
0.484 0.763 -0.428
0.204 0.328 -0.425
-0.178 0.188 -1.339
-0.081 0.990 -0.118
0.598 0.086 -0.225
-0.013 -0.693 -0.366
-0.737 0.624 -0.260
0.577 0.291 -0.066
0.018 -0.099 0.666
-0.310 0.917 0.252
-0.480 0.217 -0.539
-1.270 -0.124 -0.029
-0.301 0.940 0.161
