19
3.167 -0.192 -2.594
2.422 -0.732 -2.200
-0.477 0.842 0.252
-2.385 -0.296 1.922
-1.669 -0.723 1.369
0.338 0.904 -0.261
3.145 -0.377 -1.684
2.383 -0.867 -1.262
-0.429 0.872 0.237
3.140 -0.159 -2.047
2.544 -0.751 -1.504
-0.437 0.806 0.399
2.918 -0.297 -2.597
2.297 -0.498 -1.839
-0.127 0.980 0.155
2.881 -0.250 -1.330
2.040 -0.760 -1.150
-0.499 0.860 0.107
3.122 -0.339 -1.327
2.436 -0.719 -0.707
-0.282 0.925 0.255
2.910 -0.165 -0.062
2.210 -0.719 -0.514
-0.465 0.832 -0.301
2.765 -0.116 -0.064
2.044 -0.566 -0.591
-0.364 0.893 -0.266
2.579 -0.185 1.201
1.896 -0.716 0.700
-0.428 0.847 -0.314
3.147 -0.282 -1.551
2.523 -0.581 -0.829
-0.196 0.954 0.226
-3.192 -0.362 -1.666
-2.466 -0.719 -1.079
0.277 0.934 0.224
2.130 -0.339 1.487
1.333 -0.648 0.967
-0.259 0.951 -0.169
-3.189 -0.282 -1.431
-2.639 -0.812 -0.785
0.343 0.848 0.403
-2.013 -0.176 -1.893
-1.147 -0.580 -1.598
0.383 0.915 0.130
-1.674 -0.166 1.336
-0.983 -0.661 0.808
0.393 0.869 -0.300
0.612 -0.280 -1.588
0.007 -0.753 -0.947
-0.325 0.881 0.344
-3.199 -0.438 -2.177
-2.908 -1.014 -1.414
0.205 0.817 0.538
3.398 -0.382 1.591
2.984 -0.912 0.850
-0.258 0.848 -0.462
