39
-0.160 0.296 -0.794
0.114 -0.341 -0.074
0.269 0.770 0.579
-0.220 0.367 -0.775
-0.119 -0.080 0.113
0.102 0.893 0.438
-0.221 0.423 -0.810
0.332 0.062 -0.059
0.227 0.933 0.281
-0.136 0.264 -0.425
0.277 -0.640 -0.536
0.880 0.427 -0.208
-0.132 0.377 -0.033
0.128 -0.439 -0.549
0.392 0.578 -0.716
-0.234 0.482 0.071
-0.292 0.010 -0.809
0.048 0.879 -0.474
-0.258 0.568 0.089
-0.046 0.511 -0.886
-0.006 0.998 -0.060
-0.155 0.600 0.078
-0.514 0.581 -0.855
0.091 0.994 -0.055
-0.011 0.580 -0.221
-0.964 0.468 -0.503
-0.109 0.994 -0.022
-0.022 0.400 -0.267
-0.730 -0.298 -0.377
-0.689 0.716 -0.109
-0.248 0.394 0.202
-0.826 -0.416 0.294
-0.803 0.586 0.110
-0.071 0.411 0.757
-0.679 -0.379 0.835
-0.788 0.613 0.065
-0.092 0.101 0.708
-0.685 -0.675 0.491
-0.761 0.628 -0.164
-0.097 0.335 0.659
-0.561 -0.532 0.840
-0.834 0.497 0.239
-0.295 0.124 0.526
0.094 -0.685 0.967
0.352 0.573 0.740
-0.128 0.457 0.420
0.447 -0.053 1.059
0.315 0.859 0.403
-0.387 0.569 0.466
0.226 0.422 1.242
0.077 0.989 0.127
-0.139 0.731 0.605
0.787 0.555 0.940
0.211 0.975 -0.071
-0.156 0.218 0.544
0.762 0.407 0.893
-0.189 0.981 -0.034
-0.112 0.564 0.108
0.849 0.408 0.339
0.164 0.986 -0.016
-0.245 0.673 0.707
0.572 0.683 0.130
-0.031 0.999 -0.027
-0.219 0.549 0.644
0.434 0.008 0.115
0.427 0.841 -0.333
-0.095 0.409 0.017
0.646 -0.240 0.192
0.658 0.753 0.009
0.308 0.290 -0.272
0.753 -0.367 0.336
0.440 0.752 0.490
0.481 0.290 -0.042
1.151 -0.332 0.363
0.501 0.782 0.370
0.448 0.288 -0.065
1.024 -0.512 0.102
0.712 0.592 0.378
0.787 0.255 0.207
0.992 -0.587 0.705
0.374 0.537 0.756
1.154 -0.007 0.201
1.068 -0.791 0.817
0.196 0.592 0.781
0.852 0.341 0.312
1.130 -0.450 0.858
0.364 0.613 0.702
0.321 0.440 -0.145
1.162 -0.036 0.109
0.446 0.879 0.171
-0.060 0.327 -0.531
0.541 -0.444 -0.319
0.719 0.637 0.278
0.410 0.273 -0.609
0.682 -0.605 -1.002
0.464 0.477 -0.747
0.873 0.282 -0.667
0.624 -0.628 -0.999
-0.352 0.404 -0.845
0.897 0.522 -0.513
0.125 0.236 -1.082
-0.212 0.958 -0.194
0.912 0.615 -0.659
0.180 0.740 -1.330
0.094 0.992 0.083
1.032 0.602 -1.059
0.111 0.790 -0.719
0.194 0.981 -0.017
0.843 0.442 -1.009
0.132 -0.212 -0.749
-0.596 0.756 0.270
0.951 0.414 -0.933
0.666 -0.336 -0.336
-0.460 0.653 0.601
1.001 0.565 -1.007
0.761 0.450 -0.043
-0.093 0.991 0.095
1.037 0.562 -1.022
1.048 0.354 -0.044
-0.053 0.977 0.208
