10
-0.367 0.502 1.387
-0.485 -0.084 0.585
-0.085 0.811 -0.579
1.625 0.742 1.220
0.790 0.800 0.674
0.048 0.998 0.032
0.860 0.745 -1.331
0.446 0.545 -0.442
-0.085 0.980 0.182
1.358 0.544 -1.421
0.475 0.668 -0.968
0.111 0.992 -0.057
0.881 0.480 0.889
0.168 0.259 0.223
-0.161 0.975 -0.151
-0.440 0.699 1.037
0.071 0.021 0.509
0.472 0.735 -0.487
2.230 0.538 0.877
1.719 0.648 0.024
0.056 0.994 0.094
2.127 0.621 0.384
1.441 0.103 -0.127
-0.415 0.855 -0.310
-0.855 0.735 -0.682
-0.408 0.353 0.127
0.184 0.924 0.334
-0.302 0.406 -1.408
0.444 0.058 -0.841
0.278 0.937 0.211
