16
-1.389 0.272 0.130
-0.868 0.354 0.980
-0.043 0.997 -0.070
-1.641 0.195 -0.989
-1.505 0.215 0.002
-0.003 1.000 -0.020
-2.617 0.039 -0.664
-1.785 0.325 -0.190
-0.249 0.958 -0.142
0.412 0.239 -1.193
0.309 0.345 -0.204
0.011 0.994 -0.105
2.099 0.258 -0.890
1.276 0.201 -0.326
-0.047 0.998 0.032
1.696 0.325 -1.852
1.009 0.528 -1.154
0.143 0.979 -0.145
1.514 0.232 -0.958
0.811 0.451 -0.281
0.158 0.976 -0.152
1.869 0.008 0.204
0.967 -0.422 0.249
-0.429 0.903 0.021
-1.763 0.263 1.464
-1.220 -0.267 0.813
0.340 0.848 -0.407
-1.455 0.293 0.910
-0.784 -0.058 0.257
0.251 0.936 -0.245
-2.382 0.092 0.383
-1.527 -0.324 0.692
0.391 0.909 0.141
-1.588 0.170 0.366
-0.741 -0.313 0.145
0.468 0.875 -0.122
-0.458 0.149 -0.393
0.454 0.090 0.013
0.053 0.998 0.024
-1.859 0.005 1.488
-1.382 0.045 0.610
-0.019 0.999 0.035
2.204 0.260 0.134
1.216 0.322 -0.005
0.062 0.998 0.009
1.675 0.223 0.245
0.851 -0.332 0.126
-0.549 0.832 -0.079
