15
0.625 0.019 2.653
0.014 0.065 1.864
0.028 0.999 0.036
0.797 0.167 2.694
0.075 0.288 2.014
0.088 0.993 0.083
2.146 -0.050 0.145
1.205 0.214 -0.068
0.258 0.964 0.058
1.524 0.033 1.432
0.719 -0.341 0.972
-0.325 0.927 -0.186
1.244 0.146 -0.071
0.272 -0.020 0.092
-0.164 0.986 0.027
1.962 0.260 -1.335
1.145 -0.183 -0.965
-0.404 0.896 0.183
0.910 0.012 2.721
0.592 0.103 1.778
0.029 0.996 0.086
-0.006 -0.010 1.746
-0.369 0.223 0.844
0.087 0.972 0.216
2.574 0.231 -1.189
1.811 0.112 -0.553
-0.091 0.993 0.076
1.709 0.176 -1.395
1.043 -0.267 -0.795
-0.329 0.897 0.297
1.286 0.085 2.310
0.842 -0.506 1.636
-0.325 0.806 -0.494
0.917 0.163 1.287
-0.071 0.302 1.208
0.138 0.990 0.011
-2.615 0.078 1.264
-1.832 -0.461 0.953
0.501 0.842 -0.199
-1.218 -0.089 -2.700
-0.765 -0.367 -1.853
0.131 0.961 0.245
-2.292 -0.050 1.350
-1.311 -0.233 1.281
0.183 0.983 -0.013
