38
1.544 0.290 -2.714
0.820 0.021 -2.079
-0.203 0.963 0.178
2.047 0.375 -0.811
1.242 0.143 -0.265
-0.192 0.973 0.130
-0.081 0.484 -2.652
-0.437 0.072 -1.814
-0.161 0.911 0.379
0.726 0.546 -2.655
0.514 0.154 -1.760
-0.090 0.920 0.381
2.397 0.437 -2.970
1.903 0.358 -2.104
-0.039 0.997 0.069
2.397 0.478 -2.971
1.934 0.241 -2.117
-0.113 0.972 0.208
-2.153 0.306 -4.077
-1.731 -0.176 -3.309
0.232 0.876 0.422
1.253 0.252 0.088
0.461 -0.263 -0.242
-0.475 0.858 -0.198
3.979 0.465 -2.790
3.126 0.101 -2.417
-0.333 0.931 0.146
0.225 0.508 2.274
-0.094 0.008 1.469
-0.185 0.866 -0.465
-0.729 0.235 -3.549
-0.787 -0.176 -2.639
-0.026 0.912 0.410
1.616 0.353 -3.120
1.191 -0.207 -2.409
-0.287 0.829 0.481
2.451 0.189 0.137
1.594 -0.118 -0.276
-0.277 0.952 -0.133
1.202 0.454 0.900
0.527 -0.204 0.566
-0.589 0.753 -0.292
-1.541 0.218 -3.525
-1.090 -0.132 -2.704
0.169 0.937 0.307
-3.459 0.213 -1.090
-2.609 -0.281 -1.276
0.482 0.870 -0.106
-2.179 0.314 -1.158
-1.371 -0.263 -1.274
0.571 0.817 -0.082
2.519 0.500 -0.672
1.745 -0.013 -0.299
-0.462 0.858 0.223
0.990 0.237 1.666
0.383 0.116 0.881
-0.074 0.993 -0.095
3.111 0.198 -2.448
2.704 -0.045 -1.567
-0.101 0.970 0.220
0.045 0.561 3.049
-0.261 0.010 2.272
-0.202 0.835 -0.513
2.321 0.180 -0.017
1.429 -0.032 -0.416
-0.193 0.977 -0.086
-0.861 0.348 2.349
-0.919 -0.118 1.466
-0.030 0.885 -0.465
0.682 0.501 -0.075
-0.140 0.000 -0.346
-0.476 0.866 -0.156
1.198 0.263 0.899
0.435 -0.374 0.790
-0.630 0.771 -0.090
-0.348 0.229 3.429
0.151 -0.230 2.695
0.258 0.888 -0.380
1.179 0.178 1.720
0.810 -0.436 1.022
-0.287 0.789 -0.543
-2.595 0.199 -1.734
-1.728 -0.298 -1.772
0.496 0.868 -0.022
-0.895 0.298 2.465
-0.806 0.080 1.493
0.020 0.976 -0.217
2.484 0.225 -1.511
1.610 -0.253 -1.433
-0.476 0.878 0.042
-1.157 0.281 3.362
-0.541 -0.126 2.688
0.275 0.913 -0.301
0.656 0.508 3.224
0.309 0.412 2.291
-0.034 0.995 -0.090
-0.055 0.324 3.020
-0.471 0.036 2.158
-0.125 0.958 -0.259
2.185 0.539 0.058
1.496 0.137 -0.544
-0.302 0.916 -0.264
0.886 0.470 0.810
0.128 -0.182 0.811
-0.652 0.758 0.001
2.455 0.432 0.138
1.511 0.335 -0.177
-0.092 0.995 -0.031
-2.849 0.211 -1.921
-2.033 -0.361 -2.006
0.569 0.820 -0.059
0.368 0.270 1.488
-0.472 -0.227 1.269
-0.481 0.868 -0.126
