1291
-1.083 0.112 1.838
-0.330 -0.283 2.364
0.395 0.911 0.120
-0.895 0.215 1.986
0.026 -0.104 1.762
0.267 0.936 -0.231
-0.919 0.123 2.005
-0.077 -0.408 1.904
0.504 0.839 -0.206
-0.667 0.041 1.420
-0.590 -0.681 0.732
0.063 0.692 -0.719
-0.783 0.193 0.859
-1.554 -0.057 0.273
-0.153 0.966 -0.210
-0.550 0.029 1.477
-1.396 -0.482 1.627
-0.509 0.859 0.055
-0.628 -0.085 2.077
-1.591 -0.325 1.952
-0.246 0.968 0.042
-0.558 -0.024 1.850
-1.180 -0.468 2.495
-0.327 0.896 0.302
-0.995 0.089 1.928
-0.684 -0.329 2.782
0.264 0.901 0.345
-1.329 0.214 2.871
-0.438 -0.209 3.033
0.434 0.900 -0.035
-1.437 0.235 2.580
-0.516 -0.031 2.295
0.212 0.955 -0.207
-0.786 0.111 1.104
-0.568 -0.337 0.237
0.124 0.894 -0.430
-0.162 0.059 -0.702
-0.108 -0.401 -1.588
0.047 0.888 -0.458
1.219 0.104 -1.385
0.625 -0.291 -2.085
-0.344 0.912 -0.223
0.981 0.049 -1.415
0.913 -0.380 -2.316
-0.069 0.903 -0.425
0.706 0.062 -1.827
1.414 -0.298 -2.434
0.261 0.933 -0.249
1.806 0.117 -1.495
2.439 -0.320 -2.134
0.240 0.895 -0.375
1.362 0.103 -2.042
2.118 -0.147 -1.438
0.188 0.968 0.165
1.468 0.128 -1.846
1.453 -0.113 -0.875
-0.076 0.968 0.238
0.506 0.016 -0.816
-0.214 -0.417 -0.274
-0.310 0.900 0.306
