10
-0.167 0.796 -0.017
-0.633 0.171 -0.643
-0.372 0.781 -0.501
-0.537 0.589 -0.047
0.220 -0.020 -0.283
0.582 0.793 -0.182
0.775 0.763 0.146
0.121 0.204 -0.364
-0.440 0.829 -0.344
-0.461 0.784 -0.220
0.305 0.144 -0.284
0.638 0.768 -0.053
0.582 0.737 -0.093
-0.124 0.142 0.292
-0.522 0.804 0.285
-0.319 0.438 -0.182
0.540 -0.067 -0.263
0.502 0.863 -0.048
-0.056 0.613 -0.260
-0.440 -0.050 0.382
-0.341 0.749 0.569
0.239 0.622 -0.399
0.088 -0.308 -0.735
-0.382 0.368 -0.848
0.690 0.635 0.465
0.561 -0.095 -0.206
-0.139 0.683 -0.717
-0.371 0.501 -0.670
0.277 -0.257 -0.590
0.752 0.653 0.093
