10
0.192 0.276 0.407
-0.334 -0.573 0.347
-0.845 0.529 -0.071
-0.053 0.544 0.432
-0.825 0.189 -0.096
-0.296 0.935 -0.198
-0.160 0.442 0.333
-0.453 -0.238 -0.339
-0.224 0.732 -0.643
-0.483 0.461 0.081
-0.174 -0.084 -0.699
0.093 0.833 -0.545
0.000 0.649 0.147
0.133 0.341 -0.795
0.032 0.951 -0.307
0.164 0.624 0.261
0.420 0.191 -0.603
0.142 0.901 -0.409
0.112 0.340 -0.029
0.530 -0.533 -0.279
0.642 0.479 -0.599
0.044 0.307 -0.179
0.534 -0.539 -0.387
0.598 0.500 -0.627
0.417 0.354 -0.168
0.880 -0.520 -0.321
0.756 0.479 -0.447
0.116 0.640 -0.222
1.069 0.336 -0.249
0.302 0.952 -0.042
0.226 0.767 -0.176
1.210 0.625 -0.067
0.135 0.989 0.063
