14
-0.689 0.435 -1.973
-0.511 0.396 -0.989
0.007 0.999 0.038
1.534 0.307 -0.978
0.658 0.087 -0.550
-0.197 0.976 0.096
0.415 0.480 -1.638
0.068 0.092 -0.784
-0.146 0.922 0.359
-1.581 0.268 0.963
-0.830 -0.157 1.468
0.353 0.905 0.237
-0.797 0.328 -1.824
-0.655 -0.043 -0.906
0.057 0.929 0.366
1.822 0.343 0.133
1.091 -0.149 0.606
-0.413 0.871 0.267
0.800 0.296 -0.162
-0.085 -0.093 0.095
-0.374 0.921 0.108
1.243 0.295 -0.924
0.622 -0.157 -0.285
-0.315 0.892 0.324
1.152 0.277 -0.799
0.887 0.404 0.157
0.034 0.992 -0.123
0.219 0.419 2.091
-0.410 0.154 1.360
-0.173 0.964 -0.201
-0.028 0.424 -1.030
-0.638 -0.067 -0.408
-0.344 0.872 0.350
-1.033 0.264 -1.331
-0.705 -0.278 -0.557
0.211 0.840 0.499
-0.252 0.456 -0.765
-0.150 -0.173 0.005
0.083 0.777 0.623
-1.067 0.328 -0.010
-0.479 0.293 0.798
0.021 0.999 0.028
