8
-1.255 -0.037 0.601
-0.480 -0.636 0.400
0.588 0.800 -0.116
-1.204 0.189 0.568
-0.257 0.091 0.261
0.091 0.995 -0.036
-0.299 0.016 -0.172
0.554 -0.486 -0.316
0.504 0.863 -0.022
-0.105 0.045 -0.300
0.324 -0.304 0.533
0.247 0.932 0.264
0.177 0.277 0.229
-0.504 0.257 0.961
-0.010 1.000 0.019
0.217 0.026 0.277
-0.644 -0.483 0.280
-0.509 0.860 0.031
-1.036 -0.009 0.301
-1.380 -0.569 -0.453
-0.230 0.829 -0.511
-1.027 0.037 0.306
-0.207 -0.392 -0.073
0.396 0.903 -0.166
-1.070 0.249 0.288
-0.442 0.334 -0.485
0.037 0.990 0.138
