46
0.869 0.160 0.673
-0.124 0.093 0.570
-0.066 0.998 -0.007
0.979 0.340 1.059
0.020 0.144 1.264
-0.191 0.981 0.041
-0.133 0.082 1.727
-0.777 -0.205 1.017
-0.193 0.958 -0.213
1.214 0.330 -0.244
0.272 0.033 -0.086
-0.293 0.955 0.049
1.540 0.105 0.741
0.625 -0.074 0.378
-0.166 0.984 -0.066
1.187 0.177 0.409
0.245 -0.064 0.643
-0.234 0.971 0.058
1.610 0.146 0.285
0.648 0.051 0.031
-0.092 0.995 -0.024
1.564 0.150 0.089
0.596 -0.010 -0.104
-0.157 0.987 -0.031
1.544 0.259 -0.565
0.759 0.152 0.045
-0.085 0.994 0.066
1.277 0.361 0.444
0.416 -0.135 0.334
-0.492 0.868 -0.063
1.835 0.332 0.420
0.891 0.373 0.747
0.039 0.999 -0.014
1.916 0.148 -0.232
0.921 0.065 -0.170
-0.082 0.997 0.005
0.830 0.214 0.655
0.027 -0.266 1.008
-0.439 0.878 0.192
2.411 0.312 0.487
1.527 -0.117 0.302
-0.420 0.903 -0.088
-2.337 0.384 -0.107
-1.778 -0.159 0.519
0.362 0.840 0.405
1.079 0.302 1.358
0.353 0.159 0.686
-0.105 0.990 -0.097
1.861 0.348 0.747
0.970 0.105 1.130
-0.223 0.970 0.096
-2.337 0.247 -0.177
-2.313 0.176 0.820
0.002 0.997 0.071
-1.365 0.309 0.016
-0.412 0.051 -0.141
0.255 0.966 -0.042
1.912 0.036 0.956
1.260 -0.445 0.370
-0.358 0.876 -0.322
-1.303 0.254 1.977
-0.591 -0.412 1.753
0.635 0.746 -0.199
0.161 0.288 1.736
-0.281 -0.232 1.006
-0.269 0.854 -0.445
-1.197 0.228 0.649
-0.420 -0.220 0.206
0.390 0.894 -0.222
-1.436 0.062 0.341
-0.476 -0.217 0.321
0.278 0.960 -0.006
0.104 0.415 1.007
0.623 -0.106 0.329
0.316 0.854 -0.414
-1.789 0.218 1.968
-0.900 -0.116 1.654
0.314 0.943 -0.111
-1.441 0.166 1.648
-0.615 -0.288 1.313
0.421 0.891 -0.170
-1.360 0.379 0.669
-0.610 -0.164 0.292
0.485 0.840 -0.244
-1.171 0.238 0.346
-0.347 -0.318 0.241
0.552 0.831 -0.070
0.428 0.155 1.253
0.812 -0.306 0.453
0.200 0.887 -0.415
-2.009 0.178 0.124
-1.100 0.211 0.538
-0.030 0.999 -0.014
-1.868 0.067 0.007
-0.918 -0.166 -0.201
0.227 0.973 -0.050
-1.208 0.432 1.405
-0.464 -0.039 0.931
0.398 0.882 -0.253
-1.529 0.356 1.061
-0.911 0.126 0.310
0.146 0.973 -0.178
-1.869 0.075 1.640
-0.977 -0.329 1.438
0.394 0.915 -0.090
0.758 0.092 1.014
1.317 -0.559 0.502
0.481 0.759 -0.440
-0.931 0.036 -0.303
-0.008 -0.297 -0.499
0.325 0.943 -0.069
-1.828 0.375 0.335
-1.002 -0.098 0.640
0.444 0.881 0.164
-0.877 0.061 1.100
-0.351 -0.252 0.310
0.173 0.950 -0.260
-1.864 0.182 1.601
-1.533 -0.344 0.817
0.205 0.851 -0.484
-1.553 0.426 0.013
-0.793 -0.181 -0.223
0.580 0.795 -0.180
-1.862 0.101 1.482
-1.322 0.030 0.644
0.038 0.997 -0.060
1.078 0.127 1.444
0.768 -0.359 0.626
-0.172 0.874 -0.454
1.558 0.371 -0.565
0.639 -0.020 -0.617
-0.390 0.920 -0.022
0.097 0.063 1.513
0.657 -0.406 0.830
0.297 0.883 -0.363
-1.529 0.045 1.048
-0.710 -0.404 0.692
0.412 0.894 -0.179
