9
0.931 0.232 1.797
0.225 0.042 1.114
-0.136 0.982 -0.132
1.255 0.369 0.175
0.327 0.062 -0.037
-0.299 0.952 -0.069
-0.219 0.328 0.953
-0.430 0.244 -0.021
-0.018 0.996 -0.082
1.262 0.331 1.781
0.692 -0.160 1.122
-0.321 0.871 -0.371
0.138 0.276 1.612
-0.237 -0.062 0.748
-0.134 0.941 -0.310
1.107 0.285 -1.557
0.378 -0.077 -0.976
-0.284 0.932 0.226
1.600 0.275 -0.117
0.687 -0.053 0.128
-0.316 0.945 0.085
0.704 0.365 0.047
-0.296 0.367 0.044
0.001 1.000 0.000
-0.222 0.413 -1.565
-0.077 -0.051 -0.691
0.076 0.886 0.458
