9
2.237 0.143 3.005
2.683 0.187 2.111
-0.020 0.999 0.039
2.357 0.133 2.625
2.627 0.187 1.663
-0.015 0.999 0.052
-2.850 -0.017 1.550
-2.017 -0.337 1.099
0.282 0.947 -0.153
1.359 0.271 -1.935
0.496 0.181 -1.440
-0.078 0.996 0.045
2.195 0.035 1.570
1.259 -0.302 1.667
-0.336 0.941 0.035
-2.615 0.366 1.612
-1.890 0.041 1.004
0.249 0.946 -0.208
-3.077 0.302 1.490
-2.434 -0.125 0.854
0.303 0.904 -0.300
-3.068 0.102 -2.223
-2.322 0.353 -1.606
-0.194 0.968 -0.160
0.010 0.189 -1.957
-0.015 -0.139 -1.013
-0.009 0.945 0.328
