9
0.092 0.225 -0.169
1.011 -0.170 -0.168
0.395 0.918 -0.021
0.436 0.236 -0.000
1.007 -0.138 0.730
0.244 0.927 0.284
0.505 0.393 0.342
0.061 0.359 1.237
0.042 0.997 0.060
0.587 0.268 -0.089
-0.233 -0.028 -0.579
-0.210 0.952 -0.224
0.890 0.231 -0.215
1.671 -0.209 -0.659
0.393 0.897 -0.200
1.196 0.233 0.164
2.113 -0.114 0.363
0.343 0.938 0.053
0.822 0.164 0.227
0.902 -0.386 1.059
0.150 0.831 0.535
-0.457 0.250 -0.222
-1.352 -0.162 -0.054
-0.411 0.911 0.041
-1.133 0.408 -0.592
-1.825 0.565 0.113
0.123 0.987 -0.099
-1.248 0.230 -0.874
-1.858 0.000 -1.633
-0.124 0.973 -0.195
