382
0.316 0.318 1.263
0.854 -0.369 0.774
0.515 0.727 -0.454
0.173 0.329 1.150
0.550 -0.206 0.394
0.210 0.844 -0.493
-0.024 0.303 0.551
-0.086 -0.209 -0.305
-0.086 0.858 -0.506
-0.193 0.291 -0.271
-0.877 -0.358 -0.603
-0.611 0.759 -0.227
0.085 0.278 0.136
-0.528 -0.392 0.556
-0.555 0.743 0.375
0.279 0.260 0.694
0.769 -0.484 1.147
0.519 0.667 0.534
0.115 0.460 0.682
1.049 0.212 0.426
0.237 0.969 -0.075
0.046 0.272 0.008
0.169 -0.341 -0.773
-0.026 0.784 -0.620
-0.116 0.384 -0.210
-0.618 -0.136 -0.901
-0.391 0.849 -0.355
-0.066 0.416 -0.108
-1.059 0.303 -0.072
-0.114 0.993 -0.031
0.040 0.295 0.197
-0.665 -0.310 0.568
-0.481 0.791 0.378
0.131 0.342 0.369
-0.380 -0.217 1.021
-0.275 0.826 0.492
