30
0.635 0.640 1.683
0.896 0.558 0.721
0.022 0.997 -0.079
-1.350 0.648 -0.882
-0.374 0.655 -0.665
-0.007 1.000 -0.002
-0.621 0.614 0.359
0.318 0.339 0.153
0.269 0.961 -0.059
-2.096 0.704 -0.704
-1.121 0.610 -0.499
0.091 0.996 0.019
0.486 0.700 1.861
0.740 0.642 0.895
0.015 0.998 -0.056
1.066 0.754 2.109
1.139 0.382 1.183
0.029 0.928 -0.371
-1.236 0.498 0.152
-0.271 0.238 0.120
0.260 0.966 -0.009
-2.437 0.637 -0.972
-1.580 0.316 -0.567
0.290 0.947 0.137
2.469 0.708 0.119
1.779 0.050 -0.182
-0.604 0.753 -0.263
-0.899 0.491 -1.295
-0.037 0.136 -0.935
0.328 0.935 0.137
2.507 0.490 0.950
1.851 0.526 0.197
0.024 0.999 0.027
1.239 0.594 1.902
1.070 0.166 1.014
-0.080 0.904 -0.421
1.857 0.758 0.388
1.358 0.778 -0.478
0.010 1.000 0.017
-1.538 0.538 -1.030
-0.694 0.170 -0.640
0.334 0.930 0.155
-1.949 0.678 -0.585
-1.068 0.342 -0.252
0.314 0.942 0.119
-1.204 0.488 -1.537
-0.492 0.367 -0.846
0.087 0.993 0.084
-0.969 0.426 -2.091
-0.596 -0.023 -1.279
0.187 0.894 0.408
-0.311 0.425 0.930
0.506 0.063 0.480
0.317 0.932 -0.174
1.570 0.401 2.449
1.198 -0.104 1.670
-0.218 0.863 -0.456
-1.807 0.489 -0.473
-0.918 0.106 -0.223
0.369 0.924 0.104
0.593 0.534 1.691
0.583 0.103 0.790
-0.005 0.902 -0.432
0.700 0.390 1.604
0.653 0.089 0.652
-0.015 0.954 -0.300
-0.822 0.437 -2.005
-0.065 0.240 -1.382
0.152 0.980 0.125
2.912 0.434 0.801
2.130 -0.186 0.743
-0.618 0.785 -0.046
1.426 0.739 1.613
0.860 0.236 0.959
-0.328 0.865 -0.380
-0.238 0.488 -2.313
-0.072 -0.123 -1.540
0.129 0.791 0.598
-1.671 0.484 -0.269
-0.873 0.278 -0.836
0.168 0.979 -0.119
-0.256 0.632 -2.006
-0.155 -0.043 -1.275
0.092 0.738 0.669
-0.189 0.536 -2.275
-0.204 -0.076 -1.484
-0.011 0.791 0.612
-0.032 0.646 1.538
0.289 0.171 0.719
0.173 0.880 -0.442
