10
-1.887 0.515 1.380
-1.019 0.045 1.543
0.462 0.882 0.087
-1.617 0.340 1.381
-0.933 -0.138 0.831
0.373 0.878 -0.300
-2.553 0.220 -0.884
-1.870 0.177 -0.155
0.029 0.999 0.031
-0.748 0.482 -1.309
-0.748 0.159 -0.362
0.000 0.947 0.323
-1.370 0.212 1.409
-0.702 -0.108 0.737
0.226 0.947 -0.227
1.332 0.359 -1.455
0.817 -0.122 -0.746
-0.282 0.877 0.389
1.783 0.595 0.355
0.993 -0.006 0.478
-0.593 0.800 0.092
1.597 0.465 0.355
0.743 -0.001 0.589
-0.449 0.885 0.123
1.156 0.294 -1.456
0.523 0.285 -0.682
-0.006 1.000 0.007
1.296 0.287 -1.456
0.536 0.368 -0.811
0.062 0.997 -0.052
