10
0.221 0.252 1.778
0.363 -0.433 1.063
0.091 0.728 -0.679
1.497 0.356 2.114
1.497 -0.253 1.321
0.007 0.793 -0.609
0.779 0.430 1.510
0.613 -0.093 0.673
-0.291 0.836 -0.464
-1.122 0.345 1.377
-1.412 -0.377 0.749
-0.193 0.687 -0.701
-2.931 0.437 0.929
-2.628 -0.252 0.271
0.304 0.725 -0.618
-1.979 0.591 0.607
-1.795 -0.140 -0.050
0.321 0.677 -0.663
-0.895 0.445 1.222
-0.614 -0.161 0.478
0.190 0.795 -0.576
0.039 0.260 2.182
0.380 -0.509 1.641
0.351 0.638 -0.686
1.820 0.503 1.835
1.894 0.081 0.931
-0.108 0.898 -0.427
1.359 0.390 1.759
0.689 -0.259 1.396
-0.608 0.759 -0.235
0.312 0.287 1.607
1.015 -0.383 1.369
0.618 0.741 -0.261
