10
-1.377 0.185 1.289
-0.830 -0.415 0.705
0.410 0.800 -0.438
-0.977 0.301 1.235
-0.433 -0.133 0.516
0.262 0.901 -0.346
3.481 0.139 -1.264
2.719 0.113 -0.617
-0.019 1.000 0.016
3.390 0.323 -1.248
2.530 -0.138 -1.028
-0.446 0.888 0.114
1.291 0.227 0.028
0.697 -0.415 -0.457
-0.497 0.766 -0.407
-1.582 0.187 2.983
-1.528 -0.208 2.066
0.023 0.919 -0.394
0.612 0.312 -1.317
0.694 -0.274 -0.510
0.059 0.811 0.582
-0.316 0.365 2.080
-0.822 -0.131 1.375
-0.289 0.868 -0.403
3.144 0.174 -2.085
2.743 -0.247 -1.272
-0.186 0.907 0.377
0.566 0.266 -1.719
0.734 -0.154 -0.827
0.078 0.908 0.413
