35
1.120 -0.335 0.343
0.313 -0.843 0.644
-0.477 0.861 0.177
-0.399 -0.427 -0.639
0.299 -0.730 0.010
0.222 0.953 0.206
-0.305 -0.144 -0.253
0.144 -0.677 0.464
0.283 0.846 0.451
0.421 -0.461 1.172
-0.150 -0.959 0.519
-0.328 0.867 -0.375
0.146 -0.350 -0.618
0.247 -0.734 0.300
0.042 0.924 0.381
0.880 -0.260 -0.191
0.004 -0.690 -0.408
-0.418 0.903 -0.104
-0.041 -0.444 -1.063
0.327 -0.937 -0.275
0.209 0.870 0.447
-0.715 -0.537 0.464
0.208 -0.911 0.376
0.372 0.927 -0.035
-0.265 -0.348 -0.480
0.671 -0.697 -0.429
0.348 0.937 0.019
-1.197 -0.199 0.158
-0.294 -0.561 -0.073
0.350 0.932 -0.090
0.890 -0.404 -0.183
0.039 -0.812 -0.511
-0.381 0.913 -0.147
0.494 -0.466 -0.129
-0.389 -0.933 -0.189
-0.466 0.884 -0.032
0.040 -0.158 -0.441
0.913 0.030 -0.891
-0.167 0.982 0.086
-1.255 -0.480 0.002
-0.354 -0.912 -0.013
0.432 0.902 -0.007
-0.980 -0.531 -0.030
0.005 -0.607 0.126
0.075 0.997 0.012
0.523 -0.376 0.569
-0.321 -0.835 0.291
-0.435 0.889 -0.143
0.365 -0.531 0.455
-0.444 -0.830 -0.052
-0.253 0.954 -0.158
-0.185 -0.299 -0.599
0.651 0.016 -1.047
-0.277 0.949 0.149
-0.899 -0.208 -0.060
-0.356 -0.651 0.652
0.269 0.896 0.352
0.370 -0.466 0.504
-0.570 -0.758 0.326
-0.287 0.956 -0.055
-0.063 -0.433 -0.288
0.681 0.230 -0.205
-0.659 0.748 -0.073
-0.556 -0.432 -0.090
-0.256 -0.685 0.830
0.078 0.968 0.240
0.616 -0.262 0.629
-0.200 -0.735 0.961
-0.438 0.881 0.178
-1.454 -0.495 -0.195
-0.559 -0.070 -0.326
-0.421 0.905 0.062
-1.255 -0.443 0.001
-0.411 -0.520 -0.531
0.065 0.997 -0.041
-0.449 -0.512 -0.996
-0.149 -0.525 -0.042
0.004 1.000 0.012
-0.626 -0.306 -0.928
0.316 -0.462 -1.225
0.148 0.988 -0.047
-0.105 -0.445 1.134
-0.257 -0.022 0.240
0.071 0.906 0.417
-0.787 -0.416 -0.233
0.074 -0.532 0.262
0.101 0.993 0.058
-0.381 -0.156 0.025
0.567 0.125 -0.126
-0.277 0.960 0.044
0.280 -0.508 0.733
-0.359 -0.168 0.043
0.231 0.941 0.249
-0.841 -0.454 0.384
0.159 -0.440 0.380
-0.013 1.000 0.000
-0.375 -0.185 -1.275
0.036 -0.237 -0.365
0.021 0.999 0.047
-0.290 -0.264 -0.895
0.006 -0.032 0.031
-0.071 0.973 -0.221
-0.470 -0.373 0.314
-0.209 0.073 -0.543
-0.130 0.895 0.426
