35
-0.008 0.227 1.502
-0.770 -0.023 0.905
-0.196 0.968 -0.154
0.706 0.358 -0.490
0.161 0.198 0.333
-0.088 0.987 0.133
-0.950 0.333 -0.177
-0.864 0.253 0.816
0.007 0.997 0.080
0.599 0.255 -0.237
0.051 -0.085 0.528
-0.198 0.941 0.276
1.599 0.483 -1.161
1.024 0.098 -0.439
-0.240 0.923 0.301
-0.531 0.210 -0.392
-0.466 -0.043 0.574
0.017 0.967 0.253
1.103 0.293 -0.550
0.799 -0.013 0.352
-0.098 0.952 0.289
1.597 0.433 -1.149
1.055 0.298 -0.320
-0.074 0.991 0.113
0.555 0.228 1.200
-0.062 -0.424 0.760
-0.531 0.758 -0.379
0.515 0.311 0.283
-0.087 -0.425 0.592
-0.655 0.677 0.335
-1.368 0.450 0.023
-0.533 0.215 0.522
0.201 0.972 0.121
0.744 0.212 -0.701
0.473 0.303 0.257
0.025 0.996 -0.087
-0.575 0.271 -0.114
-0.343 -0.164 0.755
0.112 0.900 0.421
0.612 0.405 1.208
-0.148 0.032 0.676
-0.306 0.928 -0.214
-0.934 0.297 -0.281
-0.361 -0.216 0.359
0.342 0.859 0.382
0.185 0.416 1.530
-0.596 0.395 0.906
-0.016 1.000 -0.013
-1.227 0.427 -0.850
-0.519 0.330 -0.150
0.069 0.995 0.068
-0.327 0.414 1.242
0.382 -0.260 1.030
0.646 0.739 -0.193
-0.098 0.411 -0.687
0.170 -0.324 -0.064
0.291 0.678 0.675
-1.190 0.330 1.124
-0.401 -0.280 1.047
0.607 0.793 -0.059
-0.696 0.397 1.575
-0.078 -0.193 1.056
0.453 0.807 -0.379
0.143 0.439 -0.613
0.480 -0.357 -0.109
0.443 0.606 0.661
-0.548 0.265 1.595
0.013 -0.336 1.025
0.422 0.799 -0.428
1.157 0.230 -1.663
1.252 -0.200 -0.765
0.045 0.903 0.427
0.571 0.443 -0.060
0.390 -0.206 0.679
-0.154 0.760 0.631
-0.942 0.351 -0.229
-0.212 -0.189 0.190
0.468 0.842 0.268
-0.555 0.418 0.827
0.180 -0.255 0.903
0.670 0.739 0.070
-0.612 0.096 0.112
-0.208 -0.466 0.834
0.274 0.827 0.490
-0.369 0.303 0.469
0.347 -0.382 0.335
0.674 0.728 -0.126
0.436 0.223 1.182
-0.153 -0.286 0.555
-0.349 0.860 -0.372
1.145 0.190 -0.781
0.313 -0.270 -0.472
-0.431 0.888 0.160
0.110 0.354 0.410
0.142 -0.607 0.685
0.111 0.277 0.955
0.364 0.418 1.556
0.111 -0.214 0.823
-0.206 0.775 -0.597
-1.060 0.374 1.072
-1.099 0.370 0.072
-0.000 1.000 -0.004
1.187 0.476 -1.013
1.096 0.559 -0.021
0.008 0.997 -0.083
