13
-2.460 0.487 -0.267
-1.921 -0.180 0.248
0.482 0.745 0.461
-1.988 0.566 0.599
-1.221 -0.073 0.536
0.636 0.770 -0.053
-1.133 0.430 0.118
-0.551 -0.209 -0.386
0.483 0.770 -0.418
0.459 0.435 0.342
-0.120 -0.232 -0.128
-0.518 0.746 -0.420
-1.292 0.607 0.214
-0.704 -0.034 -0.280
0.491 0.768 -0.412
-0.812 0.471 0.151
-0.173 -0.274 0.341
0.715 0.666 0.212
-1.999 0.408 -0.037
-1.034 0.149 -0.074
0.259 0.966 -0.010
-0.820 0.295 0.636
-0.531 -0.348 -0.074
0.242 0.766 -0.595
-1.000 0.286 -0.193
-0.260 -0.309 0.121
0.547 0.804 0.232
-2.153 0.642 0.296
-1.341 0.076 0.437
0.558 0.824 0.097
1.154 0.488 -1.453
0.703 -0.063 -0.751
-0.298 0.834 0.464
-0.258 0.590 -1.438
-0.269 -0.037 -0.659
-0.008 0.779 0.627
-0.778 0.377 0.705
-0.500 -0.225 -0.044
0.210 0.799 -0.564
