28
4.208 0.292 -1.730
3.302 0.048 -1.384
-0.229 0.970 0.088
5.098 0.552 -0.683
4.231 0.064 -0.577
-0.484 0.873 0.060
3.272 0.534 -2.732
3.049 0.233 -1.805
-0.071 0.954 0.293
-1.039 0.542 -5.168
-0.787 0.205 -4.260
0.090 0.942 0.324
5.556 0.561 1.186
4.688 0.163 0.889
-0.376 0.917 -0.128
1.375 0.440 -4.708
1.251 0.075 -3.786
-0.049 0.931 0.362
2.618 0.277 -2.081
2.230 -0.008 -1.204
-0.115 0.958 0.261
1.375 0.422 -4.709
1.180 0.028 -3.811
-0.084 0.919 0.385
7.011 0.194 0.718
6.025 0.056 0.807
-0.138 0.990 0.013
4.490 0.550 2.054
3.587 0.326 1.687
-0.207 0.975 -0.084
3.586 0.338 -1.111
3.113 0.080 -0.269
-0.126 0.966 0.225
2.215 0.421 -3.613
1.658 0.113 -2.842
-0.181 0.951 0.250
5.190 0.355 2.774
4.205 0.303 2.606
-0.052 0.999 -0.009
1.707 0.268 3.549
1.606 0.220 2.555
-0.005 0.999 -0.048
3.651 0.457 3.156
2.784 0.158 2.758
-0.271 0.954 -0.125
0.252 0.358 -5.524
0.348 -0.077 -4.629
0.047 0.900 0.433
2.898 0.397 -2.360
2.258 0.145 -1.634
-0.167 0.968 0.189
6.219 0.474 0.134
5.360 0.336 0.627
-0.120 0.990 0.069
-2.361 0.408 -0.140
-1.414 0.193 0.096
0.209 0.977 0.052
-2.348 0.398 -0.153
-1.526 -0.117 -0.397
0.494 0.857 -0.146
-4.243 0.513 -2.132
-3.303 0.430 -1.801
0.078 0.997 0.028
3.902 0.293 3.415
3.091 -0.076 2.962
-0.323 0.929 -0.180
4.247 0.464 -1.769
3.516 -0.124 -1.421
-0.530 0.809 0.252
1.626 0.533 4.916
1.750 0.126 4.011
0.055 0.913 -0.404
2.304 0.505 -3.701
2.188 -0.034 -2.866
-0.074 0.843 0.533
-4.655 0.287 -3.064
-3.736 0.221 -2.676
0.061 0.998 0.026
-2.975 0.549 -1.451
-1.994 0.565 -1.261
-0.016 1.000 -0.003
-4.045 0.274 -1.944
-3.138 -0.057 -1.682
0.318 0.944 0.092
