16
1.135 0.330 0.943
0.391 -0.259 0.626
-0.541 0.809 -0.231
1.012 0.159 1.170
0.347 -0.366 0.638
-0.410 0.851 -0.328
-0.836 0.351 1.540
-0.135 -0.313 1.280
0.623 0.747 -0.231
1.626 0.161 1.021
0.682 -0.169 1.052
-0.329 0.944 0.011
-2.459 0.215 -0.609
-1.709 -0.385 -0.328
0.561 0.801 0.211
-1.988 0.366 -1.143
-1.284 -0.285 -0.858
0.604 0.759 0.244
-1.365 0.428 -0.181
-0.672 -0.210 0.155
0.574 0.771 0.278
0.842 0.424 -0.765
-0.031 -0.040 -0.612
-0.456 0.886 0.080
-1.344 0.203 -0.094
-1.125 -0.193 0.798
0.095 0.918 0.385
-2.291 0.269 0.077
-1.385 -0.098 0.289
0.357 0.930 0.084
-0.941 0.509 1.566
-0.218 -0.121 1.281
0.586 0.777 -0.231
0.565 0.273 -0.372
0.319 -0.440 0.283
-0.251 0.700 0.668
0.823 0.182 -1.748
0.043 0.047 -1.138
-0.106 0.991 0.083
0.301 0.310 -1.451
0.175 -0.243 -0.627
-0.084 0.833 0.546
-1.406 0.386 -0.346
-0.631 -0.092 0.066
0.423 0.878 0.225
-1.495 0.276 0.714
-0.568 -0.045 0.520
0.314 0.947 -0.066
