24
-1.898 0.360 0.413
-1.071 -0.111 0.108
0.434 0.882 -0.186
-0.976 0.392 0.584
-1.196 -0.313 -0.090
-0.228 0.709 -0.667
-0.651 0.668 0.352
-0.929 0.378 -0.564
-0.069 0.957 -0.282
-0.419 0.325 0.016
-0.288 -0.480 -0.564
0.135 0.593 -0.794
0.302 0.357 -0.285
0.148 -0.522 -0.737
-0.482 0.466 -0.742
0.931 0.450 -1.209
0.770 -0.435 -1.647
-0.260 0.466 -0.846
1.135 0.221 -0.620
1.061 -0.604 -1.180
0.018 0.560 -0.828
1.146 0.566 -0.861
1.928 0.133 -1.309
0.412 0.899 -0.151
1.102 -0.055 -0.163
1.754 -0.599 -0.690
0.420 0.839 -0.347
1.605 0.484 -0.122
2.350 -0.035 -0.540
0.432 0.854 -0.290
1.901 0.452 -0.742
2.564 -0.245 -0.469
0.631 0.717 0.297
2.148 0.348 -0.134
2.539 -0.566 -0.022
0.885 0.407 0.227
1.200 0.398 -0.205
1.796 -0.174 0.358
0.422 0.820 0.387
1.092 0.265 -0.304
1.812 -0.325 0.061
0.545 0.807 0.228
0.969 0.026 0.152
0.904 -0.599 0.930
-0.063 0.781 0.622
0.880 0.583 0.046
0.659 0.292 0.977
-0.091 0.956 0.278
0.599 0.344 0.431
0.184 -0.507 0.753
-0.625 0.524 0.579
0.507 -0.217 -0.071
0.036 -0.745 0.635
-0.295 0.849 0.438
-0.340 0.313 0.507
-0.278 -0.397 1.209
0.131 0.703 0.699
-0.520 0.387 1.070
-0.565 -0.256 1.834
0.015 0.765 0.644
-0.543 0.650 0.950
-1.191 0.494 1.695
-0.126 0.987 0.097
-0.661 0.645 0.646
-1.402 0.533 1.308
-0.072 0.994 0.086
-0.562 -0.100 0.842
-0.844 -0.584 1.671
-0.194 0.874 0.445
-0.759 0.329 1.175
-1.463 -0.380 1.157
-0.708 0.705 -0.035
-0.800 0.433 0.782
-1.086 -0.116 -0.003
-0.067 0.829 -0.555
