17
0.738 0.908 -2.488
0.616 0.347 -1.669
-0.083 0.828 0.555
2.432 1.004 0.795
1.834 1.057 -0.005
0.032 0.999 0.043
0.420 0.790 3.057
0.037 0.729 2.136
-0.023 0.998 -0.056
1.805 0.852 -1.439
1.480 0.425 -0.595
-0.153 0.904 0.398
1.431 1.013 -1.148
0.898 0.342 -0.633
-0.483 0.741 0.466
-1.358 0.723 4.881
-1.136 0.345 3.982
0.090 0.926 -0.367
-3.315 0.734 2.644
-2.663 0.232 2.077
0.379 0.865 -0.330
0.581 0.717 -1.149
0.475 0.193 -0.305
-0.065 0.852 0.520
-1.875 1.078 3.409
-1.596 1.068 2.448
0.003 1.000 -0.009
1.513 0.811 2.041
0.978 0.262 1.398
-0.350 0.836 -0.422
-2.004 1.055 3.508
-1.710 0.454 2.765
0.221 0.799 -0.559
0.623 0.866 -1.094
0.936 0.248 -0.372
0.245 0.787 0.567
-3.586 0.922 0.984
-2.665 0.769 0.626
0.143 0.988 -0.055
4.044 0.974 0.474
3.214 0.418 0.416
-0.554 0.831 -0.038
0.844 1.000 -2.570
0.036 0.538 -2.206
-0.421 0.887 0.190
0.421 0.853 -1.360
0.394 0.165 -0.635
-0.026 0.726 0.688
0.311 0.689 -2.156
-0.144 0.688 -1.266
-0.000 1.000 0.000
