470
0.018 0.180 -0.312
0.228 -0.173 0.600
0.103 0.935 0.338
-0.461 0.134 -0.085
0.266 -0.272 0.469
0.303 0.914 0.272
-0.287 0.097 0.032
0.544 -0.380 0.318
0.459 0.879 0.132
0.030 0.223 0.177
0.817 -0.010 0.748
0.217 0.971 0.098
-0.431 0.162 0.073
0.477 -0.178 0.319
0.339 0.940 0.046
-0.037 0.284 0.247
0.891 0.123 -0.089
0.149 0.987 -0.061
0.523 0.181 0.536
0.934 -0.184 -0.299
0.157 0.931 -0.330
0.527 0.172 0.461
0.714 -0.105 -0.481
0.010 0.960 -0.280
-0.042 0.124 0.695
-0.309 -0.148 -0.229
-0.159 0.959 -0.236
-0.099 0.078 0.492
-0.850 -0.197 -0.108
-0.230 0.961 -0.151
-0.682 0.160 0.487
-1.496 -0.185 0.021
-0.336 0.936 -0.105
-0.021 0.099 -0.487
-0.922 -0.285 -0.287
-0.355 0.920 0.166
-0.329 0.135 -0.697
-0.898 -0.302 0.000
-0.224 0.898 0.379
-0.134 0.162 -0.711
-0.288 -0.242 0.191
-0.078 0.915 0.396
-0.070 0.220 -0.586
0.416 -0.019 0.255
0.089 0.970 0.224
