13
-0.631 0.389 -0.918
0.005 -0.043 -0.279
0.304 0.902 0.306
-0.593 0.327 0.393
0.379 0.194 0.200
0.130 0.991 -0.026
0.489 0.535 0.246
0.892 -0.360 0.054
0.808 0.446 -0.385
-0.468 0.511 -0.154
0.352 0.238 0.350
0.233 0.962 0.143
0.076 0.478 0.960
0.858 -0.038 0.612
0.472 0.856 -0.210
0.116 0.452 -0.803
0.443 -0.220 -0.139
0.297 0.741 0.603
-0.054 0.498 0.833
0.383 -0.101 0.162
0.327 0.801 -0.502
0.119 0.543 0.296
0.490 -0.100 -0.374
0.311 0.766 -0.563
0.157 0.343 -1.026
0.508 -0.331 -0.376
0.321 0.738 0.593
-0.092 0.205 0.586
0.420 -0.300 -0.108
0.300 0.863 -0.407
-0.860 0.538 -0.109
-0.236 -0.179 -0.423
0.640 0.698 -0.322
0.505 0.329 -0.997
-0.374 -0.113 -0.821
-0.434 0.897 0.087
0.438 0.285 -0.257
-0.369 -0.304 -0.306
-0.588 0.808 -0.036
