9
-2.062 0.129 0.794
-1.117 -0.197 0.805
0.326 0.945 0.004
-1.849 -0.183 -1.587
-1.202 -0.322 -0.837
0.091 0.990 0.105
-2.681 -0.011 0.488
-1.737 -0.329 0.566
0.317 0.948 0.026
-1.926 -0.053 -1.418
-1.482 0.123 -0.539
-0.079 0.984 -0.157
1.037 0.008 2.120
1.526 -0.266 1.291
0.139 0.962 -0.236
-2.145 -0.236 0.753
-1.208 -0.574 0.841
0.337 0.941 0.032
-1.708 0.109 -1.170
-1.100 -0.336 -0.512
0.302 0.895 0.327
-2.032 -0.003 -1.188
-1.418 0.280 -0.452
-0.181 0.959 -0.218
-2.268 -0.076 0.124
-1.279 -0.040 -0.020
-0.036 0.999 0.005
