19
-3.089 -0.095 0.478
-2.126 -0.359 0.429
0.264 0.964 -0.014
2.907 0.095 -0.165
1.946 0.031 0.102
-0.062 0.998 0.017
-3.260 0.190 0.640
-2.367 0.090 0.201
0.090 0.995 -0.044
1.783 -0.095 -3.082
1.499 -0.496 -2.211
-0.124 0.916 0.381
-0.860 0.119 3.045
-0.461 -0.340 2.251
0.206 0.889 -0.410
3.062 -0.082 -0.277
2.096 -0.307 -0.405
-0.223 0.974 -0.030
1.255 0.079 -1.960
1.879 0.221 -1.191
-0.090 0.990 -0.110
-1.962 0.016 0.970
-0.991 0.118 0.754
-0.099 0.995 0.022
-1.428 0.036 0.128
-0.436 0.122 0.044
-0.085 0.996 0.007
-2.234 0.234 0.927
-1.238 0.155 0.967
0.079 0.997 0.003
2.076 0.232 0.244
1.132 -0.085 0.334
-0.316 0.948 0.030
-3.274 0.044 1.455
-2.274 0.073 1.462
-0.029 1.000 -0.000
-1.890 0.278 2.462
-1.175 0.008 1.818
0.201 0.963 -0.181
-2.890 -0.071 1.901
-1.916 0.151 1.850
-0.222 0.975 0.012
-1.872 0.124 2.587
-1.420 -0.024 1.707
0.067 0.989 -0.131
-0.527 0.194 2.729
0.236 0.102 2.090
0.070 0.996 -0.059
3.137 0.008 -0.331
2.403 -0.561 0.040
-0.508 0.822 0.257
-1.749 0.176 2.327
-0.968 -0.279 1.900
0.399 0.890 -0.218
-0.429 0.061 2.636
-0.268 0.197 1.658
-0.022 0.991 0.133
