673
0.612 0.159 1.134
1.090 -0.050 0.280
0.083 0.978 -0.193
0.535 0.081 1.669
0.776 -0.282 0.770
0.091 0.932 -0.352
0.029 0.098 1.575
-0.545 -0.253 0.835
-0.155 0.934 -0.322
0.438 0.102 1.598
-0.446 -0.214 1.253
-0.270 0.947 -0.176
0.979 0.097 1.777
0.207 -0.277 1.261
-0.233 0.919 -0.317
1.545 0.113 1.419
0.932 -0.267 0.727
-0.190 0.922 -0.338
2.161 -0.017 0.505
1.303 -0.529 0.468
-0.509 0.859 -0.057
1.736 0.002 -0.395
1.043 -0.573 0.038
-0.493 0.818 0.296
0.827 0.118 -0.154
-0.054 -0.182 0.214
-0.249 0.952 0.179
1.186 0.108 -0.494
0.390 -0.272 -0.022
-0.316 0.925 0.211
0.702 0.070 -0.264
0.536 -0.381 0.613
-0.046 0.892 0.451
1.301 0.051 -0.415
0.670 -0.439 0.186
-0.291 0.868 0.402
1.338 0.097 -0.343
1.554 -0.321 0.539
0.073 0.908 0.412
-0.337 0.066 -0.212
0.479 -0.370 0.167
0.409 0.899 0.155
0.014 0.096 -0.075
0.936 -0.288 -0.123
0.385 0.923 0.003
-0.149 0.116 -0.049
0.652 -0.118 -0.600
0.214 0.972 -0.101
-0.119 0.073 -0.026
0.487 -0.365 -0.690
0.403 0.889 -0.218
0.837 0.040 -0.361
1.378 -0.426 0.339
0.310 0.884 0.349
1.900 0.041 0.861
1.090 -0.475 0.582
-0.545 0.838 0.034
1.122 0.195 1.663
1.310 -0.025 0.706
0.058 0.975 -0.213
