10
1.821 0.247 0.271
0.915 -0.104 0.035
-0.341 0.936 -0.088
0.548 0.203 1.528
-0.055 -0.158 0.816
-0.233 0.933 -0.275
1.418 0.254 0.147
0.626 0.040 -0.425
-0.173 0.977 -0.125
0.981 0.204 1.661
0.565 -0.189 0.840
-0.178 0.920 -0.350
-0.219 0.070 -1.619
-0.034 -0.353 -0.732
0.087 0.906 0.414
0.727 0.219 1.582
-0.145 -0.218 1.361
-0.424 0.899 -0.108
-0.732 0.421 -1.439
-0.353 -0.073 -0.656
0.215 0.870 0.444
-1.075 0.228 -1.827
-0.482 -0.070 -1.079
0.185 0.955 0.233
2.322 0.332 -0.663
1.611 0.063 -0.014
-0.199 0.963 0.182
-1.303 0.270 -0.261
-0.635 -0.208 0.310
0.363 0.878 0.311
