8
0.751 0.264 -0.487
1.110 -0.450 0.115
0.308 0.698 0.646
0.756 0.383 -0.310
1.599 -0.091 -0.058
0.440 0.879 0.183
0.762 0.467 -0.565
1.624 0.218 -1.007
0.243 0.967 -0.070
0.714 0.309 -0.129
0.759 -0.137 -1.023
0.037 0.895 -0.444
0.681 0.353 -0.285
-0.137 0.041 -0.767
-0.266 0.950 -0.163
0.632 0.304 0.190
0.282 -0.332 0.878
-0.296 0.772 0.563
0.672 0.368 -0.180
0.568 -0.140 0.674
-0.028 0.861 0.509
0.953 0.252 -0.217
1.235 -0.413 0.474
0.286 0.746 0.602
0.929 0.473 -0.272
1.685 0.193 0.320
0.224 0.960 0.168
