23
-2.220 0.359 -1.387
-1.258 0.358 -1.113
0.001 1.000 0.000
-2.538 0.514 -2.053
-1.661 0.492 -1.574
0.019 1.000 0.010
-0.031 0.345 -3.175
0.570 0.346 -2.376
-0.001 1.000 -0.001
-1.393 0.393 -1.780
-0.520 0.543 -1.316
-0.132 0.989 -0.070
-2.999 0.603 -0.894
-2.108 0.297 -0.558
0.286 0.952 0.108
-1.576 0.505 -0.559
-0.648 0.653 -0.901
-0.139 0.989 0.051
-1.574 0.638 -2.157
-0.816 0.779 -1.519
-0.108 0.990 -0.091
-2.509 0.496 -0.172
-1.603 0.491 -0.596
0.004 1.000 -0.002
-1.134 0.558 1.420
-0.713 0.482 0.516
0.032 0.997 -0.069
-0.771 0.675 2.079
-0.270 0.764 1.218
-0.044 0.996 0.076
-1.997 0.454 -1.375
-1.076 0.355 -1.752
0.091 0.995 -0.037
1.133 0.331 -2.862
1.323 0.065 -1.917
0.052 0.964 0.261
0.269 0.385 -2.547
0.895 0.191 -1.792
0.124 0.981 0.150
-1.960 0.618 0.592
-1.283 0.732 -0.135
-0.078 0.993 0.083
-2.281 0.321 -1.257
-1.424 -0.024 -0.874
0.315 0.939 0.141
-2.128 0.321 -0.330
-1.330 0.316 -0.933
0.004 1.000 -0.003
1.224 0.401 -2.671
1.376 0.020 -1.759
0.062 0.925 0.375
-1.502 0.614 2.384
-1.111 0.123 1.605
0.220 0.872 -0.438
-1.380 0.697 1.342
-0.665 0.270 0.788
0.337 0.905 -0.261
-1.648 0.301 2.463
-1.516 0.036 1.507
0.036 0.964 -0.262
-1.241 0.642 -1.461
-0.942 0.139 -0.650
0.174 0.865 0.471
2.771 0.581 0.941
1.852 0.194 0.861
-0.385 0.922 -0.034
-1.638 0.622 0.458
-0.781 0.106 0.462
0.516 0.857 0.003
