702
0.368 0.414 -0.077
0.397 0.340 0.920
-0.246 0.966 0.079
0.386 0.479 -0.292
-0.470 0.213 0.150
-0.247 0.964 0.102
0.688 0.374 -0.332
0.153 -0.332 0.132
-0.609 0.703 0.368
1.117 0.477 0.229
0.971 0.030 1.111
-0.365 0.853 0.372
1.108 0.372 1.475
0.326 -0.230 1.638
-0.592 0.799 0.105
0.301 0.235 2.027
-0.580 -0.171 1.785
-0.409 0.912 -0.043
-0.432 0.069 2.110
-1.164 -0.342 1.565
-0.417 0.901 -0.118
-0.880 -0.031 1.523
-0.892 -0.191 0.535
-0.188 0.970 -0.155
-0.882 -0.025 1.251
-0.663 -0.182 0.288
-0.172 0.965 -0.196
-1.121 -0.164 0.895
-0.671 -0.492 0.064
-0.001 0.930 -0.368
-1.192 -0.050 -0.609
-0.351 -0.342 -1.064
0.251 0.956 -0.151
0.635 0.588 -1.556
-0.272 0.247 -1.308
-0.323 0.940 0.113
1.255 0.697 -1.853
0.643 -0.029 -1.540
-0.630 0.687 0.362
0.852 0.501 -0.949
0.047 0.023 -0.595
-0.446 0.878 0.172
1.130 0.490 0.348
0.392 -0.074 0.719
-0.558 0.819 0.134
0.995 0.575 0.672
0.276 0.302 0.033
-0.310 0.949 -0.057
1.275 0.562 0.549
0.959 0.223 1.435
-0.346 0.911 0.226
1.469 0.450 1.537
0.751 -0.234 1.667
-0.689 0.725 0.013
1.341 0.489 1.896
0.731 0.182 1.165
-0.334 0.936 -0.114
1.316 0.539 1.778
0.435 0.134 2.021
-0.410 0.911 0.033
