346
3.293 -0.153 0.449
2.903 -0.314 1.356
-0.151 0.983 0.109
2.821 -0.332 0.693
2.129 -0.702 1.313
-0.369 0.919 0.137
1.336 -0.077 0.850
0.376 -0.165 1.116
-0.099 0.995 -0.027
-0.365 0.010 0.335
-1.349 -0.136 0.227
-0.140 0.988 -0.066
-2.231 -0.075 -0.160
-3.105 -0.310 -0.584
-0.202 0.972 -0.120
-3.514 -0.161 -0.876
-3.225 -0.147 -1.833
0.097 0.994 0.044
-3.529 -0.152 -0.991
-2.574 -0.369 -1.197
0.238 0.968 0.086
-1.672 -0.238 -0.832
-0.749 -0.552 -0.609
0.289 0.947 0.139
-0.227 -0.194 -0.257
0.349 -0.373 -1.055
0.182 0.979 -0.089
-0.368 -0.359 -0.188
-0.124 -0.743 0.702
0.072 0.923 0.379
1.476 -0.373 0.634
2.102 -0.703 1.340
0.161 0.941 0.297
