16
0.802 0.268 -0.658
0.534 0.446 0.288
0.049 0.984 -0.171
0.649 0.525 -0.305
-0.210 0.262 0.134
-0.234 0.965 0.119
1.694 0.333 -0.109
0.872 0.549 0.419
0.181 0.976 -0.117
0.793 0.415 -0.637
0.560 0.534 0.328
0.028 0.993 -0.116
-0.217 0.255 -0.912
-0.467 0.041 0.032
-0.055 0.977 0.207
1.701 0.557 -0.126
0.840 0.165 0.199
-0.367 0.920 0.139
1.799 0.524 -0.962
0.868 0.665 -0.625
0.132 0.990 -0.048
-1.042 0.295 -1.612
-0.695 0.050 -0.707
0.088 0.969 0.229
1.408 0.478 -0.000
0.456 0.205 0.137
-0.270 0.962 0.039
-2.020 0.313 -0.809
-1.697 0.326 0.137
-0.004 1.000 -0.012
1.062 0.520 -0.168
0.113 0.205 -0.148
-0.315 0.949 0.007
1.296 0.414 1.096
0.638 0.467 0.346
0.035 0.999 0.040
1.464 0.222 -1.124
0.532 -0.139 -1.144
-0.362 0.932 -0.008
-1.987 0.184 -0.725
-1.634 -0.054 0.180
0.086 0.971 0.222
-1.269 0.553 -1.710
-0.763 0.198 -0.924
0.192 0.935 0.299
-0.281 0.272 -0.763
-0.976 -0.335 -0.377
-0.530 0.795 0.295
