15
2.296 0.381 -2.405
1.968 0.152 -1.488
-0.077 0.973 0.216
2.062 0.465 -2.210
1.627 0.501 -1.310
0.016 0.999 -0.032
-0.468 0.320 -1.813
-0.184 0.348 -0.854
-0.008 1.000 -0.027
3.112 0.200 -0.841
2.277 0.046 -0.313
-0.131 0.988 0.083
1.109 0.409 -2.610
1.414 0.060 -1.724
0.114 0.937 0.330
-1.973 0.375 -0.929
-1.210 0.132 -0.330
0.191 0.970 0.150
-0.842 0.311 2.393
-0.093 0.139 1.754
0.130 0.985 -0.111
3.574 0.485 -1.226
2.837 0.503 -0.551
0.014 1.000 -0.013
-3.622 0.524 1.835
-2.637 0.351 1.845
0.172 0.985 0.002
-3.510 0.238 2.239
-2.576 0.164 1.889
0.070 0.997 -0.026
-3.168 0.382 0.330
-2.395 0.191 0.934
0.151 0.982 0.118
-0.421 0.448 -1.756
0.066 -0.048 -1.037
0.278 0.868 0.411
-0.692 0.222 -2.085
-1.005 0.202 -1.135
-0.006 1.000 0.019
1.024 0.466 -2.713
1.205 -0.021 -1.859
0.101 0.873 0.477
-3.465 0.423 1.704
-2.530 0.134 1.500
0.282 0.957 -0.062
