9
-1.647 0.836 0.177
-0.970 0.127 -0.019
0.681 0.705 -0.197
1.677 0.555 -0.146
0.953 0.060 0.334
-0.412 0.869 0.274
1.221 0.778 0.870
1.189 0.016 0.223
-0.037 0.648 -0.761
-1.560 0.724 -0.015
-0.881 0.201 -0.529
0.417 0.852 -0.316
0.003 0.500 0.566
-0.328 -0.197 -0.070
-0.322 0.717 -0.618
-1.017 0.627 -0.039
-0.310 -0.038 0.201
0.630 0.747 0.214
-1.294 0.521 -0.178
-0.364 0.397 0.168
0.116 0.992 0.043
0.197 0.771 -0.033
0.511 0.264 0.769
0.185 0.862 0.472
0.287 0.820 -0.236
0.161 0.239 0.568
-0.089 0.814 0.574
