541
-0.614 0.175 0.871
0.240 -0.262 1.154
0.414 0.900 0.139
-1.067 0.085 1.046
-0.240 -0.445 0.859
0.531 0.846 -0.045
-0.809 0.185 0.634
0.098 -0.220 0.525
0.409 0.912 0.013
-0.784 0.094 -0.547
-0.021 -0.488 -0.268
0.570 0.811 0.132
-0.171 0.176 -1.181
0.555 -0.297 -0.681
0.406 0.881 0.244
-0.159 0.205 0.312
0.391 -0.210 -0.412
0.298 0.908 -0.294
0.057 0.203 0.680
0.241 -0.297 -0.167
0.173 0.864 -0.472
-0.626 0.182 0.025
-0.166 -0.241 -0.755
0.252 0.905 -0.342
-1.040 0.056 -0.523
-0.378 -0.473 -1.054
0.392 0.848 -0.356
-0.647 0.182 0.113
-0.705 -0.284 -0.770
-0.017 0.885 -0.465
-0.292 0.167 -0.389
-0.906 -0.267 -1.048
-0.310 0.901 -0.305
-0.085 0.139 -0.891
-0.904 -0.411 -1.052
-0.541 0.835 -0.102
-0.350 0.150 -1.012
-1.265 -0.195 -0.805
-0.349 0.937 0.017
-0.450 0.259 -0.203
-1.413 0.010 -0.101
-0.246 0.969 0.035
-0.388 0.219 -0.061
-1.055 -0.010 0.648
-0.161 0.973 0.163
-0.967 0.133 -0.171
-0.650 -0.292 0.677
0.095 0.904 0.417
-0.678 0.156 0.577
0.109 -0.260 1.033
0.331 0.908 0.256
