8
0.432 0.158 -0.181
-0.370 -0.350 0.134
-0.479 0.862 0.169
-0.188 0.305 0.314
-0.950 -0.029 -0.241
-0.230 0.940 -0.251
-0.273 0.253 -0.019
0.181 -0.127 -0.824
0.232 0.924 -0.305
0.135 0.275 -0.378
1.061 0.078 -0.055
0.176 0.980 0.093
0.533 0.297 -0.600
0.475 0.120 0.382
-0.088 0.981 0.172
0.247 0.156 -0.046
-0.493 -0.271 0.472
-0.391 0.901 0.185
-0.653 0.262 0.290
-1.444 -0.150 -0.160
-0.303 0.906 -0.297
-0.327 0.222 0.191
-0.346 -0.295 -0.665
0.192 0.838 -0.510
0.339 0.227 -0.403
0.831 -0.296 -1.099
0.351 0.851 -0.392
