18
-1.907 0.277 1.293
-1.193 -0.416 1.194
0.686 0.721 -0.095
-1.600 0.314 1.639
-1.518 -0.469 1.023
0.104 0.621 -0.777
-2.818 0.129 1.113
-1.988 -0.425 1.043
0.551 0.833 -0.047
-0.994 0.372 -0.501
-0.574 -0.278 0.131
0.360 0.759 0.542
-1.568 0.091 1.803
-2.169 -0.365 1.147
-0.309 0.890 -0.336
0.423 0.128 0.879
-0.415 -0.307 1.208
-0.405 0.900 0.159
0.983 0.137 0.021
0.199 -0.341 0.418
-0.426 0.879 0.216
0.705 0.124 0.988
-0.137 -0.403 0.868
-0.522 0.850 -0.075
-0.007 0.181 -0.638
-0.742 -0.355 -0.225
-0.468 0.844 0.263
-1.881 0.115 0.223
-1.084 -0.404 0.532
0.484 0.855 0.187
0.466 0.223 1.749
-0.229 -0.171 1.146
-0.297 0.919 -0.258
0.032 0.096 1.802
-0.692 -0.476 1.418
-0.506 0.820 -0.268
0.339 0.354 1.114
-0.491 -0.150 0.874
-0.484 0.864 -0.140
-1.501 0.258 2.139
-1.918 -0.115 1.310
-0.168 0.928 -0.334
-2.867 0.257 1.988
-2.173 -0.387 1.665
0.584 0.765 -0.272
1.481 0.233 -0.861
0.536 -0.048 -0.694
-0.276 0.960 0.049
1.321 0.071 -0.923
0.473 0.079 -0.392
0.006 1.000 -0.004
-1.674 0.390 0.307
-0.950 -0.247 0.574
0.597 0.771 0.221
