12
0.505 0.244 0.966
1.183 -0.014 0.277
0.177 0.966 -0.188
0.442 0.153 1.007
1.051 -0.223 0.308
0.247 0.927 -0.283
0.504 0.283 1.102
1.337 0.261 0.549
0.005 0.999 -0.034
0.784 0.175 0.772
0.734 -0.151 -0.171
-0.026 0.945 -0.326
1.679 0.115 -0.189
0.990 -0.293 -0.787
-0.339 0.912 -0.232
1.193 0.086 -0.937
0.474 -0.313 -0.368
-0.318 0.917 0.240
0.555 0.054 -0.741
0.596 -0.301 0.192
-0.033 0.934 0.357
0.561 -0.051 -0.978
-0.217 -0.578 -0.638
-0.511 0.848 0.143
-0.256 0.176 -0.892
-1.140 -0.229 -0.659
-0.399 0.914 0.076
-0.861 0.210 -0.790
-0.944 0.013 0.186
0.017 0.980 0.199
-0.401 0.107 -0.882
0.459 -0.216 -0.487
0.299 0.946 0.123
0.226 0.144 -0.823
1.026 -0.092 -1.375
0.163 0.970 -0.179
0.408 0.097 -0.923
1.285 -0.236 -1.269
0.303 0.943 -0.138
