366
-1.065 0.592 0.191
-0.994 0.360 -0.779
-0.021 0.972 -0.234
-1.014 0.304 0.118
-0.639 -0.481 -0.375
0.406 0.617 -0.674
-0.974 0.312 -0.011
-0.400 -0.429 0.338
0.574 0.668 0.473
-1.004 0.374 -0.163
-0.553 -0.312 0.409
0.432 0.728 0.533
-1.145 0.396 -0.049
-1.250 -0.274 0.686
-0.088 0.743 0.664
-0.876 0.414 0.033
-0.187 -0.260 0.300
0.631 0.739 0.236
-0.829 0.311 0.092
-1.114 -0.550 -0.328
-0.419 0.507 -0.754
-0.948 0.577 -0.063
-1.857 0.288 -0.364
-0.330 0.939 0.093
-1.026 0.378 0.121
-1.712 -0.304 0.376
-0.628 0.732 0.265
-0.645 0.434 -0.163
-0.430 -0.145 0.623
0.167 0.815 0.554
-0.878 0.093 0.189
-0.309 -0.669 0.497
0.671 0.647 0.361
