13
-1.028 0.298 1.058
-0.407 0.174 0.284
0.078 0.992 -0.097
-0.366 0.178 -2.017
0.312 -0.481 -1.693
0.595 0.752 0.284
1.001 0.430 1.213
0.636 -0.034 0.406
-0.192 0.886 -0.423
-0.349 0.461 1.020
0.138 -0.081 0.336
0.315 0.840 -0.441
-0.397 0.138 -2.015
0.042 -0.201 -1.183
0.158 0.941 0.299
0.720 0.168 1.440
0.046 -0.415 0.986
-0.483 0.813 -0.326
-0.912 0.348 -0.998
-0.215 -0.227 -0.569
0.490 0.818 0.301
-0.909 0.223 -0.856
-0.766 -0.446 -0.127
0.129 0.744 0.656
-0.019 0.294 1.003
0.425 0.202 0.111
0.041 0.996 -0.082
-1.012 0.513 -0.964
-0.307 -0.028 -0.505
0.454 0.841 0.294
-0.011 0.129 1.183
-0.311 -0.465 0.437
-0.221 0.805 -0.551
0.365 0.442 -1.576
0.017 -0.044 -0.774
-0.194 0.873 0.447
1.111 0.507 0.402
0.341 -0.088 0.172
-0.570 0.804 -0.171
