18
-0.593 0.549 -1.058
0.082 -0.127 -0.762
0.619 0.737 0.272
-0.613 0.368 -0.746
0.123 -0.302 -0.642
0.663 0.743 0.094
1.622 0.315 -1.843
0.993 -0.279 -1.342
-0.465 0.804 0.370
-0.249 0.600 -0.777
0.449 -0.114 -0.836
0.711 0.700 -0.061
0.570 0.338 -1.418
0.990 -0.388 -0.873
0.443 0.688 0.575
0.344 0.376 -1.348
1.115 -0.257 -1.273
0.630 0.774 0.061
0.770 0.521 -0.291
1.085 -0.045 -1.053
0.216 0.825 -0.523
1.343 0.592 -2.171
1.493 -0.187 -1.563
0.187 0.626 0.757
1.259 0.467 -1.622
1.429 -0.431 -1.216
0.346 0.440 0.829
1.133 0.260 -1.077
0.313 -0.237 -0.793
-0.470 0.868 0.162
0.893 0.308 -1.620
0.355 -0.087 -0.876
-0.232 0.918 0.321
1.134 0.281 -1.073
0.362 -0.242 -0.711
-0.473 0.853 0.222
1.947 0.335 -1.179
1.374 -0.302 -1.695
-0.473 0.771 -0.425
1.301 0.290 -0.577
0.630 -0.305 -1.019
-0.497 0.804 -0.327
1.065 0.457 -1.604
1.497 -0.284 -1.091
0.477 0.671 0.568
1.606 0.497 -0.607
0.879 -0.190 -0.595
-0.687 0.726 0.011
0.582 0.546 -1.239
1.003 -0.215 -0.745
0.494 0.648 0.580
0.779 0.433 -0.831
1.141 -0.188 -1.526
0.287 0.784 -0.551
