1446
0.724 0.006 0.208
0.063 -0.430 0.818
-0.301 0.900 0.316
0.811 0.230 0.060
-0.057 0.229 0.556
0.015 1.000 0.027
0.649 0.042 0.538
-0.228 -0.232 0.145
-0.226 0.960 -0.167
0.749 0.179 0.752
0.118 0.143 -0.022
-0.067 0.998 0.008
0.501 -0.010 1.190
0.447 -0.381 0.263
-0.019 0.929 -0.371
0.514 0.093 1.023
0.950 -0.107 0.146
0.112 0.980 -0.167
0.469 0.180 1.076
0.658 0.300 0.101
0.004 0.992 0.123
0.438 -0.073 0.345
1.009 -0.515 -0.347
0.267 0.897 -0.353
0.091 -0.043 0.169
1.000 -0.460 0.164
0.417 0.909 -0.001
0.084 -0.016 0.284
1.012 -0.378 0.377
0.358 0.932 0.053
0.227 0.310 0.673
1.099 0.529 0.236
-0.246 0.969 -0.005
0.247 0.192 0.173
1.245 0.250 0.191
-0.057 0.995 -0.081
0.085 -0.027 0.309
0.968 -0.454 0.505
0.425 0.904 0.054
0.229 0.084 0.658
1.010 -0.088 1.258
0.152 0.985 0.085
0.043 0.191 0.523
0.941 0.333 0.940
-0.135 0.990 -0.048
0.308 0.010 0.869
1.133 -0.328 1.322
0.308 0.941 0.140
0.383 -0.067 1.497
1.261 -0.543 1.545
0.478 0.877 -0.051
0.483 -0.056 1.399
1.297 -0.607 1.581
0.554 0.832 0.041
0.534 0.001 0.405
0.785 -0.451 1.261
0.203 0.889 0.410
0.695 0.046 1.385
1.036 -0.383 2.221
0.148 0.903 0.403
