23
-1.678 0.197 0.225
-1.346 -0.431 0.929
0.268 0.778 0.568
-0.676 0.221 0.767
-0.082 -0.404 0.260
0.475 0.780 -0.406
-1.700 0.202 0.099
-1.197 -0.149 0.889
0.189 0.936 0.296
-1.469 0.243 0.951
-0.521 0.049 0.698
0.187 0.981 -0.050
0.945 0.510 0.134
0.156 -0.103 0.173
-0.613 0.790 0.030
-1.663 0.387 0.304
-1.404 -0.147 1.108
0.164 0.846 0.508
-0.225 0.258 -0.465
0.316 -0.429 0.021
0.511 0.727 0.459
-1.171 0.185 0.117
-0.350 -0.343 0.335
0.511 0.849 0.136
-1.039 0.261 -0.212
-0.218 -0.245 0.054
0.481 0.863 0.155
1.556 0.320 -1.031
0.813 -0.246 -0.675
-0.510 0.824 0.245
-0.073 0.203 0.363
0.482 -0.629 0.352
0.832 0.555 -0.016
-1.658 0.172 -0.068
-0.794 -0.010 0.401
0.159 0.983 0.087
1.291 0.365 -0.807
1.045 -0.313 -0.115
-0.228 0.734 0.639
1.784 0.496 -0.990
1.208 0.012 -0.331
-0.319 0.875 0.365
-1.083 0.250 0.861
-0.281 -0.018 0.329
0.224 0.963 -0.148
-0.753 0.238 -0.473
0.028 -0.207 -0.034
0.388 0.896 0.218
0.282 0.489 -0.569
-0.090 -0.006 0.216
-0.212 0.869 0.448
1.747 0.282 -0.014
0.936 -0.232 -0.292
-0.486 0.858 -0.167
-0.186 0.206 0.677
0.229 -0.281 -0.092
0.231 0.874 -0.428
-1.358 0.200 0.394
-0.732 -0.147 -0.304
0.232 0.938 -0.258
0.925 0.223 0.065
0.164 -0.344 0.381
-0.523 0.824 0.217
-0.338 0.286 -0.104
0.312 -0.317 -0.565
0.492 0.797 -0.349
1.442 0.342 0.015
0.853 -0.360 0.417
-0.580 0.712 0.395
