20
-2.988 0.079 -2.175
-2.971 0.047 -1.175
0.001 1.000 0.032
2.365 -0.019 0.599
1.567 0.201 0.038
0.180 0.975 0.127
1.859 -0.007 1.424
1.309 0.048 0.590
0.030 0.999 0.046
-2.100 0.243 2.216
-2.122 -0.099 1.277
-0.008 0.939 -0.343
2.932 0.051 1.903
2.286 -0.251 1.202
-0.205 0.953 -0.223
1.962 0.314 0.621
1.386 0.011 -0.139
-0.183 0.953 -0.242
-2.813 0.258 -1.413
-1.962 -0.038 -1.846
0.265 0.955 -0.134
0.395 0.150 -2.685
-0.155 0.201 -1.851
0.028 0.999 -0.042
-0.797 -0.054 1.668
-0.881 -0.389 0.730
-0.030 0.943 -0.333
4.405 0.138 -0.188
3.525 -0.161 -0.557
-0.275 0.954 -0.116
0.342 0.150 -2.683
-0.125 -0.018 -1.815
-0.080 0.986 0.148
0.558 0.231 2.016
0.618 0.459 1.044
-0.014 0.974 0.227
0.527 0.100 1.475
0.468 -0.393 0.607
-0.034 0.870 -0.492
3.106 0.289 1.894
2.108 0.329 1.859
0.040 0.999 0.001
4.080 0.233 -0.984
3.168 0.391 -1.364
0.146 0.987 0.061
-2.548 0.237 -1.441
-1.585 0.285 -1.707
-0.046 0.999 0.013
-2.968 0.013 -1.937
-2.855 -0.426 -1.045
0.055 0.898 0.436
3.197 0.223 1.476
2.784 0.445 0.592
0.094 0.975 0.201
-1.616 0.320 -1.771
-0.939 -0.013 -1.114
0.239 0.943 0.232
0.538 -0.055 1.667
0.535 -0.665 0.874
-0.002 0.793 -0.609
