20
-0.992 -0.018 -0.681
-0.414 -0.793 -0.426
0.704 0.632 0.323
-0.820 0.258 -0.731
-0.571 -0.074 -1.640
0.025 0.941 -0.337
-0.714 0.032 -1.421
-1.490 -0.583 -1.284
-0.595 0.787 0.164
-1.415 0.149 -0.900
-1.159 -0.090 0.036
0.182 0.964 0.196
-0.643 0.026 -0.809
0.049 -0.657 -0.573
0.652 0.731 0.202
0.253 0.190 -1.243
-0.718 -0.010 -1.378
-0.221 0.961 0.166
-0.106 0.049 -1.352
-0.858 -0.491 -1.729
-0.483 0.842 -0.243
-1.516 -0.006 -0.052
-1.934 -0.450 0.741
-0.222 0.896 0.385
-1.450 0.094 -0.385
-0.860 -0.282 0.329
0.277 0.926 0.259
-1.979 -0.047 0.073
-1.402 -0.630 0.645
0.413 0.813 0.411
-1.634 0.051 -0.024
-1.118 -0.405 -0.749
0.229 0.889 -0.396
-1.674 0.137 -0.025
-1.660 -0.182 -0.973
-0.103 0.942 -0.320
-1.243 0.131 -0.653
-0.724 -0.199 -1.441
0.198 0.944 -0.265
0.422 0.254 -1.141
1.271 0.200 -1.666
0.072 0.997 0.012
0.666 0.016 -1.653
1.174 -0.715 -1.196
0.356 0.660 0.662
0.105 0.283 -1.009
-0.112 -0.052 -0.092
-0.006 0.940 0.342
-1.545 -0.002 -0.696
-2.023 -0.562 -0.020
-0.270 0.826 0.494
-1.634 0.131 0.911
-1.008 -0.523 1.336
0.594 0.753 0.284
-1.235 -0.007 -0.328
-0.651 -0.769 -0.606
0.652 0.644 -0.400
0.301 0.408 -0.779
1.220 0.044 -0.625
0.378 0.923 -0.070
-0.393 0.205 -1.093
0.003 0.121 -2.008
-0.078 0.989 -0.125
