709
-0.566 0.203 0.512
0.326 -0.144 0.801
0.314 0.937 0.154
-0.598 -0.020 0.530
-0.055 -0.820 0.784
0.722 0.600 0.344
-0.183 0.194 0.833
0.691 -0.284 0.924
0.473 0.878 0.078
-0.240 0.329 1.057
0.683 0.020 0.830
0.307 0.951 -0.045
-0.310 -0.021 0.667
0.258 -0.707 0.213
0.550 0.727 -0.411
0.020 0.228 0.099
0.940 -0.078 0.345
0.302 0.952 0.055
0.293 0.177 -0.031
1.142 -0.280 -0.297
0.408 0.886 -0.219
0.642 0.037 -0.118
1.217 -0.728 -0.408
0.639 0.641 -0.425
0.097 0.344 0.043
0.699 0.004 -0.680
0.181 0.939 -0.292
-0.075 0.095 0.315
0.091 -0.447 -0.509
0.123 0.840 -0.528
-0.133 0.355 0.422
-0.030 0.233 -0.565
-0.007 0.992 -0.123
-0.152 0.296 0.415
-0.107 0.104 -0.565
-0.014 0.981 -0.194
-0.375 0.063 0.431
-0.725 -0.592 -0.238
-0.390 0.751 -0.532
-0.311 0.048 -0.733
-0.994 -0.677 -0.825
-0.722 0.689 -0.059
-0.265 0.056 -0.567
-0.880 -0.657 -0.229
-0.651 0.700 0.293
-0.619 0.049 -0.250
-0.908 -0.704 0.341
-0.348 0.658 0.668
-0.661 -0.066 0.699
-1.063 -0.970 0.843
-0.866 0.427 0.260
-0.260 0.358 0.414
-1.109 0.160 0.904
-0.198 0.979 0.052
-0.270 -0.289 0.579
-1.137 -0.513 1.024
-0.191 0.974 0.118
-0.171 -0.277 0.599
-0.743 -0.919 1.110
-0.486 0.767 0.418
