22
-1.853 0.250 -1.142
-1.035 -0.023 -0.635
0.232 0.962 0.144
2.014 0.223 0.611
1.454 -0.406 1.151
-0.453 0.778 0.436
-2.238 0.299 -0.506
-1.415 0.014 -0.014
0.244 0.959 0.146
2.216 0.416 1.706
1.336 -0.059 1.716
-0.475 0.880 0.005
-0.619 0.296 -1.757
-0.703 0.101 -0.780
-0.017 0.981 0.195
-0.069 0.418 -0.379
0.122 -0.311 0.278
0.203 0.684 0.700
-0.708 0.565 -0.755
-0.056 0.162 -0.114
0.288 0.915 0.283
-0.052 0.405 -1.100
0.396 0.046 -0.281
0.172 0.934 0.315
-0.525 0.256 -0.384
-0.212 -0.394 0.308
0.268 0.760 0.592
-0.520 0.248 2.332
0.028 -0.359 1.756
0.419 0.795 -0.440
-0.192 0.356 -0.323
-0.355 -0.388 0.325
-0.181 0.669 0.721
-0.341 0.328 -1.069
-0.426 -0.374 -0.362
-0.083 0.712 0.697
0.160 0.326 2.823
0.726 0.143 2.020
0.105 0.983 -0.149
-0.269 0.480 2.208
0.459 -0.055 1.780
0.462 0.844 -0.271
-1.243 0.352 -0.164
-0.901 -0.128 0.644
0.187 0.877 0.442
0.108 0.253 2.277
-0.072 -0.180 1.394
-0.086 0.901 -0.424
1.397 0.544 1.257
0.779 -0.112 0.824
-0.538 0.755 -0.376
-1.451 0.302 -0.586
-1.269 0.061 0.367
0.045 0.971 0.236
0.872 0.437 2.157
0.377 -0.221 1.589
-0.432 0.753 -0.496
-1.880 0.442 0.220
-0.948 0.475 0.581
-0.030 0.999 -0.012
0.128 0.389 1.188
0.521 -0.135 0.432
0.241 0.852 -0.465
-0.290 0.268 1.444
0.050 -0.207 0.632
0.183 0.880 -0.438
