676
-1.116 0.298 -0.273
-0.255 0.112 0.200
0.154 0.982 0.107
-1.179 0.255 -0.059
-0.644 -0.032 0.736
0.120 0.957 0.265
-0.958 0.198 -0.026
-0.742 -0.194 0.868
0.050 0.919 0.391
-0.993 0.162 -0.126
-0.871 -0.301 0.752
0.084 0.886 0.455
-0.371 0.284 -0.650
-0.962 0.071 0.128
-0.108 0.977 0.185
0.143 0.257 -0.587
-0.565 0.068 0.093
-0.100 0.980 0.170
0.209 0.298 -0.439
-0.759 0.095 -0.292
-0.207 0.978 -0.012
0.216 0.114 -0.712
-0.616 -0.439 -0.674
-0.555 0.829 -0.075
0.369 0.037 -0.940
0.024 -0.670 -1.556
-0.327 0.707 -0.628
-0.302 0.045 -1.175
0.174 -0.628 -1.741
0.330 0.733 -0.594
-0.474 0.334 -0.821
0.464 0.178 -1.132
0.151 0.988 -0.040
-0.484 0.313 -0.631
0.216 0.134 0.060
0.143 0.984 0.110
-1.197 0.104 -0.272
-0.569 -0.483 0.239
0.430 0.809 0.401
-1.527 0.097 -0.062
-0.745 -0.520 -0.155
0.611 0.788 -0.077
-0.549 0.303 -0.621
0.284 0.089 -0.112
0.192 0.977 0.095
0.534 0.146 -1.042
0.460 -0.360 -0.182
-0.048 0.863 0.503
0.326 0.061 -1.391
-0.264 -0.637 -0.984
-0.469 0.706 0.530
-0.059 0.293 -0.763
0.470 -0.013 0.028
0.144 0.951 0.272
0.199 -0.022 -1.206
0.943 -0.371 -0.636
0.369 0.925 0.086
0.293 0.276 -0.903
0.934 0.001 -0.187
0.122 0.958 0.259
