19
-2.708 0.307 -1.323
-1.987 -0.158 -0.809
0.378 0.886 0.269
-2.662 0.103 -0.169
-1.780 -0.344 -0.020
0.440 0.895 0.074
-2.207 0.037 -1.141
-1.525 -0.588 -0.762
0.547 0.780 0.304
-2.307 0.339 -1.071
-1.613 -0.069 -0.478
0.311 0.913 0.265
0.729 0.064 0.766
0.924 0.161 -0.210
-0.019 0.995 0.096
-2.404 0.158 -1.213
-1.723 -0.473 -0.842
0.555 0.775 0.302
-3.242 0.246 -1.633
-2.770 -0.324 -0.961
0.328 0.822 0.466
-1.291 0.243 -0.738
-0.579 -0.048 -0.098
0.216 0.957 0.194
3.362 0.199 1.134
2.564 0.074 0.545
-0.101 0.992 -0.074
2.950 0.006 1.001
2.282 -0.452 0.414
-0.344 0.889 -0.302
-0.036 0.023 -0.317
0.914 0.207 -0.570
-0.178 0.983 0.047
0.873 0.135 0.336
1.425 -0.025 -0.483
0.090 0.987 -0.133
2.788 0.142 1.351
2.202 0.208 0.544
0.039 0.998 0.053
3.807 0.325 0.880
2.808 0.304 0.842
-0.021 1.000 -0.001
2.872 -0.003 1.101
2.238 -0.561 0.565
-0.426 0.830 -0.360
-0.285 0.074 0.428
0.044 0.152 -0.513
-0.026 0.997 0.073
-1.435 0.271 -0.333
-0.752 -0.143 0.268
0.311 0.910 0.274
-2.127 0.109 -1.578
-1.511 0.065 -0.792
0.027 0.999 0.034
3.901 0.242 1.393
3.183 -0.110 0.793
-0.270 0.936 -0.226
