10
-3.626 1.158 2.194
-2.684 0.988 1.905
0.163 0.985 -0.050
-3.162 1.034 2.200
-2.345 0.609 1.812
0.384 0.905 -0.182
-3.739 1.339 -1.069
-2.909 1.384 -0.513
-0.037 0.999 -0.025
2.893 1.306 2.295
2.138 0.799 1.880
-0.444 0.862 -0.244
-3.833 1.140 -1.070
-3.062 0.571 -0.784
0.533 0.823 0.198
-0.580 1.324 -3.924
-0.327 1.172 -2.968
0.039 0.988 0.147
2.680 1.245 -4.396
2.110 0.897 -3.652
-0.212 0.937 0.277
-3.842 1.218 -3.806
-3.182 0.956 -3.102
0.179 0.965 0.191
-4.073 1.326 -4.335
-3.436 1.465 -3.577
-0.089 0.990 -0.106
-0.581 1.148 -4.216
-0.734 0.837 -3.278
-0.050 0.950 0.308
