13
-0.762 0.774 -1.197
-0.922 0.104 -0.472
-0.144 0.743 0.654
-1.298 0.810 -0.977
-0.616 0.085 -0.880
0.718 0.688 0.102
2.306 0.902 0.205
1.438 0.506 -0.095
-0.374 0.919 -0.129
2.336 0.738 0.605
1.815 0.168 -0.029
-0.363 0.821 -0.441
1.027 1.008 0.671
0.845 0.300 -0.011
-0.182 0.706 -0.684
-1.425 0.943 -0.972
-0.592 0.403 -1.091
0.535 0.842 -0.076
0.538 0.735 -1.453
0.357 0.132 -0.676
-0.137 0.797 0.588
-1.437 0.743 -0.972
-0.785 0.450 -0.273
0.200 0.956 0.215
-0.930 0.730 1.634
-0.082 0.569 1.128
0.138 0.987 -0.082
1.390 1.072 -1.653
0.718 0.407 -1.326
-0.597 0.747 0.292
-1.613 0.723 0.528
-0.917 0.415 -0.121
0.225 0.951 -0.210
-1.277 1.017 0.334
-0.610 0.274 0.271
0.740 0.669 -0.070
-0.751 0.837 -0.957
-0.228 0.405 -0.222
0.251 0.902 0.352
