23
2.657 0.269 -1.652
2.825 -0.184 -0.777
0.085 0.891 0.445
-2.118 0.426 -0.789
-1.139 0.261 -0.673
0.165 0.986 0.020
-2.490 0.546 0.781
-1.523 0.485 0.532
0.059 0.998 -0.015
-0.971 0.338 0.428
-0.078 0.112 0.039
0.208 0.974 -0.090
-2.666 0.231 1.724
-1.916 -0.109 1.157
0.272 0.940 -0.205
2.268 0.442 1.082
1.597 -0.172 0.667
-0.523 0.789 -0.323
1.896 0.266 1.265
1.231 -0.239 0.715
-0.390 0.863 -0.322
-1.867 0.522 1.351
-1.306 0.198 0.589
0.192 0.946 -0.261
0.807 0.429 -1.672
1.075 0.234 -0.728
0.053 0.981 0.187
2.660 0.339 -1.600
2.108 -0.266 -1.025
-0.419 0.796 0.436
-1.751 0.458 0.122
-0.901 0.034 0.432
0.398 0.906 0.145
1.438 0.316 -1.493
1.015 -0.293 -0.821
-0.324 0.794 0.515
1.531 0.549 1.517
0.885 0.032 0.956
-0.390 0.856 -0.339
1.801 0.373 0.406
1.133 -0.077 -0.186
-0.337 0.893 -0.298
-0.939 0.495 1.458
-0.271 0.465 0.715
0.020 1.000 -0.023
-1.944 0.529 -0.795
-0.977 0.484 -1.045
0.043 0.999 -0.011
1.760 0.414 -0.958
1.230 -0.011 -0.224
-0.249 0.905 0.344
-1.420 0.539 0.110
-0.714 -0.125 0.356
0.627 0.748 0.219
1.643 0.526 0.349
0.844 -0.055 0.504
-0.571 0.813 0.111
0.909 0.246 1.446
0.545 -0.430 0.805
-0.334 0.737 -0.588
2.216 0.530 0.248
1.636 0.147 -0.470
-0.240 0.924 -0.298
-0.017 0.449 1.386
-0.058 -0.189 0.618
-0.034 0.770 -0.637
-3.491 0.563 1.794
-2.740 0.164 1.267
0.327 0.917 -0.229
