451
0.534 0.480 -0.102
0.068 0.171 0.727
-0.186 0.950 0.249
0.072 0.335 -0.328
-0.342 -0.188 0.416
-0.290 0.851 0.437
-1.255 0.381 -0.636
-1.051 -0.022 0.255
0.034 0.913 0.405
-1.026 0.409 -0.749
-1.094 0.014 0.167
0.058 0.915 0.399
-0.200 0.247 0.955
-1.010 -0.234 0.621
-0.483 0.871 -0.084
0.523 0.306 0.486
-0.263 -0.244 0.203
-0.507 0.835 -0.216
-0.094 0.350 0.332
-0.884 -0.147 -0.028
-0.466 0.867 -0.176
-0.465 0.346 -1.500
-1.266 -0.168 -1.190
-0.471 0.858 0.204
-0.278 0.442 -0.005
-0.983 0.088 -0.619
-0.288 0.935 -0.208
-1.608 0.293 0.060
-1.453 -0.154 -0.821
0.012 0.892 -0.451
-0.177 0.303 -0.215
-0.483 -0.264 -0.980
-0.247 0.823 -0.511
-1.091 0.399 -0.114
-0.354 0.013 -0.670
0.329 0.922 -0.205
-0.610 0.440 -0.849
0.004 0.070 -0.152
0.214 0.928 0.305
0.643 0.370 -0.245
-0.023 -0.202 0.234
-0.467 0.821 0.330
