16
-0.848 0.411 1.102
-0.248 -0.101 0.488
0.358 0.859 -0.366
1.025 0.366 0.413
0.278 -0.298 0.385
-0.663 0.748 -0.025
0.093 0.541 0.983
0.336 -0.198 0.355
0.266 0.673 -0.690
0.018 0.396 0.821
-0.449 -0.483 0.911
-0.864 0.476 0.166
-0.220 0.407 0.469
0.369 -0.317 0.827
0.619 0.689 0.376
0.201 0.246 0.436
0.836 -0.525 0.489
0.768 0.637 0.063
-0.226 0.364 1.074
0.445 -0.366 0.943
0.716 0.684 -0.140
0.200 0.387 1.287
-0.464 -0.344 1.134
-0.712 0.682 -0.165
-0.452 0.395 0.648
0.044 -0.319 0.154
0.505 0.700 -0.505
-0.065 0.603 1.036
0.459 -0.234 1.197
0.800 0.547 0.246
0.066 0.523 -0.041
0.540 -0.098 0.583
0.375 0.784 0.494
1.373 0.382 0.649
0.720 -0.247 1.070
-0.529 0.777 0.341
-0.724 0.496 0.508
0.084 0.014 0.847
0.445 0.876 0.186
0.043 0.323 0.815
-0.479 -0.245 0.179
-0.361 0.823 -0.439
0.481 0.256 1.151
0.120 -0.650 1.370
-0.775 0.423 0.469
0.479 0.578 1.144
0.287 -0.348 1.467
-0.474 0.376 0.796
