21
-0.864 0.368 2.171
-0.450 0.469 1.266
-0.042 0.995 0.092
-0.130 0.155 1.028
0.139 0.027 0.073
0.035 0.992 -0.123
-0.970 0.291 0.829
-0.512 0.157 -0.050
0.062 0.991 -0.119
-0.065 0.171 1.208
0.047 0.128 0.215
0.005 0.999 -0.043
-0.604 0.397 1.331
-0.092 0.101 0.525
0.158 0.955 -0.250
1.137 0.151 0.147
0.710 -0.003 -0.744
-0.066 0.988 -0.139
-0.933 0.375 1.436
-0.083 0.464 0.916
-0.076 0.996 0.047
-0.374 0.347 1.523
-0.937 -0.292 1.000
-0.468 0.769 -0.435
-1.669 0.482 -0.600
-0.744 0.127 -0.466
0.351 0.935 0.051
-1.911 0.206 -1.280
-0.942 0.326 -1.062
-0.117 0.993 -0.026
-0.722 0.376 -0.145
0.207 0.008 -0.129
0.368 0.930 0.006
1.929 0.087 0.347
1.042 0.219 -0.096
0.118 0.991 0.059
-0.709 0.130 -1.453
-0.942 -0.381 -0.626
-0.138 0.860 0.491
-0.703 0.344 -1.430
-0.865 -0.234 -0.631
-0.115 0.816 0.566
-0.732 0.316 0.615
-0.065 -0.076 -0.019
0.284 0.920 -0.270
-1.253 0.309 -0.691
-1.099 -0.349 0.046
0.135 0.753 0.644
1.117 0.283 0.068
0.236 0.211 -0.399
-0.064 0.997 -0.034
-0.942 0.447 0.906
-0.995 -0.186 0.133
-0.043 0.775 -0.631
1.966 0.106 0.499
1.350 -0.394 -0.110
-0.355 0.866 -0.351
-0.118 0.106 1.061
-0.632 0.149 0.204
0.022 0.999 0.037
0.352 0.172 -0.024
-0.554 -0.175 0.217
-0.336 0.938 0.090
