13
-1.478 0.552 -0.888
-1.115 -0.185 -1.457
0.397 0.676 -0.621
-1.366 0.540 -1.860
-1.447 -0.298 -1.320
-0.123 0.547 0.828
-0.109 0.469 -2.072
-0.641 -0.109 -1.453
-0.377 0.816 0.438
-2.483 0.675 -0.561
-1.999 -0.037 -1.070
0.490 0.703 -0.516
-1.259 0.799 -1.868
-1.797 -0.008 -1.626
-0.736 0.591 0.331
0.089 0.648 -1.024
-0.879 0.577 -1.266
-0.069 0.997 -0.017
-2.371 0.484 -2.121
-1.610 0.281 -1.506
0.158 0.979 0.128
-2.162 0.603 -1.938
-1.758 0.253 -1.092
0.151 0.937 0.316
-1.219 0.603 -1.871
-1.931 -0.041 -1.593
-0.600 0.765 0.234
-2.514 0.713 -0.929
-1.809 0.148 -1.356
0.484 0.825 -0.293
1.019 0.767 -1.213
0.290 0.173 -0.873
-0.538 0.805 0.250
0.947 0.523 -0.055
0.098 -0.004 -0.090
-0.526 0.850 -0.022
-2.151 0.812 -1.797
-1.617 0.537 -0.997
0.153 0.961 0.229
