19
0.253 0.285 -1.457
0.883 -0.404 -1.098
0.599 0.724 0.341
0.646 0.497 1.155
0.676 -0.166 0.406
0.026 0.749 -0.662
0.625 0.351 -0.274
0.077 -0.156 0.392
-0.322 0.862 0.391
0.582 0.393 -0.419
0.693 -0.094 0.448
0.062 0.874 0.483
-0.303 0.636 -0.097
0.105 -0.023 0.536
0.357 0.753 0.553
-0.114 0.576 -1.425
0.472 -0.228 -1.328
0.794 0.594 0.131
0.398 0.550 0.735
0.708 -0.200 0.150
0.352 0.662 -0.662
0.496 0.313 0.834
0.115 -0.228 0.085
-0.245 0.841 -0.483
1.022 0.351 0.720
0.261 -0.222 1.025
-0.531 0.820 0.213
0.067 0.388 -0.504
-0.153 -0.241 0.242
-0.178 0.778 0.603
-0.015 0.309 -0.784
0.520 -0.366 -0.276
0.490 0.738 0.464
1.385 0.374 0.517
1.050 -0.057 -0.321
-0.160 0.902 -0.400
0.801 0.608 0.136
0.739 -0.030 -0.632
-0.051 0.770 -0.636
-0.346 0.589 -0.242
-0.114 -0.214 0.308
0.312 0.597 0.740
0.818 0.461 0.622
1.023 -0.290 -0.007
0.233 0.661 -0.713
0.493 0.305 -0.724
0.611 0.068 0.240
0.029 0.971 0.236
0.024 0.504 0.888
0.402 0.109 0.051
0.162 0.919 -0.360
0.837 0.326 0.285
0.055 -0.264 0.488
-0.571 0.807 0.149
0.568 0.628 -0.124
-0.034 -0.141 0.093
-0.723 0.640 0.261
