401
-0.711 0.230 0.341
-0.825 -0.231 1.221
-0.029 0.887 0.462
-0.797 0.061 0.186
-1.533 -0.541 0.496
-0.545 0.798 0.256
-0.931 0.441 0.372
-1.561 0.414 -0.404
0.026 0.998 -0.055
-1.323 0.370 0.554
-0.981 0.126 -0.354
0.120 0.969 -0.216
-1.139 0.216 0.096
-0.366 -0.273 -0.311
0.405 0.871 -0.278
-0.876 0.335 -0.532
0.016 0.093 -0.149
0.240 0.969 0.053
-0.787 0.214 0.090
-0.163 -0.126 0.794
0.282 0.938 0.203
0.712 0.118 0.524
1.547 -0.283 0.147
0.364 0.916 -0.168
1.682 0.327 0.073
0.921 0.123 -0.544
-0.168 0.979 -0.116
1.785 0.189 0.177
1.389 -0.131 1.038
-0.174 0.946 0.272
1.897 0.140 0.487
2.746 -0.387 0.482
0.528 0.849 -0.017
1.948 0.236 -0.007
1.540 -0.288 -0.754
-0.286 0.851 -0.440
1.741 0.156 0.350
1.165 -0.243 1.064
-0.337 0.911 0.236
