14
-2.480 0.383 0.339
-1.524 0.232 0.089
0.145 0.989 -0.038
3.169 0.172 0.723
2.358 -0.171 0.249
-0.296 0.939 -0.173
-3.060 0.338 1.321
-2.287 0.215 0.698
0.096 0.992 -0.077
-2.794 0.255 0.082
-1.842 0.373 0.366
-0.113 0.993 -0.034
-2.889 0.469 1.810
-2.275 0.006 1.170
0.320 0.887 -0.334
1.957 0.510 -1.947
1.437 0.085 -1.206
-0.244 0.906 0.347
-2.908 0.137 -0.625
-1.971 0.349 -0.348
-0.203 0.977 -0.060
-2.210 0.251 -1.121
-1.457 0.413 -0.484
-0.123 0.987 -0.104
-3.155 0.303 0.682
-2.324 0.136 0.150
0.140 0.986 -0.090
-1.443 0.515 -0.558
-0.753 0.019 -0.031
0.394 0.868 0.301
2.540 0.360 -0.040
1.742 -0.214 -0.224
-0.559 0.819 -0.129
1.559 0.353 -1.858
1.083 0.130 -1.007
-0.109 0.975 0.194
2.356 0.184 -0.566
1.619 -0.275 -0.069
-0.381 0.888 0.257
-2.962 0.349 0.376
-2.228 -0.213 0.758
0.499 0.827 0.259
