34
1.648 -0.047 0.420
0.841 -0.328 -0.100
-0.237 0.960 -0.152
1.319 0.134 1.653
0.430 -0.148 1.290
-0.261 0.960 -0.106
0.225 -0.010 1.742
-0.218 -0.062 0.847
-0.023 0.999 -0.046
2.387 0.176 -0.581
1.396 0.075 -0.665
-0.101 0.995 -0.009
0.750 -0.167 2.750
-0.009 -0.423 2.152
-0.201 0.967 -0.158
2.041 -0.175 -0.067
1.050 -0.173 -0.199
0.002 1.000 0.000
-0.227 0.090 2.906
-0.739 0.058 2.048
-0.016 0.999 -0.027
-0.223 -0.075 2.197
-0.797 -0.476 1.483
-0.251 0.916 -0.312
-0.387 0.059 -2.331
-0.942 -0.429 -1.658
-0.311 0.873 0.377
0.659 -0.152 1.278
-0.255 -0.456 1.011
-0.292 0.953 -0.085
0.393 0.027 1.127
-0.541 -0.073 0.784
-0.094 0.995 -0.034
0.354 0.077 3.236
0.188 -0.123 2.270
-0.034 0.980 -0.197
1.015 0.026 2.229
0.621 -0.091 1.317
-0.046 0.993 -0.107
0.451 0.174 2.581
-0.250 -0.257 2.014
-0.336 0.902 -0.271
0.496 0.025 -2.636
-0.333 0.049 -2.077
0.020 1.000 -0.013
-0.545 0.062 2.509
-0.749 -0.444 1.671
-0.119 0.863 -0.491
0.181 -0.147 2.468
0.067 -0.355 1.497
-0.024 0.978 -0.206
1.126 -0.147 -1.244
0.297 -0.335 -0.718
-0.159 0.982 0.101
0.968 0.006 0.743
0.563 -0.326 -0.109
-0.142 0.943 -0.300
-1.046 -0.038 -2.420
-1.526 0.019 -1.544
0.027 0.998 -0.050
2.951 0.080 -0.707
2.045 -0.282 -0.490
-0.352 0.932 0.084
-1.860 -0.050 1.051
-1.522 -0.453 0.200
0.148 0.916 -0.374
0.519 -0.182 1.847
0.203 -0.145 0.899
0.011 0.999 0.034
-2.046 -0.193 1.392
-1.590 -0.478 0.549
0.136 0.959 -0.251
-1.436 0.174 1.563
-1.343 -0.417 0.762
0.068 0.807 -0.587
-0.203 -0.166 1.882
-0.213 -0.307 0.892
-0.001 0.990 -0.140
2.545 -0.018 -1.242
1.682 -0.229 -0.783
-0.186 0.977 0.099
0.626 -0.073 1.970
-0.263 -0.023 1.514
0.044 0.999 0.023
-0.428 0.053 2.791
-0.947 0.205 1.951
0.080 0.988 0.129
1.577 0.150 -0.787
0.750 -0.389 -0.626
-0.529 0.842 0.103
0.966 0.137 -2.213
0.250 -0.442 -1.823
-0.509 0.815 0.277
-1.482 0.131 1.648
-1.465 0.261 0.657
-0.002 0.991 0.130
1.357 0.169 0.965
0.547 -0.399 0.824
-0.560 0.822 -0.097
-2.502 0.095 0.939
-1.725 -0.296 0.447
0.331 0.920 -0.209
