9
1.054 0.350 1.301
0.641 -0.254 0.620
-0.313 0.797 -0.517
-2.681 0.420 -2.156
-2.366 -0.136 -1.387
0.211 0.831 0.515
1.482 0.473 -0.439
1.158 -0.122 0.297
-0.239 0.804 0.544
-2.743 0.421 -2.188
-2.158 0.203 -1.407
0.131 0.976 0.174
1.611 0.523 -0.775
1.459 -0.129 -0.032
-0.130 0.758 0.639
-3.641 0.407 -1.019
-3.025 -0.094 -1.628
0.356 0.865 -0.352
2.127 0.420 2.075
1.633 0.456 1.207
0.018 0.999 0.031
3.867 0.285 0.634
3.117 -0.353 0.807
-0.622 0.769 0.144
3.984 0.402 0.328
3.365 -0.158 0.880
-0.418 0.829 0.372
