18
2.550 0.287 1.400
1.927 -0.265 0.846
-0.413 0.834 -0.367
1.188 0.379 -2.507
0.927 -0.048 -1.641
-0.123 0.905 0.408
0.672 0.234 -3.787
0.330 -0.142 -2.926
-0.139 0.927 0.349
-1.446 0.335 -2.844
-1.140 -0.298 -2.134
0.251 0.774 0.582
-0.417 0.390 2.910
-0.166 -0.139 2.099
0.156 0.848 -0.506
0.602 0.235 3.088
0.876 0.002 2.156
0.066 0.972 -0.224
-1.406 0.219 -2.748
-0.714 -0.349 -2.303
0.478 0.823 0.307
-0.534 0.426 2.065
-0.182 -0.177 1.349
0.266 0.798 -0.541
-0.186 0.251 -3.406
-0.079 -0.036 -2.454
0.032 0.958 0.285
1.201 0.162 3.235
0.729 0.079 2.357
-0.039 0.997 -0.073
2.143 0.149 1.883
1.443 -0.031 1.192
-0.128 0.984 -0.126
-0.122 0.227 3.639
0.274 0.018 2.745
0.085 0.978 -0.191
1.065 0.393 2.896
1.032 -0.239 2.122
-0.027 0.775 -0.632
2.369 0.353 2.444
2.090 0.215 1.493
-0.039 0.990 -0.132
-2.752 0.052 -2.396
-1.834 0.041 -2.000
0.010 1.000 0.004
2.439 0.129 2.617
1.570 -0.117 2.189
-0.221 0.969 -0.109
1.233 0.171 3.314
0.618 -0.342 2.715
-0.368 0.859 -0.357
2.333 0.285 1.479
1.464 -0.122 1.200
-0.388 0.913 -0.124
