9
1.619 0.745 0.009
0.761 0.271 0.205
-0.463 0.880 0.105
1.103 0.822 -0.589
0.520 0.263 0.000
-0.393 0.829 0.398
-0.652 0.696 -1.269
-0.504 0.303 -0.361
0.063 0.919 0.388
2.636 0.877 0.589
1.704 0.521 0.661
-0.355 0.934 0.027
-0.778 0.558 -0.988
-0.266 -0.012 -0.345
0.355 0.822 0.446
2.181 0.618 0.317
1.202 0.573 0.116
-0.044 0.999 -0.009
-0.468 0.946 -1.557
-0.097 0.557 -0.714
0.157 0.921 0.356
1.844 0.616 0.133
0.896 0.330 -0.007
-0.283 0.958 -0.042
-0.653 0.861 -1.268
-0.649 0.598 -0.304
0.001 0.965 0.263
