14
-1.566 0.118 0.976
-0.925 -0.374 0.386
0.361 0.871 -0.333
-1.894 0.335 0.286
-1.108 -0.207 -0.012
0.506 0.841 -0.192
0.526 0.082 -1.397
0.030 -0.442 -0.704
-0.305 0.852 0.426
-1.902 0.207 -1.174
-1.239 -0.315 -0.637
0.405 0.853 0.328
-1.944 0.254 0.749
-1.527 -0.263 0.002
0.253 0.855 -0.452
0.166 0.294 0.553
-0.753 -0.101 0.575
-0.395 0.919 0.009
0.042 0.171 -0.756
-0.434 -0.225 0.029
-0.205 0.918 0.339
-0.913 0.218 0.429
-0.437 -0.463 -0.129
0.441 0.733 -0.518
-0.899 0.094 -1.952
-0.274 -0.218 -1.237
0.205 0.950 0.234
-0.902 0.101 -1.170
-1.269 -0.123 -0.266
-0.084 0.975 0.208
0.124 0.139 -1.362
-0.296 0.009 -0.464
-0.055 0.991 0.118
0.044 0.168 -0.769
-0.255 -0.400 -0.003
-0.206 0.823 0.529
-0.831 0.268 0.042
-0.087 -0.237 -0.395
0.436 0.863 -0.256
-1.899 0.179 -1.195
-1.916 -0.444 -0.413
-0.014 0.782 0.623
