14
1.689 0.928 -1.939
1.233 0.310 -1.299
-0.359 0.786 0.503
1.669 1.110 -2.560
1.287 0.611 -1.781
-0.219 0.867 0.447
2.794 0.983 0.566
2.034 0.511 0.119
-0.407 0.881 -0.239
-1.384 1.121 0.271
-0.504 0.668 0.130
0.447 0.892 -0.072
0.325 0.764 -2.078
0.648 0.173 -1.339
0.237 0.807 0.542
2.281 1.007 0.002
1.355 0.630 0.024
-0.376 0.926 0.009
-1.091 1.018 1.207
-0.957 0.377 0.451
0.112 0.767 -0.631
1.572 0.838 -1.217
1.072 0.129 -0.718
-0.501 0.706 0.501
-0.975 0.936 -1.138
-0.181 0.407 -0.839
0.495 0.849 0.187
-0.844 1.024 -1.216
-0.226 0.321 -0.865
0.612 0.711 0.347
1.765 0.729 -1.247
1.054 0.380 -0.637
-0.265 0.937 0.228
-0.910 1.114 -1.555
-0.801 0.761 -0.626
0.041 0.936 0.351
-1.218 0.897 -1.094
-0.308 0.551 -1.321
0.336 0.938 -0.084
-2.175 1.047 -1.182
-1.646 0.576 -0.476
0.282 0.882 0.377
