9
1.400 0.504 0.209
0.581 0.322 -0.336
-0.152 0.983 -0.101
1.008 0.243 0.118
0.017 0.247 -0.016
0.004 1.000 0.001
1.494 0.251 -1.466
0.507 0.270 -1.307
0.019 1.000 -0.003
1.244 0.415 1.841
0.653 0.420 1.035
0.003 1.000 0.004
1.464 0.578 1.084
1.017 0.449 0.199
-0.058 0.992 -0.115
-0.116 0.466 0.600
-0.242 0.231 -0.364
-0.030 0.972 -0.233
-1.523 0.562 -1.316
-1.462 -0.101 -0.571
0.054 0.748 0.661
-1.820 0.234 0.538
-1.686 -0.059 -0.409
0.041 0.956 -0.290
-1.856 0.346 0.662
-1.659 0.478 -0.310
-0.026 0.991 0.129
