14
-1.345 0.872 2.519
-1.610 0.664 1.577
-0.056 0.978 -0.200
3.270 0.573 0.299
2.323 0.255 0.246
-0.317 0.948 -0.018
0.340 0.739 1.995
-0.105 0.299 1.214
-0.218 0.898 -0.382
0.960 0.657 -3.067
0.200 0.615 -2.418
-0.032 0.999 0.028
1.377 0.702 0.517
0.631 0.701 -0.150
-0.001 1.000 -0.001
2.855 0.900 -1.094
1.926 0.532 -1.100
-0.368 0.930 -0.002
0.120 0.553 1.671
0.301 0.215 0.747
0.065 0.941 -0.331
2.727 0.568 -0.501
1.831 0.715 -0.920
0.133 0.989 0.062
2.795 0.594 -1.187
1.940 0.295 -1.609
-0.268 0.954 -0.132
-2.382 0.602 0.691
-1.615 -0.038 0.638
0.638 0.769 -0.044
2.891 0.879 -1.039
2.022 0.393 -1.126
-0.484 0.874 -0.048
2.258 0.936 0.532
1.333 0.556 0.517
-0.380 0.925 -0.006
1.011 0.685 -3.101
0.210 0.641 -2.504
-0.035 0.999 0.026
2.528 0.777 0.362
1.660 0.417 0.703
-0.336 0.933 0.131
