10
1.784 0.529 -0.847
0.882 0.114 -0.725
-0.411 0.910 0.056
0.633 0.582 -1.348
0.174 0.010 -0.668
-0.320 0.820 0.474
0.936 0.527 -1.118
0.047 0.145 -0.867
-0.367 0.924 0.104
1.016 0.563 -1.097
0.204 0.064 -1.402
-0.467 0.867 -0.175
0.640 0.608 -1.375
0.403 0.007 -0.611
-0.178 0.799 0.574
1.278 0.345 -0.990
0.448 0.008 -1.433
-0.298 0.941 -0.159
1.006 0.651 0.021
1.282 0.095 -0.763
0.185 0.831 -0.525
1.303 0.653 0.261
0.399 0.226 0.272
-0.426 0.904 0.005
0.982 0.416 -0.290
1.250 -0.370 -0.848
0.340 0.619 -0.708
-1.207 0.520 -2.157
-0.443 0.423 -1.519
0.075 0.995 0.062
