11
-1.541 0.192 -0.524
-0.621 0.305 -0.151
-0.104 0.994 -0.042
-1.034 0.327 -1.084
-0.412 0.400 -0.304
-0.046 0.997 -0.058
-1.490 0.505 -0.674
-0.886 0.057 -0.015
0.302 0.894 0.330
-0.613 0.193 1.105
-0.019 -0.339 0.502
0.374 0.846 -0.379
-0.031 0.290 -1.321
-0.156 -0.078 -0.400
-0.050 0.930 0.365
1.276 0.229 -1.189
1.495 -0.089 -0.267
0.074 0.948 0.310
-0.433 0.350 0.775
0.032 -0.236 0.111
0.336 0.811 -0.480
-1.356 0.288 -1.066
-0.877 0.369 -0.192
-0.039 0.997 -0.071
-1.552 0.559 -0.171
-0.930 -0.107 0.241
0.555 0.747 0.367
1.700 0.227 -0.727
1.228 -0.257 0.009
-0.261 0.875 0.408
-1.724 0.413 -0.042
-0.821 0.096 -0.332
0.302 0.948 -0.097
