15
2.175 0.255 1.458
1.244 0.003 1.194
-0.242 0.968 -0.069
1.874 0.615 1.173
1.117 0.215 0.657
-0.330 0.917 -0.225
0.424 0.629 1.002
-0.175 0.091 0.410
-0.382 0.843 -0.378
-2.463 0.494 1.253
-1.851 -0.131 0.770
0.491 0.780 -0.388
2.245 0.476 1.456
1.455 -0.022 1.098
-0.454 0.867 -0.206
1.266 0.364 -1.096
0.509 -0.003 -0.556
-0.299 0.930 0.213
-2.385 0.383 -0.166
-1.665 -0.292 -0.009
0.660 0.737 0.143
1.461 0.304 -1.680
0.646 -0.096 -1.262
-0.357 0.916 0.183
2.209 0.343 0.011
1.389 -0.113 0.356
-0.420 0.890 0.177
-2.860 0.497 0.316
-2.320 -0.117 -0.259
0.420 0.790 -0.447
0.445 0.576 -1.674
-0.098 0.113 -0.973
-0.284 0.886 0.366
1.875 0.356 1.180
1.166 -0.263 0.842
-0.559 0.785 -0.266
-2.860 0.341 0.506
-2.334 -0.095 -0.225
0.255 0.900 -0.354
1.856 0.289 0.371
1.323 -0.388 -0.136
-0.490 0.736 -0.467
2.234 0.460 0.010
1.513 -0.220 0.143
-0.670 0.732 0.124
