526
0.015 0.154 0.207
0.701 -0.356 0.727
0.424 0.860 0.285
0.691 0.020 -0.059
1.083 -0.400 0.760
0.354 0.890 0.287
-0.287 0.201 -0.283
0.152 -0.218 0.512
0.228 0.908 0.352
-0.541 0.203 -0.754
-0.615 -0.167 0.172
-0.017 0.929 0.370
-0.371 0.197 -0.314
-0.774 -0.075 0.560
-0.089 0.962 0.259
-0.121 0.238 -0.117
-0.669 0.040 0.695
-0.086 0.980 0.181
-0.484 0.217 0.690
-1.388 -0.145 0.917
-0.318 0.925 0.208
-0.350 0.170 0.834
-1.202 -0.196 0.458
-0.295 0.927 -0.233
-0.306 0.293 0.777
-0.941 0.145 0.019
-0.043 0.987 -0.157
-0.581 0.122 0.987
-1.183 -0.288 0.302
-0.286 0.912 -0.294
-0.239 0.253 0.800
-0.186 0.040 -0.176
0.055 0.976 -0.210
-0.154 0.072 0.914
0.011 -0.484 0.100
0.102 0.831 -0.547
-0.213 0.239 0.295
0.306 -0.048 -0.511
0.131 0.958 -0.257
-0.696 0.196 0.297
0.192 -0.260 0.238
0.456 0.890 -0.013
0.039 0.298 0.056
0.831 0.076 0.626
0.191 0.975 0.113
-0.271 0.305 0.649
0.701 0.076 0.597
0.231 0.973 0.025
