399
-1.384 -0.160 0.981
-0.579 -0.742 0.873
0.573 0.813 -0.105
-1.289 0.128 0.828
-0.647 -0.088 0.092
0.173 0.976 -0.135
0.404 0.076 0.724
0.352 -0.210 -0.233
-0.010 0.958 -0.286
1.216 0.005 0.053
0.308 -0.392 -0.084
-0.385 0.916 -0.112
0.441 0.056 -0.832
-0.239 -0.242 -0.162
-0.223 0.954 0.199
-1.003 -0.016 -0.585
-0.662 -0.418 0.265
0.179 0.915 0.362
-1.646 -0.203 0.221
-0.810 -0.735 0.354
0.515 0.845 0.144
-1.187 -0.146 -0.500
-0.377 -0.716 -0.642
0.563 0.821 -0.091
0.477 -0.109 -0.893
0.983 -0.663 -0.232
0.362 0.833 0.419
1.481 -0.233 -0.373
0.728 -0.851 -0.150
-0.596 0.786 0.164
1.451 0.203 -0.465
0.574 0.362 -0.918
0.119 0.986 0.117
1.338 -0.154 -0.564
0.680 -0.820 -0.914
-0.632 0.742 -0.223
