30
1.519 0.040 -0.644
0.785 -0.237 -0.023
-0.212 0.961 0.179
1.667 0.266 -1.332
0.931 -0.152 -0.800
-0.338 0.909 0.245
0.310 0.362 -0.172
-0.459 0.254 0.457
-0.084 0.994 0.069
-0.444 0.010 1.896
-1.205 -0.433 1.422
-0.376 0.896 -0.234
0.212 0.037 2.220
-0.589 -0.529 2.025
-0.550 0.824 -0.134
1.380 0.024 -0.368
0.768 -0.366 0.320
-0.259 0.921 0.291
2.213 0.272 -0.805
1.436 0.425 -0.194
0.120 0.988 -0.095
0.874 0.096 -0.580
0.092 -0.241 -0.056
-0.280 0.942 0.187
0.009 0.213 1.510
-0.479 -0.482 0.982
-0.472 0.719 -0.510
1.178 0.158 -0.964
0.362 -0.393 -0.790
-0.539 0.835 0.115
-2.368 0.140 1.298
-1.760 -0.478 0.801
0.479 0.786 -0.391
1.360 -0.038 -0.874
0.741 -0.593 -0.318
-0.413 0.831 0.372
2.110 -0.032 -0.602
1.440 -0.649 -0.191
-0.527 0.786 0.323
0.165 -0.036 -1.604
-0.067 -0.207 -0.646
-0.040 0.985 0.167
0.247 -0.034 2.238
-0.460 -0.638 1.869
-0.535 0.797 -0.279
0.860 0.033 -0.511
0.094 0.309 0.070
0.220 0.961 -0.167
0.783 0.034 0.061
0.108 -0.554 0.506
-0.492 0.808 0.323
-1.817 0.056 1.201
-1.060 -0.396 0.728
0.383 0.892 -0.239
0.034 0.189 -1.344
-0.009 -0.190 -0.419
-0.018 0.925 0.379
-0.751 0.013 -2.218
-0.525 -0.459 -1.366
0.121 0.881 0.457
1.932 0.066 -0.247
1.356 -0.212 0.522
-0.167 0.961 0.222
0.956 0.109 -0.742
0.248 -0.485 -0.360
-0.523 0.805 0.282
-1.161 0.295 1.129
-0.471 -0.315 0.741
0.532 0.792 -0.299
1.819 0.111 -1.257
1.080 -0.523 -1.030
-0.605 0.774 0.186
0.888 -0.027 0.113
0.118 -0.626 -0.106
-0.576 0.801 -0.164
-0.336 0.013 -1.826
-0.806 -0.225 -0.975
-0.115 0.971 0.209
-0.115 0.189 2.356
0.133 -0.119 1.437
0.080 0.952 -0.297
-1.266 0.045 1.106
-0.911 -0.598 0.427
0.298 0.766 -0.570
1.545 0.118 -0.783
0.590 -0.135 -0.626
-0.249 0.968 0.041
0.227 0.217 -1.728
-0.489 -0.038 -1.078
-0.189 0.967 0.171
