10
-2.886 0.254 0.976
-1.923 0.101 0.757
0.149 0.988 -0.034
-2.287 0.156 -1.181
-1.287 0.150 -1.187
0.006 1.000 -0.000
-2.594 0.182 -0.052
-1.767 0.218 -0.614
-0.029 0.999 0.020
4.627 0.177 -2.991
3.765 0.344 -2.511
0.145 0.986 -0.081
0.951 0.157 -3.430
0.883 -0.311 -2.549
-0.036 0.884 0.467
-2.722 0.013 0.399
-1.796 0.190 0.065
-0.167 0.984 0.060
1.183 0.353 -4.249
1.555 0.213 -3.331
0.052 0.990 0.129
0.759 0.309 1.522
0.685 -0.049 0.592
-0.029 0.934 -0.357
7.951 0.194 -1.313
7.164 0.279 -0.702
0.067 0.996 -0.052
-1.772 0.109 -1.046
-0.817 0.303 -1.272
-0.188 0.981 0.045
