15
4.953 0.380 -1.736
4.055 0.093 -1.404
-0.270 0.958 0.100
2.840 0.128 -1.378
1.965 -0.049 -0.927
-0.157 0.984 0.081
1.418 0.077 2.361
1.057 -0.161 1.459
-0.088 0.971 -0.221
4.647 0.174 -1.172
3.736 -0.206 -1.013
-0.375 0.925 0.066
4.918 0.226 -1.131
3.925 0.143 -1.215
-0.082 0.997 -0.007
3.485 0.321 0.709
2.488 0.381 0.661
0.060 0.998 0.003
-1.073 0.308 -2.750
-0.541 0.161 -1.916
0.079 0.989 0.123
-0.585 0.149 1.988
0.118 -0.094 1.319
0.176 0.970 -0.167
-3.301 0.324 -2.987
-2.496 0.349 -2.394
-0.020 1.000 -0.015
-1.113 0.378 -2.479
-0.715 0.181 -1.583
0.080 0.980 0.180
3.587 0.149 2.785
2.603 0.159 2.606
0.010 1.000 0.002
-1.169 0.102 -2.109
-0.547 -0.290 -1.431
0.265 0.920 0.289
0.895 0.330 -2.142
0.896 0.147 -1.159
0.000 0.983 0.184
2.929 0.227 -1.968
2.568 -0.416 -1.293
-0.303 0.766 0.567
1.450 0.200 2.161
1.489 -0.193 1.242
0.017 0.919 -0.393
