22
0.221 0.704 0.500
-0.109 -0.083 1.022
-0.420 0.617 0.666
-0.380 0.631 0.662
-0.706 -0.224 1.066
-0.537 0.519 0.665
-0.410 0.332 1.389
-0.825 -0.509 1.044
-0.648 0.540 -0.537
-0.808 0.353 0.552
-0.917 -0.446 1.143
-0.145 0.601 0.786
-0.474 0.510 0.192
-0.736 -0.192 0.855
-0.258 0.712 0.653
-0.091 0.702 1.208
-0.529 -0.033 0.690
-0.475 0.679 -0.560
0.339 0.343 1.101
-0.425 -0.186 1.470
-0.476 0.849 0.229
0.293 0.646 0.902
-0.146 -0.144 0.475
-0.567 0.612 -0.551
-0.231 0.702 1.576
-0.694 0.010 1.022
-0.444 0.722 -0.531
-0.820 0.499 1.876
-0.502 -0.117 1.155
0.249 0.787 -0.564
-0.507 0.420 1.362
-0.099 -0.403 1.757
0.592 0.568 0.572
-0.644 0.594 0.103
-0.289 0.007 0.831
0.258 0.810 0.527
-0.455 0.461 1.370
-0.460 -0.313 0.737
-0.007 0.633 -0.774
-0.572 0.522 1.025
-1.030 -0.364 0.951
-0.875 0.464 -0.142
-0.507 0.685 1.091
-0.124 -0.130 1.525
0.539 0.580 0.611
-0.645 0.574 1.388
-1.104 -0.288 1.174
-0.781 0.506 -0.365
-0.507 0.529 1.068
-0.480 -0.174 1.778
0.027 0.710 0.703
-1.182 0.397 1.396
-0.407 -0.104 1.012
0.449 0.865 -0.223
-0.645 0.408 1.024
-1.106 -0.435 0.746
-0.722 0.538 -0.435
-0.729 0.320 1.104
-0.058 -0.406 1.254
0.708 0.688 0.158
0.221 0.535 1.360
-0.018 -0.257 1.922
-0.309 0.610 0.729
0.091 0.490 0.664
-0.752 -0.031 0.525
-0.514 0.854 -0.084
