19
-2.318 0.493 1.454
-1.770 -0.027 0.799
0.334 0.854 -0.399
-2.119 0.287 1.924
-1.437 0.136 1.209
0.104 0.989 -0.109
-2.199 0.609 0.796
-1.477 0.398 0.137
0.156 0.977 -0.143
-1.196 0.461 1.808
-1.337 0.444 0.818
-0.002 1.000 -0.017
-2.047 0.467 0.797
-1.323 0.093 0.219
0.292 0.928 -0.233
-0.067 0.352 1.641
0.193 0.269 0.679
0.022 0.997 -0.080
-2.086 0.519 -0.330
-1.191 0.326 -0.734
0.175 0.981 -0.079
1.059 0.292 1.707
0.871 0.264 0.725
-0.005 1.000 -0.027
2.185 0.572 1.842
1.668 0.544 0.986
-0.015 1.000 -0.025
-2.326 0.393 1.974
-1.779 -0.159 1.345
0.362 0.834 -0.417
-1.916 0.354 -1.456
-1.020 -0.024 -1.690
0.365 0.926 -0.096
2.187 0.462 1.681
1.911 0.177 0.763
-0.082 0.959 -0.273
1.871 0.371 -1.988
0.908 0.176 -1.799
-0.191 0.981 0.037
-2.061 0.446 -2.584
-1.375 0.200 -1.900
0.174 0.969 0.174
-1.202 0.305 2.198
-1.332 -0.288 1.403
-0.096 0.805 -0.586
1.153 0.630 2.509
0.659 0.044 1.866
-0.357 0.810 -0.465
-1.239 0.430 1.932
-0.498 0.129 1.332
0.234 0.954 -0.189
1.856 0.540 -1.989
1.307 0.509 -1.154
-0.017 1.000 0.026
2.463 0.389 -1.390
1.898 0.193 -0.589
-0.113 0.981 0.160
