18
3.331 0.753 0.304
2.371 0.532 0.476
-0.218 0.975 0.039
-3.484 0.393 2.027
-2.564 0.297 1.647
0.089 0.995 -0.037
-2.013 0.704 3.283
-1.350 0.610 2.541
0.063 0.996 -0.070
3.228 0.539 1.991
2.231 0.463 1.990
-0.076 0.997 -0.000
4.112 0.546 -1.839
3.280 0.366 -1.314
-0.152 0.984 0.096
-1.666 0.638 -1.778
-1.194 0.216 -1.003
0.220 0.907 0.360
4.006 0.597 -2.989
3.057 0.455 -2.707
-0.137 0.990 0.041
-3.113 0.387 3.089
-2.408 0.028 2.478
0.271 0.933 -0.235
-0.368 0.742 3.624
0.004 0.365 2.776
0.151 0.926 -0.345
2.989 0.765 3.956
2.619 0.530 3.057
-0.089 0.972 -0.217
-2.730 0.708 3.154
-2.155 0.109 2.597
0.430 0.801 -0.417
2.582 0.466 -3.007
1.779 0.348 -2.423
-0.096 0.993 0.070
-3.490 0.382 2.060
-2.571 0.382 1.664
0.000 1.000 -0.000
-2.230 0.482 1.534
-1.534 -0.173 1.239
0.603 0.756 -0.256
-3.020 0.416 -0.302
-2.166 0.076 0.092
0.309 0.940 0.142
-2.365 0.573 -0.192
-1.541 0.423 0.355
0.125 0.989 0.083
-2.540 0.459 -0.221
-1.646 0.044 -0.052
0.407 0.910 0.077
2.566 0.576 -2.897
1.803 0.248 -2.340
-0.265 0.944 0.194
