17
0.375 0.375 3.204
-0.526 -0.057 3.184
-0.432 0.902 -0.021
-0.284 0.397 3.061
-1.129 -0.038 2.748
-0.399 0.900 -0.174
-1.727 0.375 2.549
-2.247 -0.148 1.873
-0.247 0.849 -0.467
-1.579 0.454 2.498
-1.763 0.038 1.607
-0.051 0.909 -0.414
-1.138 0.434 1.881
-1.178 -0.002 0.982
-0.037 0.900 -0.435
-0.475 0.393 -0.177
-0.542 -0.057 -1.068
0.009 0.892 -0.452
-0.149 0.388 -0.731
0.413 -0.088 -1.407
0.341 0.878 -0.335
0.166 0.442 -1.370
1.039 -0.021 -1.524
0.477 0.876 0.073
0.086 0.568 -1.259
0.965 0.288 -0.874
0.210 0.954 0.214
1.235 0.466 -0.626
1.870 0.065 0.034
0.218 0.913 0.345
1.973 0.464 -0.546
2.231 -0.005 0.299
0.008 0.876 0.483
2.930 0.467 0.031
2.805 0.062 0.937
-0.153 0.910 0.385
2.456 0.515 -0.101
1.638 0.172 0.361
-0.340 0.936 0.092
1.353 0.501 0.210
0.634 0.145 0.808
-0.364 0.924 0.114
0.736 0.464 1.414
-0.064 0.014 1.813
-0.442 0.889 0.116
0.546 0.499 1.184
-0.220 0.095 0.685
-0.290 0.911 -0.293
0.831 0.447 -0.664
0.184 -0.015 -1.270
-0.309 0.886 -0.346
2.077 0.417 -2.292
1.174 0.015 -2.447
-0.405 0.914 -0.013
