1149
0.359 -0.110 0.454
1.022 -0.561 1.051
0.353 0.892 0.283
0.188 -0.177 0.610
0.329 -0.749 1.418
0.124 0.820 0.559
0.134 0.153 0.624
0.863 0.354 1.277
-0.106 0.977 -0.183
0.419 -0.180 0.554
0.179 -0.680 1.387
-0.144 0.866 0.478
0.161 0.054 0.511
-0.130 0.001 1.467
-0.069 0.997 0.034
0.047 -0.019 0.587
-0.612 -0.238 1.307
-0.200 0.973 0.113
0.345 -0.187 0.814
-0.483 -0.742 0.731
-0.551 0.832 -0.068
0.001 -0.173 1.021
-0.321 -0.735 0.258
-0.217 0.827 -0.518
-0.063 -0.045 1.052
-0.095 -0.384 0.112
0.058 0.938 -0.341
-0.149 -0.119 0.634
0.360 -0.646 -0.048
0.334 0.850 -0.408
-0.315 0.104 0.924
0.339 0.109 0.167
0.062 0.996 0.061
0.068 -0.132 0.419
0.745 -0.553 1.023
0.366 0.904 0.220
0.118 0.009 0.630
0.742 -0.112 1.402
0.109 0.992 0.067
0.222 0.196 0.442
0.782 0.542 1.195
-0.201 0.938 -0.281
0.236 -0.046 0.687
-0.090 -0.327 1.590
-0.047 0.958 0.282
0.023 -0.194 0.585
-0.786 -0.754 0.763
-0.541 0.828 0.145
-0.937 -0.132 0.431
-1.387 -0.687 1.130
-0.315 0.832 0.457
-1.325 -0.120 0.141
-1.257 -0.664 0.978
0.081 0.839 0.538
-1.406 -0.100 0.197
-1.614 -0.594 1.041
-0.120 0.870 0.479
-0.929 -0.171 0.638
-1.630 -0.770 1.025
-0.515 0.801 0.306
