284
0.837 0.312 -0.744
0.470 -0.112 0.084
-0.171 0.906 0.388
0.939 0.262 -1.079
0.312 -0.305 -0.546
-0.473 0.822 0.317
0.861 0.245 -1.159
0.027 -0.305 -1.206
-0.548 0.836 -0.040
0.930 0.219 -1.306
0.089 -0.248 -1.032
-0.441 0.884 0.154
1.291 0.289 -1.492
1.461 -0.214 -0.645
0.077 0.864 0.498
0.115 0.260 -0.720
1.002 -0.166 -0.541
0.428 0.903 0.030
-0.893 0.155 -0.987
-0.186 -0.442 -1.366
0.531 0.802 -0.273
0.891 0.180 -0.163
0.583 -0.401 0.590
-0.297 0.811 0.504
0.917 0.249 0.327
0.095 -0.273 0.099
-0.496 0.853 -0.161
