10
0.358 0.418 -1.580
-0.025 -0.149 -0.851
-0.264 0.824 0.502
-0.249 0.508 -1.042
-0.488 -0.173 -0.349
-0.222 0.733 0.643
1.263 0.413 0.223
0.461 -0.107 -0.072
-0.488 0.854 -0.179
1.297 0.427 1.103
0.545 -0.158 0.798
-0.542 0.811 -0.219
-0.019 0.236 -1.133
-0.579 -0.275 -0.481
-0.333 0.860 0.387
-1.434 0.311 -0.954
-0.737 -0.315 -0.605
0.560 0.780 0.281
-2.000 0.409 -0.573
-1.212 -0.146 -0.306
0.525 0.832 0.178
0.587 0.427 -1.048
0.285 -0.187 -0.319
-0.235 0.789 0.567
1.306 0.307 0.336
0.736 -0.283 -0.235
-0.417 0.807 -0.418
-0.082 0.471 0.271
-0.731 -0.286 0.333
-0.754 0.653 0.071
