22
0.414 0.473 0.173
-0.321 -0.133 0.476
-0.561 0.795 0.230
0.942 0.252 0.745
0.224 -0.372 1.055
-0.573 0.781 0.247
-0.058 0.427 1.453
-0.267 -0.154 0.667
-0.149 0.814 -0.561
0.114 0.405 0.385
-0.723 -0.108 0.575
-0.500 0.858 0.114
1.120 0.542 0.604
0.507 -0.143 0.209
-0.576 0.729 -0.371
1.801 0.275 0.337
0.958 -0.203 0.090
-0.458 0.878 -0.135
-0.610 0.235 1.916
-0.710 -0.391 1.143
-0.080 0.780 -0.621
0.347 0.495 -0.659
-0.118 -0.305 -0.278
-0.618 0.601 0.507
2.378 0.494 0.567
1.658 -0.020 1.033
-0.431 0.858 0.279
0.142 0.446 0.365
-0.543 -0.081 -0.139
-0.424 0.850 -0.312
-1.760 0.254 -0.705
-1.058 -0.113 -0.095
0.277 0.930 0.241
-0.247 0.539 1.197
-0.293 -0.153 0.477
-0.045 0.722 -0.691
-0.253 0.476 -1.116
-0.190 -0.162 -0.349
0.053 0.770 0.636
0.522 0.218 -0.782
0.022 -0.436 -0.214
-0.432 0.756 0.491
1.861 0.203 0.933
1.015 0.392 0.433
0.163 0.982 0.096
-0.217 0.365 -2.022
-0.379 0.428 -1.037
0.010 0.998 -0.062
1.909 0.464 -0.115
1.468 -0.265 0.408
-0.471 0.684 0.557
0.234 0.169 -0.580
0.362 0.007 0.399
0.021 0.987 0.160
0.448 0.381 0.927
0.606 -0.244 0.162
0.127 0.781 -0.612
-0.909 0.348 -1.534
-0.603 0.110 -0.613
0.075 0.971 0.226
-0.851 0.300 1.590
-0.345 0.345 0.728
-0.023 0.999 0.039
-0.763 0.389 -0.757
-0.864 0.215 0.222
-0.018 0.985 0.172
