22
-0.916 0.016 1.799
-0.170 -0.429 1.304
0.371 0.895 -0.246
1.573 -0.079 -1.012
0.889 -0.608 -0.509
-0.426 0.848 0.314
-0.693 0.084 2.069
-0.096 -0.560 1.590
0.502 0.765 -0.403
1.165 0.174 2.207
0.534 -0.447 1.742
-0.500 0.784 -0.368
-1.076 -0.109 0.747
-0.192 -0.576 0.702
0.466 0.884 -0.024
0.617 0.023 2.150
0.371 -0.470 1.316
-0.139 0.870 -0.472
-0.820 0.164 0.762
0.006 -0.392 0.673
0.553 0.831 -0.060
-0.390 0.062 0.137
0.400 -0.551 0.157
0.613 0.790 0.015
-0.204 -0.092 -0.502
0.555 -0.671 -0.202
0.538 0.816 0.213
-0.210 0.155 -0.503
0.685 -0.222 -0.263
0.364 0.926 0.097
1.375 0.058 -0.661
0.734 -0.533 -0.171
-0.470 0.807 0.359
1.256 0.052 0.912
0.470 -0.530 0.706
-0.563 0.813 -0.148
1.720 0.023 1.430
1.517 -0.594 0.669
-0.159 0.787 -0.596
1.467 0.190 0.282
0.648 -0.381 0.339
-0.569 0.821 0.040
-0.709 -0.089 1.418
0.226 -0.313 1.146
0.216 0.974 -0.063
0.874 0.075 1.525
0.068 -0.405 1.177
-0.441 0.877 -0.190
-1.522 0.066 1.267
-1.238 -0.460 0.466
0.176 0.851 -0.496
-0.485 -0.078 -0.518
-0.068 -0.648 0.189
0.290 0.822 0.491
-0.233 0.259 1.416
0.034 -0.329 0.653
0.194 0.809 -0.555
-0.888 0.170 1.463
-0.288 -0.158 0.733
0.208 0.945 -0.253
0.674 0.102 0.199
-0.150 -0.408 -0.047
-0.488 0.860 -0.146
-0.559 0.102 0.127
0.130 -0.520 0.499
0.548 0.783 0.295
