19
-1.754 0.217 -1.627
-0.785 0.243 -1.380
-0.026 1.000 -0.007
-0.736 0.582 0.987
0.026 0.150 0.504
0.365 0.902 -0.231
-0.850 0.354 0.845
-0.092 -0.025 0.314
0.310 0.926 -0.217
-1.005 0.319 -0.590
-0.132 -0.016 -0.945
0.310 0.942 -0.126
0.330 0.308 -2.812
0.384 -0.195 -1.949
0.031 0.864 0.502
-1.127 0.415 -2.119
-0.497 -0.125 -1.560
0.404 0.842 0.358
-2.688 0.270 2.637
-1.750 -0.039 2.480
0.305 0.951 -0.051
0.404 0.516 -3.144
0.196 0.416 -2.171
-0.021 0.995 0.098
0.268 0.594 -2.896
-0.044 0.246 -2.012
-0.116 0.937 0.329
-1.603 0.475 -1.127
-0.712 0.306 -0.707
0.153 0.986 0.072
1.725 0.543 -2.515
1.199 -0.104 -1.964
-0.447 0.762 0.469
-2.912 0.431 1.983
-2.167 0.067 1.424
0.291 0.931 -0.218
2.333 0.324 -1.379
1.469 0.336 -0.876
0.010 1.000 -0.006
-2.866 0.228 1.945
-2.376 0.481 1.111
-0.128 0.968 0.218
1.421 0.595 -2.299
0.954 -0.032 -1.675
-0.376 0.779 0.502
0.420 0.280 0.908
0.028 -0.221 0.138
-0.228 0.865 -0.447
0.094 0.220 0.462
-0.297 -0.163 -0.375
-0.162 0.924 -0.347
-1.502 0.420 2.073
-0.640 0.030 1.749
0.365 0.921 -0.137
1.591 0.593 0.344
0.592 0.546 0.327
-0.047 0.999 -0.001
