13
-1.106 0.018 0.873
-0.945 -0.437 -0.003
0.142 0.889 -0.436
-1.116 0.035 0.909
-1.119 -0.370 -0.006
0.052 0.913 -0.404
-1.314 0.040 0.685
-0.733 -0.430 0.021
0.340 0.882 -0.326
-0.837 0.169 -0.076
-0.176 0.154 -0.826
0.001 1.000 -0.019
-0.776 0.056 -0.192
0.097 -0.349 -0.464
0.378 0.914 -0.146
-0.931 -0.080 0.124
-0.480 -0.820 -0.375
0.457 0.672 -0.583
-0.975 -0.054 0.370
-1.426 -0.687 -0.260
-0.319 0.773 -0.548
-0.648 0.035 -0.284
-0.787 -0.371 -1.187
-0.002 0.912 -0.410
-0.185 0.206 -0.399
0.539 0.280 -1.085
-0.035 0.997 0.070
-0.050 0.102 -0.400
0.856 -0.321 -0.373
0.423 0.906 0.003
0.109 -0.121 -0.630
-0.073 -0.928 -1.191
-0.356 0.586 -0.728
0.700 0.136 -0.694
-0.268 -0.035 -0.875
-0.169 0.985 -0.030
0.672 -0.067 -0.469
0.099 -0.846 -0.722
-0.731 0.626 -0.271
0.759 0.109 -0.459
-0.104 -0.164 -0.035
-0.265 0.961 0.079
