13
-0.307 0.453 0.461
0.412 0.343 -0.224
0.079 0.994 -0.076
0.857 0.529 0.408
1.221 0.201 -0.464
0.126 0.945 -0.303
-1.070 0.562 -0.172
-0.126 0.415 -0.469
0.141 0.989 -0.044
0.809 0.696 0.489
1.105 -0.013 -0.151
0.297 0.706 -0.643
-0.960 0.706 0.176
-0.138 0.158 0.329
0.538 0.837 0.100
-0.484 0.672 -0.679
0.254 0.072 -0.374
0.555 0.800 0.230
-0.909 0.592 0.208
-0.108 0.009 0.339
0.575 0.812 0.094
-1.242 0.715 -1.147
-0.336 0.482 -0.795
0.217 0.973 0.084
-0.677 0.755 -0.846
-0.036 -0.008 -0.923
0.758 0.646 -0.092
-1.671 0.752 -1.082
-1.237 0.283 -1.851
0.231 0.883 -0.408
0.046 0.704 -1.005
0.809 0.127 -0.712
0.538 0.817 0.207
-1.360 0.737 -0.070
-0.538 0.170 -0.132
0.565 0.824 -0.043
-1.760 0.759 -0.931
-0.865 0.312 -0.952
0.447 0.894 -0.010
