18
-1.775 0.801 -0.800
-1.066 0.607 -0.122
0.140 0.981 0.134
-0.452 0.800 -3.497
-0.234 0.609 -2.540
0.042 0.982 0.186
0.681 0.532 -4.400
0.508 0.312 -3.440
-0.039 0.976 0.216
-3.206 0.783 -0.179
-2.239 0.550 -0.070
0.231 0.973 0.026
2.654 0.608 -2.471
2.465 0.542 -1.492
-0.013 0.998 0.065
1.256 0.556 -3.077
0.864 0.540 -2.158
-0.006 1.000 0.015
-0.377 0.517 2.516
0.476 0.439 2.000
0.067 0.997 -0.040
2.395 0.448 1.518
1.486 0.076 1.330
-0.364 0.928 -0.075
0.173 0.818 -4.018
-0.149 0.848 -3.072
0.010 1.000 -0.029
1.015 0.649 -4.083
1.205 0.820 -3.116
-0.033 0.985 -0.168
-2.030 0.809 0.118
-1.055 0.590 0.093
0.219 0.976 -0.006
1.212 0.501 2.362
1.054 0.435 1.376
-0.010 0.998 -0.065
-0.962 0.484 1.079
-0.039 0.150 0.886
0.327 0.943 -0.068
-1.072 0.822 -2.109
-0.706 0.315 -1.328
0.215 0.862 0.459
1.634 0.634 -3.481
1.030 0.481 -2.699
-0.094 0.988 0.121
0.917 0.448 3.255
1.084 0.550 2.274
-0.017 0.995 0.100
4.544 0.563 -0.389
3.623 0.624 -0.775
0.056 0.998 0.024
4.618 0.486 -0.373
3.745 0.168 -0.005
-0.294 0.948 0.124
