398
-1.170 0.151 -0.013
-0.414 -0.488 0.132
0.628 0.769 0.119
-1.162 0.367 -0.028
-0.168 0.275 0.018
0.094 0.994 -0.046
-1.051 0.189 -0.027
-0.219 -0.337 -0.204
0.516 0.851 -0.101
0.332 0.168 -0.213
0.775 -0.437 0.449
0.289 0.795 0.533
0.148 0.152 0.118
-0.550 -0.543 0.291
-0.682 0.719 0.133
0.291 0.458 0.056
-0.671 0.507 -0.210
0.023 0.995 0.099
0.003 0.199 -0.052
-0.745 -0.405 0.222
-0.574 0.797 0.189
-1.124 0.134 -0.004
-0.593 -0.473 0.587
0.414 0.795 0.444
-1.376 0.291 0.052
-0.560 -0.123 -0.351
0.357 0.910 -0.211
-1.376 0.369 0.110
-0.730 0.260 -0.646
0.085 0.994 -0.071
-0.316 0.151 0.008
0.155 -0.499 -0.588
0.403 0.760 -0.510
-0.572 0.146 0.106
-0.870 -0.573 -0.523
-0.388 0.693 -0.608
