13
0.991 0.113 0.360
0.822 -0.577 1.064
-0.270 0.719 0.640
1.011 0.392 0.416
0.397 0.275 1.197
-0.112 0.992 0.062
1.160 0.211 0.459
0.782 -0.301 1.230
-0.289 0.857 0.428
0.022 0.165 0.323
-0.825 -0.366 0.313
-0.529 0.846 -0.062
0.222 0.385 0.601
-0.361 0.327 -0.209
-0.017 0.998 -0.060
0.535 0.144 0.039
0.813 -0.371 -0.771
0.228 0.855 -0.466
0.402 0.233 0.105
0.995 -0.158 -0.598
0.241 0.920 -0.308
0.664 0.162 -0.246
1.532 -0.317 -0.371
0.476 0.877 -0.057
0.466 0.109 -1.219
1.188 -0.545 -1.443
0.621 0.756 -0.206
1.314 0.134 -0.797
1.829 -0.507 -0.228
0.347 0.763 0.545
0.407 0.251 -0.084
0.352 -0.161 0.826
-0.009 0.911 0.412
0.751 0.130 -0.142
0.605 -0.450 0.660
0.009 0.810 0.587
0.225 0.178 -0.171
-0.038 -0.329 0.650
-0.079 0.859 0.506
0.295 0.184 -0.164
0.070 -0.311 0.675
-0.015 0.863 0.504
