11
-3.971 0.632 2.346
-3.254 0.659 1.649
-0.020 1.000 0.019
-2.121 0.604 4.824
-1.827 0.544 3.870
0.018 0.998 -0.057
2.281 0.814 2.314
1.452 0.671 1.773
-0.120 0.990 -0.078
3.423 0.773 -0.635
2.428 0.720 -0.718
-0.053 0.999 -0.004
5.261 0.916 1.533
4.278 0.762 1.432
-0.154 0.988 -0.016
2.417 0.568 2.606
1.532 0.658 2.150
0.080 0.996 0.041
5.057 0.560 1.944
4.125 0.394 1.622
-0.156 0.986 -0.054
-3.020 0.899 5.287
-2.953 0.896 4.290
0.000 1.000 -0.003
4.855 0.682 0.665
3.918 0.333 0.643
-0.349 0.937 -0.008
3.117 0.690 -4.082
2.784 0.626 -3.141
-0.021 0.998 0.060
-0.263 0.912 4.030
-0.763 0.997 3.169
0.043 0.996 0.074
