31
-2.553 0.200 0.090
-1.726 -0.360 0.049
0.559 0.828 -0.028
-2.074 0.187 -0.331
-1.207 -0.310 -0.309
0.497 0.868 0.012
0.706 0.423 -3.146
0.553 -0.076 -2.294
-0.088 0.866 0.492
-1.651 0.110 -0.877
-0.788 -0.376 -0.743
0.480 0.874 0.075
-2.031 0.155 -1.135
-1.125 -0.260 -1.053
0.414 0.910 0.038
-1.351 0.135 -1.578
-0.454 -0.152 -1.242
0.269 0.958 0.101
-1.587 0.171 -0.654
-0.687 -0.097 -0.998
0.251 0.963 -0.096
0.657 0.206 -3.217
0.734 -0.096 -2.266
0.024 0.953 0.301
-0.531 0.119 2.121
-0.555 -0.391 1.261
-0.014 0.860 -0.510
0.457 0.176 -2.371
0.411 -0.261 -1.473
-0.022 0.899 0.437
-0.571 0.141 0.997
-0.399 -0.453 0.212
0.128 0.804 -0.580
-0.652 0.301 1.918
-0.223 0.187 1.022
0.049 0.993 -0.103
-1.913 0.261 0.338
-0.956 -0.030 0.351
0.290 0.957 0.004
0.330 0.156 -2.510
0.353 -0.090 -1.541
0.006 0.969 0.247
-0.213 0.339 -2.203
-0.011 -0.054 -1.306
0.086 0.919 0.384
-0.709 0.197 3.087
-0.898 0.059 2.115
-0.026 0.990 -0.135
0.252 0.211 2.175
-0.116 -0.088 1.295
-0.116 0.954 -0.276
-2.556 0.453 -0.786
-1.600 0.339 -1.056
0.110 0.993 -0.031
-2.012 0.411 -0.372
-1.285 -0.032 -0.897
0.359 0.897 -0.259
2.562 0.190 1.434
1.809 -0.361 1.074
-0.497 0.834 -0.238
-2.106 0.457 0.467
-1.560 0.002 -0.236
0.279 0.891 -0.359
0.351 0.249 -1.752
0.012 -0.196 -0.923
-0.168 0.896 0.412
-1.077 0.144 0.558
-0.288 0.159 -0.055
-0.012 1.000 0.009
-0.865 0.449 1.193
-0.005 0.372 0.689
0.067 0.997 -0.039
0.899 0.089 1.999
0.761 0.121 1.009
0.004 0.999 0.032
-1.451 0.097 0.807
-0.661 -0.500 0.670
0.589 0.802 -0.102
-1.966 0.111 -0.196
-1.342 -0.509 0.280
0.493 0.784 0.377
1.548 0.094 1.826
0.942 -0.256 1.112
-0.226 0.937 -0.267
0.029 0.340 2.150
0.330 0.344 1.196
-0.001 1.000 0.004
-0.435 0.318 -2.524
0.245 -0.173 -1.978
0.383 0.871 0.307
-1.489 0.111 0.056
-0.631 -0.287 -0.269
0.372 0.918 -0.141
