14
-0.688 0.389 -0.037
0.103 0.150 0.526
0.195 0.971 0.138
-0.169 0.207 -0.192
-0.010 -0.176 0.718
0.066 0.924 0.378
-0.799 0.324 -0.820
0.014 -0.159 -0.494
0.448 0.876 0.180
-0.958 0.125 -0.166
-0.453 -0.380 0.533
0.296 0.863 0.410
-0.530 0.079 -0.843
0.228 -0.295 -0.310
0.306 0.927 0.215
0.410 0.266 -0.453
-0.040 0.074 0.419
-0.088 0.982 0.170
-0.953 0.355 -0.076
-0.040 0.293 0.326
0.057 0.998 0.025
1.403 0.335 -0.388
1.006 0.101 0.499
-0.096 0.972 0.214
1.389 0.366 -0.672
0.638 0.300 -0.014
-0.050 0.998 0.044
-0.758 0.232 0.762
0.208 -0.014 0.840
0.246 0.969 0.020
0.608 0.124 -0.478
0.031 -0.095 0.309
-0.129 0.976 0.176
-0.144 0.171 0.296
0.710 -0.286 0.542
0.439 0.889 0.126
0.322 0.183 1.137
-0.456 -0.445 1.150
-0.628 0.779 0.011
-0.890 0.129 0.774
0.073 -0.100 0.635
0.227 0.973 -0.033
