10
1.423 0.806 -1.297
1.211 0.140 -0.582
-0.189 0.746 0.638
-4.064 0.847 1.059
-3.239 0.330 0.831
0.498 0.856 -0.138
-4.115 0.903 -0.331
-3.198 0.594 -0.080
0.298 0.951 0.082
-1.797 0.938 2.515
-0.993 0.726 1.958
0.174 0.977 -0.120
-1.209 1.024 -0.153
-0.660 0.334 0.319
0.524 0.724 0.450
2.747 0.852 0.915
1.775 0.641 0.812
-0.209 0.978 -0.022
1.113 1.085 2.122
0.401 0.497 1.737
-0.517 0.809 -0.279
0.864 0.827 1.413
0.662 0.092 0.765
-0.219 0.678 -0.701
3.507 1.032 1.110
2.756 0.377 1.038
-0.653 0.755 -0.063
1.864 0.845 2.011
1.005 0.530 1.609
-0.285 0.949 -0.133
