18
-2.781 0.603 1.429
-1.822 0.558 1.148
0.043 0.999 -0.013
-1.721 0.567 3.736
-1.455 0.640 2.775
-0.020 0.997 0.070
-1.847 0.414 3.399
-1.545 0.416 2.445
-0.001 1.000 0.002
-1.534 0.626 3.527
-1.289 0.517 2.564
0.027 0.994 -0.106
2.874 0.515 0.299
2.149 0.392 -0.379
-0.090 0.992 -0.084
2.761 0.446 4.259
2.098 0.394 3.512
-0.035 0.999 -0.039
-1.403 0.376 0.382
-0.490 0.079 0.102
0.283 0.955 -0.087
2.348 0.498 0.674
1.438 0.282 0.321
-0.202 0.976 -0.078
-2.981 0.342 -3.673
-2.219 -0.094 -4.152
0.369 0.900 -0.232
-1.704 0.625 0.117
-0.722 0.653 -0.069
-0.027 1.000 0.005
2.445 0.451 -1.713
2.020 0.374 -0.811
-0.033 0.997 0.070
-3.022 0.492 1.699
-2.348 0.299 0.985
0.133 0.981 -0.140
-1.133 0.481 -1.758
-1.057 0.448 -0.762
0.002 0.999 0.032
3.168 0.605 4.643
2.946 0.808 3.689
0.046 0.979 0.198
4.083 0.358 2.307
3.098 0.214 2.207
-0.143 0.990 -0.015
0.467 0.625 -1.605
0.107 0.660 -0.673
0.013 0.999 -0.033
4.282 0.651 3.339
3.314 0.573 3.101
-0.075 0.997 -0.019
2.310 0.651 -1.474
1.503 0.226 -1.063
-0.378 0.905 0.193
