440
-0.536 0.293 0.432
0.289 -0.175 0.748
0.436 0.884 0.172
-0.197 0.229 0.834
0.691 -0.223 0.747
0.451 0.892 -0.033
1.064 0.102 -1.140
1.592 -0.380 -0.441
0.356 0.873 0.334
0.566 0.243 -0.475
0.287 -0.034 0.445
-0.172 0.956 0.236
0.401 0.128 1.255
-0.464 -0.367 1.343
-0.490 0.868 0.077
-0.037 0.186 2.726
-0.662 -0.318 2.130
-0.330 0.863 -0.384
-1.321 0.143 3.098
-1.598 -0.296 2.243
-0.156 0.898 -0.411
-3.071 0.121 2.130
-2.502 -0.293 1.420
0.269 0.911 -0.314
-1.951 0.183 0.178
-1.312 -0.263 -0.448
0.368 0.892 -0.261
0.155 0.161 0.062
-0.195 -0.221 -0.793
-0.208 0.922 -0.326
1.720 0.145 -0.756
0.975 -0.407 -1.131
-0.483 0.834 -0.266
0.324 0.153 -0.484
-0.036 -0.359 -1.264
-0.191 0.859 -0.476
-1.154 0.196 -0.491
-0.317 -0.324 -0.661
0.512 0.854 -0.091
0.180 0.232 0.007
0.855 -0.254 0.562
0.370 0.874 0.315
