927
-0.350 0.123 -0.286
-1.039 -0.093 -0.978
-0.071 0.970 -0.232
-0.185 0.177 -0.571
-0.952 0.107 -1.208
0.016 0.992 -0.128
-0.576 0.117 -0.323
-1.043 -0.169 -1.160
-0.077 0.956 -0.283
-0.288 0.080 0.124
-0.946 -0.287 -0.534
-0.209 0.928 -0.309
-0.068 0.118 0.118
-0.998 0.025 -0.238
-0.068 0.994 -0.082
-0.106 0.016 0.169
-1.013 -0.357 -0.026
-0.378 0.926 -0.018
0.003 0.078 0.373
-0.954 -0.177 0.512
-0.254 0.967 0.023
0.065 0.095 0.461
-0.839 -0.117 0.831
-0.188 0.977 0.100
0.414 0.038 0.840
-0.506 -0.260 1.092
-0.295 0.954 0.054
0.336 0.232 0.629
-0.392 0.355 1.303
0.085 0.992 -0.089
-0.093 0.032 0.180
-0.215 -0.360 1.092
0.072 0.913 0.401
-0.339 0.002 0.368
-0.050 -0.438 1.219
0.270 0.890 0.368
-0.426 0.100 0.836
0.462 -0.290 1.078
0.396 0.918 0.030
-0.597 0.015 1.320
0.213 -0.522 1.085
0.480 0.838 -0.259
-0.410 0.065 1.112
0.119 -0.363 0.380
0.250 0.903 -0.348
0.267 0.016 1.046
0.358 -0.468 0.175
-0.004 0.874 -0.486
-0.156 0.021 0.967
0.119 -0.429 0.117
0.083 0.892 -0.445
-0.771 0.034 0.417
-0.258 -0.411 -0.318
0.246 0.895 -0.371
-0.287 0.080 0.186
-0.199 -0.442 -0.662
0.129 0.850 -0.510
-0.822 0.106 0.192
-0.457 -0.224 -0.679
0.137 0.944 -0.301
