10
-1.357 0.017 0.457
-0.775 0.215 1.246
-0.118 0.980 -0.159
-1.393 0.276 0.302
-0.878 0.357 1.156
-0.042 0.997 -0.069
-0.339 0.106 0.805
0.621 -0.171 0.833
0.277 0.961 0.008
0.134 0.291 0.077
0.929 -0.225 0.398
0.478 0.857 0.193
0.122 0.053 0.027
0.804 -0.567 0.415
0.539 0.785 0.307
3.133 0.074 -0.608
2.235 -0.015 -0.178
-0.081 0.996 0.039
0.059 0.254 -0.246
0.351 -0.365 0.483
0.231 0.786 0.574
3.418 0.308 -0.202
2.428 0.388 -0.325
0.079 0.997 0.010
-1.559 0.284 -0.409
-0.882 0.433 0.311
-0.102 0.989 -0.108
2.931 0.063 -1.472
3.114 -0.324 -0.568
0.077 0.922 0.379
