1816
-1.301 -0.067 -0.874
-1.972 -0.467 -0.249
-0.141 0.895 0.422
-1.975 -0.086 1.718
-2.577 -0.564 1.079
-0.323 0.878 -0.353
-2.986 0.114 2.026
-3.090 -0.025 1.041
0.099 0.984 -0.149
-1.146 0.028 0.652
-2.017 0.040 0.162
-0.042 0.994 0.101
-1.795 0.098 0.689
-2.494 -0.131 1.367
-0.147 0.973 0.177
-2.100 0.038 1.366
-2.523 -0.228 2.232
-0.082 0.963 0.255
-2.939 0.060 2.124
-2.566 -0.456 2.895
0.217 0.857 0.467
-2.012 0.087 1.919
-2.227 -0.102 2.877
0.020 0.980 0.198
-2.498 -0.266 3.486
-1.661 -0.797 3.617
0.481 0.829 0.285
-2.621 -0.127 3.241
-2.509 -0.422 2.292
0.090 0.954 -0.285
-1.492 -0.094 1.037
-1.833 -0.397 0.147
-0.064 0.952 -0.299
-1.466 -0.015 -2.075
-2.321 -0.474 -1.834
-0.445 0.888 0.115
-1.303 0.163 -2.295
-1.486 0.009 -1.324
0.074 0.983 0.170
-1.303 0.122 -0.665
-0.388 -0.053 -1.027
0.176 0.984 -0.032
-1.538 0.154 -0.188
-1.761 0.259 -1.157
0.029 0.994 0.102
-1.311 0.065 -1.693
-1.293 -0.390 -2.583
0.104 0.887 -0.451
-0.420 0.165 -2.020
-0.927 0.008 -2.868
-0.136 0.986 -0.102
-0.672 0.077 -2.245
-0.591 -0.404 -3.118
0.131 0.874 -0.469
-0.245 0.021 -2.628
-0.145 -0.568 -3.429
0.057 0.807 -0.587
-1.093 0.216 -2.716
-0.700 0.186 -3.635
0.039 0.999 -0.016
