28
0.337 -0.058 0.054
0.136 -0.501 0.927
-0.095 0.897 0.433
0.738 -0.156 0.779
-0.043 -0.549 1.265
-0.296 0.918 0.266
0.591 -0.114 1.040
-0.335 -0.487 1.109
-0.363 0.925 0.114
0.548 -0.192 0.608
-0.351 -0.610 0.732
-0.393 0.900 0.188
0.631 0.137 0.053
0.206 0.146 0.959
-0.022 1.000 -0.020
0.380 0.032 0.232
-0.496 -0.068 0.704
-0.064 0.994 0.093
0.384 -0.171 0.779
-0.380 -0.657 0.354
-0.440 0.874 -0.207
0.154 -0.109 -0.042
-0.692 -0.569 -0.309
-0.459 0.885 -0.071
0.143 0.109 0.050
-0.855 0.050 0.028
-0.060 0.998 0.016
0.027 -0.122 -0.928
-0.828 -0.555 -0.643
-0.408 0.901 0.143
-0.116 -0.025 -0.437
-0.972 -0.476 -0.690
-0.462 0.887 -0.019
-0.146 0.179 0.066
-0.865 0.250 -0.625
0.036 0.997 0.066
-0.693 -0.084 0.213
-0.853 -0.440 -0.707
-0.108 0.933 -0.342
0.075 -0.141 0.094
-0.434 -0.646 -0.603
-0.349 0.861 -0.369
0.736 0.100 -0.521
0.057 0.118 -1.255
0.036 0.999 -0.009
0.278 -0.037 -0.458
0.298 -0.510 -1.338
-0.100 0.875 -0.473
-0.407 -0.139 -1.133
0.353 -0.614 -1.575
0.431 0.879 -0.204
-0.627 -0.086 -1.163
0.298 -0.439 -1.301
0.352 0.935 -0.036
-0.502 -0.039 -0.850
0.445 -0.328 -0.714
0.283 0.957 0.062
-0.545 0.038 -0.792
0.440 -0.110 -0.696
0.147 0.989 0.017
0.177 0.051 -0.124
1.127 -0.110 0.140
0.151 0.987 0.061
0.486 -0.161 0.892
1.296 -0.580 0.482
0.367 0.908 -0.202
0.493 0.076 -0.231
1.111 -0.026 0.548
0.107 0.993 0.045
1.048 0.063 -0.358
1.363 0.032 0.591
0.111 0.994 -0.005
0.548 0.015 -0.383
1.082 -0.188 0.438
0.103 0.979 0.174
0.387 0.148 -0.262
0.481 0.218 0.731
-0.034 0.997 -0.067
-0.160 0.150 -0.040
-0.283 0.195 0.952
0.018 0.999 -0.043
-0.688 0.109 0.379
-0.175 0.095 1.237
0.007 1.000 0.012
0.366 0.093 0.331
-0.407 -0.079 0.942
-0.121 0.985 0.124
