11
-0.684 0.455 1.022
-1.505 0.328 0.464
-0.104 0.992 -0.071
-0.143 0.208 1.187
-0.902 -0.400 0.958
-0.583 0.793 -0.176
-0.240 0.265 0.058
-1.170 -0.102 0.062
-0.367 0.930 0.002
-0.252 0.227 1.154
-1.069 -0.319 0.970
-0.532 0.838 -0.120
-0.800 0.361 0.070
-1.679 -0.104 0.179
-0.461 0.885 0.057
0.255 0.389 -1.139
-0.359 0.026 -0.439
-0.239 0.932 0.273
-1.753 0.440 1.294
-1.335 -0.224 0.674
0.371 0.748 -0.551
-0.360 0.477 -1.125
-0.921 -0.061 -0.496
-0.358 0.843 0.402
-0.030 0.247 -1.132
-0.565 -0.008 -0.327
-0.141 0.967 0.213
0.314 0.272 0.045
-0.569 -0.193 0.106
-0.464 0.885 0.032
-2.218 0.413 0.524
-1.447 -0.078 0.930
0.434 0.871 0.229
