13
1.113 0.317 -1.518
0.629 -0.043 -0.720
-0.187 0.933 0.308
1.242 0.202 -1.096
0.988 -0.304 -0.272
-0.149 0.863 0.484
1.224 0.269 -1.267
0.803 0.005 -0.399
-0.115 0.964 0.238
0.920 0.319 -1.486
0.488 -0.103 -0.689
-0.201 0.906 0.372
0.853 0.280 -0.418
-0.049 -0.102 -0.217
-0.373 0.924 0.083
1.266 0.153 0.571
0.274 0.225 0.683
0.071 0.997 -0.008
0.237 0.445 -0.675
0.518 0.015 0.183
0.134 0.903 0.409
0.227 0.413 -0.775
0.149 0.059 0.158
-0.029 0.935 0.353
0.743 0.372 0.657
-0.033 -0.257 0.598
-0.627 0.777 -0.048
-0.734 0.461 -0.760
-0.125 -0.107 -0.207
0.420 0.823 0.381
0.862 0.472 -0.419
0.205 -0.201 -0.081
-0.598 0.740 0.308
1.691 0.297 0.550
0.909 -0.108 0.076
-0.347 0.914 -0.210
-0.766 0.333 -0.241
-0.543 -0.006 0.673
0.080 0.941 0.329
