13
2.098 0.208 -0.325
1.475 0.138 0.454
-0.077 0.997 0.028
1.751 0.142 -0.017
0.947 -0.115 0.518
-0.233 0.966 0.112
0.994 0.036 0.466
0.172 -0.434 0.143
-0.436 0.883 -0.173
-0.542 0.032 0.676
-1.170 -0.562 0.175
-0.445 0.804 -0.394
-1.198 0.047 0.395
-0.950 -0.557 -0.363
0.264 0.795 -0.546
-0.476 0.043 0.214
-0.308 -0.381 -0.676
0.205 0.898 -0.389
-0.896 -0.052 0.428
-0.282 -0.658 -0.077
0.530 0.792 -0.304
-1.168 0.118 -0.014
-0.378 0.039 0.594
0.028 0.995 0.093
0.159 0.021 0.437
0.557 -0.364 1.270
0.161 0.923 0.350
1.034 0.107 0.167
0.137 -0.158 0.520
-0.268 0.962 0.043
1.425 0.186 0.082
0.714 0.211 -0.620
0.018 1.000 0.018
1.267 0.022 -0.399
0.439 -0.332 -0.833
-0.312 0.935 -0.166
1.554 0.112 -0.570
0.993 0.065 0.257
-0.100 0.995 -0.011
1.879 0.023 -0.454
1.331 -0.303 0.316
-0.265 0.941 0.210
