9
-1.446 0.810 -1.622
-1.321 0.388 -0.724
0.058 0.907 0.417
1.473 0.880 -0.803
0.533 0.696 -1.090
-0.175 0.983 -0.054
-1.495 0.844 -1.522
-1.231 0.121 -0.883
0.276 0.691 0.668
-0.178 0.893 -0.603
-0.935 0.418 -0.153
-0.409 0.880 0.243
1.626 0.820 -0.726
0.676 0.919 -0.430
0.094 0.995 -0.029
0.223 0.804 1.414
1.097 0.429 1.105
0.353 0.927 -0.125
-1.498 0.590 -1.516
-1.184 -0.056 -0.820
0.265 0.764 0.589
0.039 0.670 0.255
-0.875 0.271 0.173
-0.397 0.917 -0.036
-0.211 0.814 -0.537
-0.626 0.125 0.057
-0.395 0.725 0.565
