305
-0.313 0.532 -0.888
-0.935 0.094 -1.537
-0.272 0.898 -0.346
-0.105 0.566 -0.773
0.032 0.132 -1.664
0.135 0.899 -0.417
0.332 0.524 -1.369
1.246 0.131 -1.265
0.392 0.919 0.030
0.594 0.652 -0.691
0.722 0.313 0.241
-0.066 0.935 0.349
0.592 0.597 -0.496
-0.276 0.179 -0.228
-0.412 0.908 0.080
-0.289 0.496 -0.967
-0.766 -0.032 -1.670
-0.314 0.849 -0.424
0.165 0.532 -0.652
0.483 -0.005 -1.434
0.315 0.837 -0.448
0.752 0.550 -1.053
1.572 0.187 -0.610
0.264 0.926 0.270
0.417 0.594 -0.485
0.211 0.220 0.419
-0.168 0.924 0.344
0.054 0.600 -0.956
-0.829 0.169 -1.142
-0.419 0.902 -0.102
