24
5.854 0.384 1.399
4.989 0.507 0.913
0.107 0.992 0.060
4.483 0.441 -2.573
3.483 0.455 -2.579
0.014 1.000 0.000
6.357 0.437 2.713
5.549 0.525 2.131
0.072 0.996 0.052
5.314 0.323 -4.169
4.694 0.486 -3.401
0.102 0.987 -0.126
5.864 0.429 -1.444
4.954 0.633 -1.082
0.190 0.979 -0.075
5.750 0.266 2.841
4.939 0.255 2.257
-0.009 1.000 -0.006
5.411 0.198 -1.348
4.507 0.046 -0.948
-0.139 0.988 0.062
4.741 0.159 -4.048
3.779 -0.031 -3.852
-0.186 0.982 0.038
1.359 0.131 3.951
1.447 0.267 2.964
-0.012 0.991 0.136
2.100 0.347 -2.310
1.732 0.524 -1.397
0.066 0.984 -0.165
0.067 0.235 4.515
0.649 0.420 3.723
-0.109 0.983 0.149
0.015 0.294 2.561
0.569 0.419 1.738
-0.070 0.992 0.103
3.277 0.301 -3.307
3.054 0.501 -2.353
0.045 0.980 -0.194
0.809 0.247 5.225
1.540 0.421 4.565
-0.129 0.985 0.117
-0.504 0.428 -0.180
0.335 0.593 0.338
-0.141 0.986 -0.087
6.973 0.369 3.504
6.519 0.518 2.626
0.068 0.989 0.132
0.118 0.239 4.727
-0.120 0.107 3.765
-0.032 0.991 -0.128
4.142 0.161 3.628
3.945 0.228 2.650
0.013 0.998 0.065
2.035 0.188 -2.560
2.624 0.285 -1.757
-0.057 0.995 -0.078
-2.084 0.473 -1.836
-1.899 0.091 -0.931
0.076 0.924 0.374
2.805 0.384 4.012
2.419 0.166 3.116
-0.086 0.976 -0.200
6.571 0.085 4.088
5.580 -0.040 4.133
-0.124 0.992 0.006
6.885 0.431 3.146
6.868 0.485 2.147
0.001 0.999 0.054
-0.637 0.388 -1.790
-0.476 0.262 -0.811
0.020 0.992 0.124
