11
-1.404 0.002 0.552
-2.177 -0.454 0.993
-0.418 0.889 0.187
-1.568 0.030 0.120
-1.921 -0.524 -0.633
-0.167 0.830 -0.533
-1.108 0.115 -0.348
-0.413 -0.268 -0.956
0.291 0.924 -0.249
-1.056 0.119 -0.381
-0.251 -0.247 -0.848
0.318 0.931 -0.181
-0.659 0.150 -0.545
0.253 -0.149 -0.263
0.294 0.954 0.060
-0.538 0.131 -0.481
-0.215 -0.186 0.411
0.055 0.947 0.316
-0.407 0.172 -0.582
-0.481 -0.083 0.382
-0.184 0.954 0.239
-0.389 0.174 -0.255
-1.363 -0.036 -0.349
-0.201 0.976 -0.088
-0.946 0.052 -0.682
-0.683 -0.459 -1.501
0.152 0.860 -0.487
-0.386 0.087 -0.667
0.466 -0.401 -0.857
0.464 0.872 -0.158
0.937 0.278 0.052
1.239 -0.108 0.923
0.076 0.921 0.382
0.965 0.377 0.375
0.652 -0.012 1.241
-0.295 0.907 0.300
