21
-0.473 0.477 1.289
0.036 0.374 0.435
0.052 0.995 -0.088
-0.563 0.447 1.318
0.048 0.463 0.527
-0.010 1.000 0.013
0.776 0.201 -1.479
1.279 0.206 -0.615
-0.002 1.000 -0.004
-0.738 0.342 1.466
-0.373 0.188 0.548
0.057 0.988 -0.144
1.941 0.291 0.395
1.679 0.092 -0.549
-0.053 0.980 -0.191
0.558 0.144 0.812
0.307 -0.002 -0.145
-0.037 0.989 -0.141
-0.047 0.150 1.256
-0.161 0.003 0.273
-0.017 0.989 -0.147
-1.282 0.228 0.034
-0.284 0.201 -0.022
0.026 1.000 -0.001
-1.477 0.352 -1.418
-0.681 0.302 -0.815
0.040 0.999 0.030
-1.237 0.107 -1.494
-0.425 -0.096 -0.948
0.169 0.979 0.113
-0.246 0.143 1.217
0.320 -0.179 0.459
0.193 0.947 -0.259
-0.634 0.098 1.752
-0.910 -0.395 0.927
-0.156 0.870 -0.468
-0.780 0.257 2.144
-0.122 0.322 1.395
-0.043 0.998 0.049
-0.001 0.139 -1.597
0.528 -0.003 -0.760
0.076 0.990 0.120
-0.921 0.400 -0.838
-0.124 0.110 -0.307
0.240 0.957 0.160
0.087 0.160 1.624
-0.336 -0.220 0.801
-0.173 0.925 -0.337
-1.353 0.097 -1.457
-0.644 0.330 -0.792
-0.170 0.972 -0.160
-1.464 0.239 0.091
-0.559 -0.138 -0.106
0.368 0.926 -0.080
-0.642 0.169 2.100
0.008 0.098 1.343
0.046 0.998 -0.053
-1.996 0.424 -0.681
-1.645 -0.264 -0.045
0.332 0.727 0.602
-1.170 0.269 -0.380
-0.302 -0.081 -0.029
0.325 0.937 0.131
