24
-1.110 0.152 -0.036
-0.281 -0.403 0.034
0.547 0.831 0.099
-1.046 0.440 -0.011
-0.065 0.465 0.182
-0.030 0.999 0.028
-1.081 0.235 -0.089
-0.197 -0.135 -0.374
0.352 0.929 -0.114
-0.426 0.058 -0.069
0.001 -0.635 -0.649
0.419 0.720 -0.553
0.282 0.179 -0.045
0.017 -0.303 -0.880
-0.108 0.875 -0.471
0.253 0.518 0.019
-0.118 0.660 -0.898
0.066 0.990 0.126
-0.001 0.250 0.078
-0.624 -0.079 -0.633
-0.210 0.945 -0.252
-0.089 0.059 -0.045
-0.385 -0.612 -0.724
-0.280 0.741 -0.610
-0.450 -0.032 -0.827
-0.170 -0.827 -1.364
0.394 0.606 -0.691
-0.600 0.032 -0.326
-0.082 -0.625 -0.873
0.439 0.754 -0.489
-0.544 -0.344 -0.205
-0.049 -0.861 -0.903
0.293 0.856 -0.427
-0.406 -0.452 0.082
0.195 -0.883 -0.592
0.264 0.902 -0.341
-0.156 0.053 0.005
-0.269 -0.555 -0.781
-0.159 0.791 -0.590
-0.033 0.143 -0.133
-0.901 -0.300 -0.357
-0.440 0.895 -0.068
-0.258 0.379 -0.009
-1.257 0.415 0.002
0.037 0.999 0.022
-0.233 0.344 0.249
-1.126 0.211 0.680
-0.099 0.990 0.101
-0.531 0.228 0.305
-1.327 -0.075 0.830
-0.238 0.953 0.189
-1.007 -0.041 0.240
-1.155 -0.804 0.869
-0.042 0.640 0.767
-0.859 -0.031 0.902
-1.212 -0.875 1.306
-0.451 0.532 0.717
-1.232 -0.050 0.755
-1.661 -0.854 1.167
-0.466 0.588 0.662
-0.714 0.233 0.411
-1.413 -0.143 1.020
-0.254 0.926 0.280
-0.528 0.511 0.306
-1.003 0.586 1.182
0.006 0.997 -0.082
-1.094 0.106 0.393
-0.748 -0.432 1.161
0.296 0.840 0.455
-1.384 0.370 0.174
-0.502 0.226 0.622
0.142 0.989 0.038
-1.322 0.243 -0.028
-0.394 -0.130 -0.003
0.373 0.927 -0.046
