17
3.214 0.521 -0.465
2.370 0.207 -0.029
-0.279 0.949 0.144
-2.749 0.335 -2.192
-2.027 0.123 -1.533
0.157 0.977 0.143
-2.964 0.486 -0.865
-2.110 0.488 -0.345
-0.001 1.000 -0.001
3.102 0.689 0.357
2.253 0.296 0.710
-0.363 0.919 0.151
1.849 0.327 -0.399
1.344 -0.110 0.345
-0.245 0.900 0.362
-2.297 0.342 0.582
-1.302 0.277 0.651
0.066 0.998 0.005
-1.015 0.533 -0.986
-0.780 -0.051 -0.209
0.169 0.812 0.559
0.491 0.373 -0.385
1.160 0.225 0.343
0.100 0.989 0.109
-2.150 0.659 -1.086
-1.683 0.159 -0.357
0.270 0.866 0.422
-1.159 0.621 -0.563
-1.035 -0.070 0.149
0.119 0.723 0.680
0.498 0.660 -0.435
1.208 0.104 -0.004
0.476 0.831 0.289
3.380 0.355 0.817
2.467 0.031 0.568
-0.312 0.946 -0.085
-2.022 0.413 -1.486
-1.580 -0.065 -0.727
0.241 0.878 0.413
-3.443 0.408 0.626
-2.540 0.315 0.207
0.085 0.996 -0.039
-2.114 0.382 0.830
-1.318 -0.076 0.433
0.409 0.889 -0.204
-2.619 0.584 0.538
-1.712 0.604 0.957
-0.018 1.000 -0.008
-2.062 0.597 0.381
-1.158 0.554 -0.043
0.039 0.999 -0.018
