568
-1.557 0.486 -0.773
-0.722 0.143 -0.343
0.325 0.938 0.117
-1.644 0.524 -0.742
-0.661 0.407 -0.603
0.122 0.992 -0.029
-0.076 0.433 -0.117
0.851 0.093 -0.276
0.336 0.940 -0.052
0.616 0.517 -0.413
1.526 0.256 -0.090
0.259 0.965 0.052
0.315 0.464 -0.257
0.243 0.131 0.684
-0.015 0.943 0.333
0.095 0.424 0.160
-0.681 -0.056 0.570
-0.412 0.877 0.247
0.607 0.497 0.288
-0.192 0.165 -0.213
-0.315 0.941 -0.122
-0.013 0.406 -0.219
0.167 -0.119 -1.051
0.135 0.851 -0.508
-0.531 0.545 -0.287
0.365 0.412 -0.711
0.138 0.990 -0.018
-0.243 0.525 -0.298
0.721 0.262 -0.341
0.262 0.965 -0.028
-1.264 0.484 -0.784
-0.638 0.115 -0.097
0.232 0.929 0.287
-1.609 0.358 -0.715
-2.291 -0.204 -0.247
-0.506 0.824 0.254
-1.154 0.601 -0.183
-2.007 0.449 -0.683
-0.132 0.988 -0.075
-1.325 0.420 -0.616
-2.124 -0.004 -1.043
-0.403 0.904 -0.142
-2.028 0.404 -0.912
-1.894 0.016 -0.000
0.108 0.921 0.376
-2.214 0.469 -0.963
-1.260 0.337 -1.231
0.093 0.984 -0.153
-2.411 0.324 -1.069
-2.102 -0.328 -1.761
0.275 0.758 -0.591
-2.105 0.453 -0.818
-1.258 0.037 -0.487
0.376 0.909 0.179
