16
0.155 0.340 0.202
-0.012 0.360 -0.784
0.038 0.999 0.014
0.107 0.147 0.114
0.050 -0.217 -0.816
-0.015 0.931 -0.364
0.268 0.188 -0.033
0.775 -0.146 -0.828
0.162 0.942 -0.293
0.393 0.381 -0.218
1.334 0.117 -0.431
0.256 0.965 -0.065
0.478 0.254 -0.329
1.320 -0.042 0.122
0.268 0.955 0.128
0.491 -0.072 0.184
1.104 -0.797 0.498
0.655 0.689 0.309
0.456 -0.168 0.365
0.657 -0.991 0.896
0.312 0.568 0.762
0.331 0.185 0.112
0.350 -0.135 1.059
0.034 0.947 0.319
0.234 0.046 0.118
-0.016 -0.461 0.943
-0.093 0.860 0.501
0.046 0.089 0.062
-0.715 -0.348 0.541
-0.350 0.899 0.263
0.536 0.245 -0.284
-0.415 0.123 0.000
-0.105 0.992 0.075
0.097 0.318 0.195
-0.866 0.089 0.337
-0.226 0.973 0.040
0.057 -0.089 -0.087
-0.533 -0.742 -0.561
-0.466 0.755 -0.460
-0.005 0.135 0.193
-0.086 -0.241 -0.729
-0.060 0.926 -0.372
-0.637 0.023 -0.110
-1.155 -0.611 -0.684
-0.242 0.752 -0.613
-0.509 0.467 0.809
-1.336 0.030 1.162
-0.394 0.899 0.190
0.487 0.172 0.306
0.536 -0.144 1.254
0.031 0.949 0.314
