29
-0.692 -0.079 -0.051
-1.606 -0.468 -0.169
-0.386 0.921 -0.050
0.998 -0.285 0.969
0.092 -0.261 0.545
0.021 1.000 0.010
-1.127 -0.085 -0.356
-2.094 -0.284 -0.199
-0.197 0.980 0.032
1.020 -0.232 0.985
0.139 -0.667 0.796
-0.425 0.901 -0.091
0.268 -0.265 1.755
-0.264 -0.098 0.925
0.090 0.986 0.141
-2.521 -0.188 -0.028
-1.582 -0.532 -0.009
0.344 0.939 0.007
1.065 -0.177 0.368
0.178 -0.172 -0.094
0.004 1.000 0.002
0.156 -0.016 1.029
-0.783 -0.107 0.698
-0.085 0.996 -0.030
-1.055 -0.232 -1.383
-1.886 -0.189 -0.828
0.036 0.999 -0.024
-1.279 -0.211 -1.121
-0.859 -0.657 -0.331
0.209 0.895 0.394
-2.537 -0.341 -0.038
-1.548 -0.421 0.088
0.079 0.997 0.010
-2.181 -0.001 -1.628
-1.812 -0.419 -0.798
0.170 0.908 0.383
-1.226 -0.041 -0.215
-2.113 -0.460 -0.023
-0.409 0.908 0.089
-2.013 -0.026 -1.866
-1.979 -0.535 -1.006
0.020 0.861 0.509
-2.191 -0.032 -0.447
-1.323 -0.066 0.048
0.029 0.999 0.017
0.707 -0.039 0.118
-0.293 -0.023 0.149
0.015 1.000 -0.000
-1.562 -0.112 -1.304
-0.786 -0.244 -0.687
0.103 0.991 0.082
0.195 -0.277 1.742
0.116 -0.783 0.883
-0.046 0.863 -0.504
0.743 -0.184 1.875
1.163 -0.385 0.990
0.086 0.980 -0.181
0.916 -0.123 0.431
-0.040 0.022 0.174
0.140 0.989 0.038
0.345 -0.063 1.161
0.091 -0.588 0.349
-0.157 0.851 -0.501
-1.612 -0.317 0.623
-1.516 -0.517 -0.352
0.020 0.980 -0.199
-0.309 -0.213 0.576
-0.710 -0.467 -0.304
-0.105 0.967 -0.231
-1.886 -0.139 -0.249
-0.916 -0.153 -0.010
0.014 1.000 0.003
-1.284 -0.252 -1.057
-2.138 -0.670 -0.748
-0.393 0.909 0.142
1.342 -0.323 0.562
0.504 -0.864 0.628
-0.540 0.841 0.042
-2.644 -0.051 -0.706
-1.812 -0.379 -1.153
0.289 0.945 -0.155
-0.305 -0.362 1.535
-0.634 -0.173 0.610
0.063 0.982 0.178
1.273 -0.247 0.846
0.471 -0.835 0.748
-0.584 0.809 -0.071
