28
-0.491 -0.440 0.193
-0.113 -0.754 1.064
0.114 0.949 0.293
-0.928 -0.522 -0.407
-0.771 -0.997 0.459
0.090 0.880 0.467
-1.351 -0.499 -0.110
-1.016 -0.853 0.763
0.068 0.933 0.353
-0.101 -0.456 0.303
-0.147 -0.738 1.261
0.050 0.957 0.285
0.529 -0.596 0.233
0.611 -1.174 1.045
0.076 0.816 0.573
0.434 -0.198 0.217
0.487 -0.012 1.198
0.003 0.982 -0.186
0.263 -0.357 0.307
-0.130 -0.557 1.205
-0.138 0.978 0.157
0.465 -0.507 0.427
-0.392 -1.022 0.453
-0.515 0.853 -0.081
0.117 -0.433 0.354
-0.800 -0.750 0.109
-0.297 0.948 -0.114
-0.904 -0.432 -0.150
-1.658 -0.908 0.303
-0.449 0.876 0.174
-0.797 -0.263 -0.431
-1.596 -0.217 0.169
0.006 0.998 -0.069
-0.823 -0.254 -0.396
-1.782 -0.221 -0.113
0.012 0.997 -0.072
-0.738 -0.167 -0.567
-1.440 0.408 -0.148
0.487 0.818 -0.307
-0.986 -0.484 -0.048
-1.846 -0.898 -0.346
-0.405 0.910 -0.095
-1.812 -0.519 0.611
-2.271 -1.007 -0.132
-0.371 0.865 -0.339
-1.906 -0.404 0.126
-1.674 -0.608 -0.825
0.076 0.979 -0.191
-1.556 -0.280 0.422
-1.437 -0.308 -0.571
0.041 0.999 -0.023
-1.417 -0.186 0.615
-1.543 0.284 -0.259
0.149 0.880 0.452
-1.372 -0.401 0.257
-0.831 -0.658 -0.544
0.142 0.966 -0.215
-1.530 -0.465 -0.145
-0.760 -0.938 -0.574
0.430 0.880 -0.200
-1.456 -0.314 -0.245
-0.500 -0.476 -0.492
0.169 0.986 0.004
-1.620 -0.528 -0.199
-0.856 -1.063 0.161
0.458 0.843 0.281
-1.221 -0.380 0.111
-0.355 -0.653 0.530
0.256 0.962 0.099
-1.519 -0.280 -0.019
-0.672 0.195 0.222
-0.435 0.878 -0.201
-1.514 -0.307 0.081
-0.527 -0.221 0.214
-0.084 0.996 -0.022
-0.559 -0.476 -0.065
-0.001 -0.852 0.674
0.233 0.927 0.295
0.512 -0.481 0.316
0.545 -0.949 1.199
0.129 0.878 0.460
0.650 -0.486 0.535
-0.153 -1.050 0.341
-0.547 0.826 -0.136
0.664 -0.432 0.723
0.420 -0.892 -0.130
-0.171 0.887 -0.429
