19
0.896 0.315 0.781
0.007 0.145 0.356
-0.153 0.986 -0.073
0.035 0.487 1.075
-0.223 0.239 0.142
-0.066 0.969 -0.240
1.055 0.263 -0.384
0.184 -0.226 -0.345
-0.489 0.872 0.021
1.012 0.320 0.841
0.143 -0.118 0.611
-0.423 0.899 -0.112
1.063 0.291 0.312
0.262 -0.209 -0.016
-0.462 0.866 -0.189
1.077 0.561 0.307
0.187 0.131 0.457
-0.424 0.903 0.071
-0.965 0.340 -1.566
-1.018 -0.079 -0.660
-0.024 0.908 0.419
0.968 0.411 0.076
0.335 -0.353 0.208
-0.747 0.646 0.156
0.357 0.525 1.242
0.330 -0.116 0.475
-0.022 0.768 -0.641
0.611 0.594 0.633
0.091 -0.067 0.092
-0.458 0.751 -0.476
1.233 0.253 -0.058
0.578 -0.373 0.364
-0.526 0.779 0.340
-0.312 0.204 -1.406
-0.373 -0.287 -0.537
-0.035 0.871 0.490
0.747 0.242 1.444
0.600 -0.287 0.609
-0.092 0.848 -0.522
-0.936 0.507 -1.627
-0.464 0.374 -0.756
0.064 0.991 0.117
-0.543 0.309 -1.080
-0.073 -0.184 -0.348
0.266 0.870 0.415
-0.616 0.568 -0.770
-0.104 -0.017 -0.141
0.369 0.811 0.454
0.768 0.374 0.418
0.115 -0.377 0.518
-0.742 0.660 0.114
-0.019 0.532 -0.492
0.371 -0.194 0.075
0.412 0.688 0.598
-1.138 0.332 -1.203
-0.487 -0.066 -0.558
0.283 0.917 0.280
