19
-2.127 0.166 -0.318
-1.208 0.045 0.058
0.112 0.993 0.046
-1.248 -0.021 -0.661
-0.343 -0.269 -0.314
0.231 0.969 0.089
-0.769 0.089 -1.499
-0.533 0.085 -0.528
0.001 1.000 0.004
0.603 0.225 -1.193
0.537 -0.184 -0.282
-0.030 0.913 0.407
0.258 0.021 -1.658
0.308 -0.365 -0.737
0.021 0.923 0.385
1.677 -0.034 1.101
1.079 -0.647 0.585
-0.464 0.790 -0.401
0.408 -0.036 -1.038
0.247 -0.295 -0.085
-0.043 0.966 0.255
-0.928 0.107 -1.697
-0.837 -0.436 -0.862
0.059 0.840 0.540
-0.528 0.217 0.008
0.364 -0.213 -0.127
0.426 0.903 -0.064
-1.088 -0.126 -2.147
-1.253 -0.525 -1.245
-0.072 0.917 0.393
-0.227 -0.135 -2.259
0.316 0.168 -1.475
-0.172 0.953 -0.249
-1.385 -0.022 -0.831
-0.411 -0.129 -0.633
0.105 0.994 0.021
1.434 -0.142 0.735
0.700 -0.714 0.370
-0.512 0.820 -0.255
-0.704 0.156 -1.304
-0.494 -0.387 -0.491
0.136 0.840 0.526
-1.724 -0.021 -1.341
-0.997 -0.538 -0.888
0.438 0.856 0.273
-0.132 0.209 1.971
-0.133 -0.208 1.062
-0.000 0.909 -0.417
1.464 0.078 0.419
0.793 -0.475 0.913
-0.446 0.833 0.328
0.469 0.185 2.532
0.595 -0.261 1.646
0.063 0.895 -0.442
0.638 -0.037 -0.073
-0.080 -0.516 0.432
-0.391 0.878 0.275
