18
1.101 0.642 -1.618
1.223 -0.024 -0.882
0.109 0.747 0.656
-1.631 0.666 3.598
-1.270 0.240 2.768
0.170 0.905 -0.390
2.375 0.513 -0.185
1.767 -0.196 -0.544
-0.610 0.705 -0.361
2.783 0.323 -1.041
1.839 0.048 -0.854
-0.269 0.962 0.053
0.803 0.521 -1.965
0.228 -0.132 -1.471
-0.495 0.757 0.426
-3.237 0.634 1.939
-2.455 0.020 1.833
0.609 0.789 -0.082
2.390 0.547 0.630
1.599 0.024 0.312
-0.485 0.852 -0.195
-2.537 0.654 -3.663
-2.180 0.184 -2.856
0.190 0.883 0.430
2.454 0.358 1.888
1.760 -0.306 1.609
-0.616 0.748 -0.248
-1.226 0.315 3.183
-0.674 -0.219 2.543
0.349 0.845 -0.404
2.425 0.584 3.943
1.938 0.041 3.260
-0.315 0.840 -0.442
0.532 0.323 -1.674
0.800 -0.032 -0.779
0.102 0.935 0.340
-2.760 0.506 2.288
-2.024 -0.149 2.119
0.638 0.756 -0.146
-3.064 0.441 1.746
-2.105 0.324 1.489
0.113 0.993 -0.030
4.235 0.615 2.450
3.314 0.384 2.136
-0.219 0.973 -0.074
2.822 0.380 0.248
1.913 0.103 -0.065
-0.262 0.961 -0.090
2.783 0.487 -1.409
2.441 0.037 -0.584
-0.172 0.893 0.415
4.353 0.541 -2.611
3.630 0.110 -2.072
-0.346 0.902 0.257
