13
-0.754 0.529 1.502
-0.949 0.607 0.525
0.015 0.997 0.076
-2.188 0.634 1.266
-2.256 0.365 0.305
-0.019 0.963 -0.268
1.970 0.521 1.188
1.260 0.297 0.520
-0.163 0.975 -0.153
0.465 0.693 0.534
0.021 0.400 -0.313
-0.136 0.956 -0.260
1.799 0.692 0.216
1.156 0.382 -0.483
-0.210 0.951 -0.229
-1.205 0.487 -0.698
-0.439 0.431 -0.059
0.043 0.998 0.036
-1.196 0.724 -0.039
-0.269 0.352 -0.086
0.372 0.928 -0.019
-2.311 0.532 0.156
-1.445 0.182 -0.201
0.323 0.937 -0.133
-1.248 0.704 1.361
-0.753 0.817 0.499
-0.056 0.994 0.098
-2.154 0.832 1.452
-1.377 0.968 0.837
-0.106 0.991 0.084
-1.393 0.709 1.386
-0.462 0.361 1.280
0.346 0.937 -0.039
-0.879 0.573 0.802
-0.340 0.511 -0.038
0.034 0.998 -0.052
-2.434 0.569 -1.213
-1.469 0.814 -1.127
-0.244 0.970 -0.022
