455
-1.625 0.420 0.473
-1.948 -0.038 -0.355
-0.118 0.888 -0.445
-1.597 0.470 0.418
-1.552 0.142 -0.526
0.085 0.942 -0.324
-0.980 0.381 -0.147
-0.210 -0.043 -0.623
0.377 0.905 -0.196
-0.345 0.358 -0.409
0.396 0.024 0.173
0.271 0.942 0.196
0.111 0.427 0.192
0.327 0.044 1.090
0.029 0.922 0.386
0.045 0.426 0.117
-0.713 0.114 0.689
-0.290 0.948 0.133
-0.334 0.384 -0.071
-1.208 0.010 -0.382
-0.364 0.927 -0.092
-0.345 0.303 -0.090
-1.117 -0.132 -0.553
-0.381 0.900 -0.210
-0.164 0.379 -0.268
-0.316 0.017 -1.188
-0.023 0.932 -0.362
0.516 0.600 -0.624
1.091 0.196 -1.336
0.129 0.904 -0.408
0.657 0.373 -0.405
1.461 -0.133 -0.717
0.463 0.862 -0.206
0.701 0.423 -0.127
1.373 0.085 0.532
0.211 0.940 0.268
0.484 0.366 -0.275
0.289 -0.149 0.560
-0.206 0.854 0.478
0.176 0.404 -0.090
-0.700 0.005 0.181
-0.382 0.917 0.118
