14
0.477 0.291 -0.271
1.262 0.161 0.334
0.130 0.991 0.045
0.152 0.121 -0.330
0.958 -0.338 0.044
0.428 0.888 0.167
-0.010 0.245 -0.313
0.885 -0.006 0.057
0.277 0.961 -0.017
-0.335 0.384 -0.224
0.271 0.429 0.570
0.032 0.996 -0.081
-0.339 0.107 -0.276
0.162 -0.463 0.376
0.357 0.821 0.445
-0.222 0.169 -0.002
-0.214 -0.340 0.859
0.024 0.861 0.509
-0.187 0.252 0.194
-0.650 -0.101 1.007
-0.166 0.936 0.312
-0.012 0.409 -0.102
-0.068 0.539 0.888
0.020 0.991 -0.130
0.006 0.403 0.084
-0.718 0.417 0.773
0.019 1.000 -0.001
0.198 0.103 0.082
-0.614 -0.475 0.158
-0.575 0.816 0.062
0.287 0.418 0.102
-0.688 0.614 0.210
0.200 0.979 0.031
-0.596 0.294 0.417
-1.341 0.256 -0.248
-0.074 0.997 0.026
-0.623 0.240 0.456
-1.022 0.263 -0.460
-0.077 0.995 0.058
-0.787 0.347 0.303
-0.473 0.346 -0.646
0.050 0.999 0.015
-0.224 0.174 -0.201
0.669 -0.161 0.097
0.346 0.938 0.016
