12
-1.707 0.325 -0.752
-1.447 -0.309 -0.024
0.213 0.773 0.597
-1.752 0.318 -1.448
-1.086 -0.051 -2.096
0.265 0.929 -0.258
-1.709 0.387 -0.806
-1.269 0.288 0.086
0.044 0.995 0.089
-1.707 0.610 -0.756
-1.217 0.492 0.108
0.058 0.993 0.103
-0.577 0.502 1.783
-0.299 0.502 0.823
-0.000 1.000 0.000
-1.752 0.583 -1.623
-1.012 0.054 -2.037
0.462 0.848 -0.258
-0.555 0.550 0.400
0.131 0.331 -0.293
0.154 0.976 -0.155
0.613 0.276 1.526
0.396 0.496 0.575
0.049 0.975 0.214
1.457 0.396 -0.430
0.537 0.619 -0.107
0.210 0.975 -0.074
1.998 0.366 1.597
1.672 0.318 0.653
-0.016 0.999 -0.045
0.831 0.431 -0.412
-0.141 0.609 -0.569
0.175 0.984 0.028
1.739 0.325 0.944
0.789 0.419 0.646
0.090 0.996 0.028
