16
-1.455 0.167 -0.461
-0.870 -0.018 0.329
0.110 0.983 0.148
-2.488 0.050 0.126
-1.504 -0.111 0.206
0.161 0.987 0.013
-2.513 0.258 -0.671
-1.799 -0.068 -0.050
0.245 0.946 0.213
1.731 0.290 -0.029
0.907 -0.056 0.420
-0.304 0.938 0.166
2.601 0.106 1.630
1.889 0.116 0.927
0.007 1.000 0.007
-2.513 -0.077 -0.673
-1.843 -0.485 -0.052
0.299 0.913 0.277
2.597 0.265 1.630
1.912 0.034 0.939
-0.162 0.973 -0.164
1.107 -0.028 0.752
0.222 0.221 0.359
0.228 0.969 0.101
-1.937 0.145 -0.896
-1.136 0.330 -0.326
-0.151 0.983 -0.107
1.702 0.179 0.492
0.817 -0.145 0.826
-0.304 0.946 0.115
-1.476 -0.035 -0.088
-0.737 0.272 0.511
-0.239 0.952 -0.194
-1.765 0.242 0.640
-0.891 0.388 0.177
-0.129 0.989 0.069
0.648 0.301 0.208
0.028 -0.260 0.757
-0.419 0.828 0.372
-1.587 0.210 0.209
-0.758 0.395 0.737
-0.156 0.983 -0.099
-1.032 0.178 0.739
-0.726 -0.309 -0.078
0.171 0.874 -0.456
-1.008 0.068 0.331
-0.191 -0.357 -0.058
0.384 0.905 -0.183
