29
1.499 0.457 2.314
1.088 0.252 1.426
-0.086 0.979 -0.186
2.100 0.206 3.715
1.646 0.201 2.824
-0.002 1.000 -0.004
0.722 0.458 -3.484
0.383 0.439 -2.543
-0.006 1.000 0.017
-1.164 0.138 2.440
-0.653 -0.058 1.604
0.102 0.981 -0.167
0.485 0.200 -4.712
0.488 0.125 -3.714
0.000 0.997 0.075
-0.960 0.135 3.775
-0.431 0.023 2.933
0.059 0.994 -0.095
1.278 0.469 0.270
0.393 0.009 0.203
-0.459 0.888 -0.035
0.443 0.178 -1.445
-0.067 -0.367 -0.778
-0.331 0.838 0.433
1.443 0.452 1.294
0.616 0.019 0.935
-0.397 0.902 -0.172
-1.984 0.524 3.933
-1.302 0.482 3.203
0.028 0.999 -0.030
1.181 0.398 2.306
0.621 0.516 1.486
0.066 0.993 0.097
-0.946 0.484 2.444
-0.541 -0.025 1.685
0.240 0.861 -0.449
-1.572 0.481 4.472
-0.810 0.097 3.951
0.318 0.923 -0.217
0.052 0.374 4.036
-0.360 0.300 3.128
-0.031 0.997 -0.068
0.584 0.521 -2.464
0.034 -0.065 -1.869
-0.398 0.810 0.430
1.620 0.529 1.417
0.731 0.071 1.395
-0.458 0.889 -0.012
2.110 0.515 3.382
1.894 0.490 2.406
-0.005 1.000 -0.024
1.620 0.382 1.572
1.128 -0.039 2.334
-0.229 0.907 0.354
-1.106 0.143 1.422
-0.557 -0.431 0.815
0.385 0.818 -0.426
-1.369 0.228 -0.620
-0.535 -0.189 -0.258
0.383 0.909 0.166
1.876 0.473 3.343
1.067 -0.056 3.088
-0.505 0.848 -0.159
0.656 0.287 -1.446
-0.080 0.101 -0.794
-0.140 0.982 0.124
0.485 0.463 -4.615
0.212 0.059 -3.742
-0.120 0.915 0.386
0.337 0.483 -2.463
-0.177 -0.036 -1.780
-0.312 0.855 0.415
1.383 0.512 4.350
0.694 -0.128 4.010
-0.574 0.768 -0.283
-0.953 0.383 3.554
-0.752 0.537 2.586
-0.031 0.988 0.151
0.485 0.313 -5.324
0.430 -0.026 -4.385
-0.020 0.940 0.339
1.548 0.313 3.335
1.184 0.475 2.417
0.060 0.987 0.150
1.691 0.162 1.300
0.834 -0.352 1.282
-0.514 0.857 -0.011
