13
1.972 0.368 -0.364
0.973 0.315 -0.365
-0.054 0.999 -0.000
2.686 0.114 -0.325
1.713 0.190 -0.543
0.074 0.997 0.017
-2.945 0.297 -2.088
-2.308 -0.181 -1.483
0.347 0.878 0.329
0.791 0.106 -2.302
0.279 0.130 -1.444
0.012 1.000 -0.020
2.747 0.419 1.544
2.061 0.225 0.843
-0.136 0.981 -0.139
2.220 0.133 1.516
1.499 -0.152 0.883
-0.214 0.959 -0.188
-2.214 0.304 2.243
-1.282 0.001 2.044
0.297 0.953 -0.063
-2.751 0.299 2.231
-1.910 -0.001 1.782
0.265 0.954 -0.141
-2.963 0.240 -1.571
-2.101 0.067 -1.094
0.152 0.985 0.084
-2.514 0.153 0.373
-1.635 -0.173 0.722
0.302 0.946 0.120
2.946 0.108 1.459
2.345 0.117 0.660
0.006 1.000 0.007
-2.456 0.499 -1.490
-1.580 0.220 -1.094
0.254 0.960 0.115
-2.670 0.432 2.255
-1.846 0.476 1.689
-0.036 0.999 0.025
