10
0.741 0.443 -1.175
0.329 -0.125 -0.462
-0.284 0.823 0.491
0.717 0.396 0.912
0.043 -0.217 0.499
-0.523 0.790 -0.320
1.412 0.186 -1.169
0.803 -0.475 -0.730
-0.536 0.751 0.386
1.696 0.228 -1.094
1.451 -0.387 -0.345
-0.191 0.788 0.585
-1.503 0.241 -1.065
-0.860 -0.182 -0.428
0.301 0.906 0.298
1.709 0.386 -0.855
1.762 -0.028 0.054
0.024 0.910 0.413
-0.845 0.344 -0.257
-0.703 -0.328 0.471
0.129 0.741 0.659
1.407 0.547 0.122
0.567 0.542 0.665
-0.004 1.000 0.002
0.436 0.345 -0.487
0.127 0.413 0.462
0.021 0.998 -0.065
0.087 0.495 0.262
-0.179 -0.265 -0.330
-0.312 0.649 -0.694
