268
-1.496 0.916 -0.165
-0.703 0.324 -0.020
0.572 0.805 0.157
-0.921 0.901 -0.918
-0.274 0.335 -0.408
0.463 0.824 0.328
0.162 0.899 -1.535
0.089 0.274 -0.758
0.043 0.776 0.629
1.172 0.845 -0.247
0.462 0.166 -0.059
-0.603 0.724 0.335
0.870 0.826 0.763
0.241 0.171 0.344
-0.570 0.755 -0.324
-0.113 0.840 1.047
0.005 0.211 0.278
0.022 0.775 -0.631
-0.960 0.833 1.060
-0.401 0.270 0.452
0.249 0.814 -0.525
-1.055 0.822 0.275
-0.265 0.211 0.302
0.607 0.776 -0.170
-1.535 0.921 -0.425
-0.722 0.391 -0.184
0.495 0.847 0.192
