18
1.024 -0.051 -0.498
0.051 -0.223 -0.345
-0.170 0.985 0.027
1.492 -0.184 -0.657
0.545 -0.353 -0.383
-0.163 0.986 0.047
-0.463 0.102 0.918
-0.516 -0.335 0.020
-0.026 0.899 -0.436
-1.723 0.146 1.979
-1.442 -0.001 1.030
0.042 0.989 -0.141
1.072 0.018 -0.421
0.173 -0.419 -0.383
-0.437 0.899 0.019
1.989 0.016 -0.847
0.995 -0.051 -0.938
-0.067 0.998 -0.006
2.166 0.108 0.110
1.224 -0.068 0.395
-0.168 0.984 0.051
0.123 -0.015 -0.047
-0.830 0.066 0.245
0.078 0.997 -0.024
-2.231 0.039 1.877
-1.693 -0.331 1.120
0.214 0.929 -0.301
2.232 0.133 -1.099
1.403 -0.405 -0.947
-0.529 0.843 0.097
-2.435 0.154 1.252
-1.613 0.063 0.690
0.075 0.996 -0.052
0.303 0.088 0.246
0.007 -0.445 -0.547
-0.187 0.846 -0.499
-0.257 -0.176 1.254
-0.836 -0.312 0.449
-0.079 0.991 -0.110
-1.583 0.145 1.014
-1.598 -0.110 0.047
-0.004 0.967 -0.255
1.122 0.183 -1.789
0.608 0.064 -0.939
-0.062 0.993 0.102
1.396 0.162 -1.769
0.739 -0.396 -1.262
-0.441 0.830 0.341
0.523 0.009 0.604
0.423 -0.522 -0.237
-0.062 0.847 -0.528
-2.000 0.180 0.947
-1.211 -0.304 0.569
0.436 0.875 -0.209
