18
0.805 -0.290 -0.271
-0.064 -0.721 -0.514
-0.403 0.902 -0.157
0.969 -0.011 -0.111
0.126 0.159 -0.621
0.135 0.985 0.106
1.107 -0.429 -0.662
0.330 -1.053 -0.746
-0.626 0.780 0.003
0.498 -0.236 -0.717
-0.345 -0.540 -0.273
-0.256 0.952 0.167
0.515 -0.306 -0.713
0.170 -0.788 0.093
-0.140 0.875 0.463
0.549 -0.163 -0.673
0.672 -0.180 0.319
-0.003 1.000 0.017
0.546 -0.368 -0.056
1.210 -0.990 0.359
0.528 0.783 0.330
0.667 -0.363 0.129
1.424 -0.974 -0.103
0.531 0.781 -0.327
0.344 -0.345 0.510
0.761 -0.896 -0.213
0.213 0.832 -0.512
0.374 -0.384 0.120
0.208 -0.990 -0.658
-0.137 0.795 -0.591
0.363 -0.230 0.290
-0.206 -0.594 -0.448
-0.183 0.930 -0.318
0.659 -0.313 0.315
-0.179 -0.841 0.452
-0.515 0.849 0.120
0.046 -0.181 1.014
-0.811 -0.507 1.413
-0.279 0.945 0.173
-0.112 -0.296 1.098
-0.907 -0.870 0.903
-0.569 0.818 -0.083
-0.496 0.005 1.159
-0.956 0.018 0.271
0.108 0.993 -0.041
-0.707 -0.259 1.193
-0.848 -0.587 0.259
-0.185 0.936 -0.300
-0.230 -0.049 0.987
-1.095 -0.144 0.494
-0.067 0.995 -0.074
0.459 -0.267 0.163
-0.336 -0.666 -0.294
-0.294 0.912 -0.285
0.287 -0.255 0.298
0.091 -0.727 -0.562
-0.070 0.881 -0.468
