9
0.354 0.821 -3.488
0.442 0.763 -2.494
0.005 0.998 0.058
-1.249 0.550 0.890
-0.327 0.166 0.932
0.383 0.923 0.018
-1.126 0.458 3.433
-0.562 0.303 2.622
0.089 0.988 -0.128
-2.296 0.650 3.414
-1.496 0.328 2.909
0.272 0.947 -0.172
1.633 0.792 -3.763
1.770 0.809 -2.773
-0.002 1.000 -0.017
1.220 0.832 -3.972
1.061 0.463 -3.056
-0.063 0.929 0.364
-1.384 0.812 3.874
-0.834 0.266 3.242
0.358 0.838 -0.412
-0.825 0.689 1.103
-0.160 0.438 0.400
0.173 0.968 -0.182
-2.292 0.823 3.417
-1.463 0.265 3.369
0.557 0.830 -0.032
