14
-0.629 0.088 -0.113
-0.676 0.204 0.879
0.005 0.993 -0.115
-0.600 -0.028 -0.116
-0.664 -0.293 0.846
-0.017 0.964 0.264
-0.121 0.144 4.524
-0.599 0.160 3.645
0.008 1.000 0.014
2.340 0.133 -2.990
1.409 -0.230 -3.040
-0.363 0.932 -0.019
-1.280 0.027 -1.126
-0.607 0.016 -0.386
0.007 1.000 0.008
1.318 -0.046 -2.423
0.524 -0.526 -2.795
-0.435 0.877 -0.203
5.096 0.084 -3.804
4.120 0.248 -3.663
0.163 0.986 -0.024
4.698 -0.123 -3.749
3.746 0.106 -3.545
0.224 0.973 -0.048
1.318 0.146 -2.428
0.741 -0.242 -3.146
-0.243 0.921 -0.303
1.395 0.022 -1.990
0.593 -0.556 -1.838
-0.568 0.816 0.108
0.149 -0.066 -2.487
0.634 -0.562 -1.767
0.277 0.868 0.412
-0.369 0.164 2.883
-0.478 -0.468 2.116
-0.089 0.775 -0.626
2.337 0.019 -3.004
1.423 -0.246 -3.309
-0.251 0.964 -0.084
0.028 -0.003 -3.223
0.280 0.292 -2.301
-0.078 0.955 -0.285
