16
3.398 0.865 3.169
2.752 0.501 2.498
-0.253 0.931 -0.262
3.484 0.548 -2.702
2.630 0.343 -2.224
-0.179 0.979 0.100
3.970 0.639 -2.694
3.096 0.601 -2.209
-0.033 0.999 0.018
3.806 0.555 3.897
3.364 0.176 3.084
-0.181 0.926 -0.333
-2.665 0.557 4.081
-1.891 0.381 3.472
0.138 0.984 -0.109
3.398 0.642 -0.746
2.572 0.198 -1.092
-0.410 0.896 -0.172
-2.966 0.546 0.174
-2.193 0.058 -0.233
0.431 0.873 -0.227
-3.577 0.825 2.153
-2.902 0.278 1.659
0.442 0.837 -0.323
1.822 0.530 2.921
1.466 0.393 1.996
-0.049 0.991 -0.127
3.497 0.636 -0.744
2.582 0.533 -0.355
-0.094 0.995 0.040
-3.735 0.877 -1.872
-3.094 0.272 -1.400
0.487 0.796 0.359
-2.803 0.498 2.127
-1.950 0.502 1.606
-0.003 1.000 0.002
1.824 0.772 2.984
1.193 0.189 2.472
-0.453 0.812 -0.368
-2.860 0.499 4.087
-2.144 0.249 3.435
0.185 0.968 -0.168
-1.798 0.518 -2.529
-1.324 0.142 -1.732
0.192 0.927 0.323
2.131 0.840 -2.138
1.759 0.793 -1.211
-0.018 0.999 0.044
