13
-0.568 -0.074 1.606
-0.249 -0.691 0.886
0.250 0.787 -0.564
-0.337 -0.090 2.583
-0.581 -0.712 1.838
-0.193 0.784 -0.590
-1.525 0.117 1.476
-0.841 -0.423 0.986
0.439 0.842 -0.314
-1.955 0.073 1.571
-1.425 -0.310 0.814
0.220 0.924 -0.314
-1.835 0.176 -0.085
-0.979 -0.297 0.122
0.460 0.881 0.111
-1.441 0.118 -0.172
-0.586 -0.380 -0.029
0.491 0.867 0.082
-1.725 0.165 3.150
-1.099 -0.003 2.389
0.107 0.986 -0.129
0.266 0.100 0.878
-0.576 -0.241 0.461
-0.306 0.940 -0.152
-1.879 0.195 2.978
-1.912 -0.125 2.031
-0.011 0.947 -0.320
-0.065 -0.052 -2.128
0.333 -0.545 -1.354
0.226 0.870 0.439
-1.958 0.231 -0.058
-1.019 -0.088 0.073
0.316 0.948 0.044
-0.286 0.133 -0.632
-0.457 -0.280 0.262
-0.078 0.911 0.405
0.652 0.193 2.424
-0.146 -0.411 2.448
-0.603 0.798 0.018
