15
0.820 0.471 -0.713
1.648 0.408 -0.156
0.053 0.998 0.035
0.294 0.278 -1.469
1.051 0.449 -0.838
-0.131 0.985 -0.109
1.075 0.486 0.954
0.724 -0.032 0.175
-0.213 0.855 -0.473
0.145 0.403 -1.472
0.643 -0.103 -0.768
0.292 0.862 0.414
0.481 0.450 0.774
1.371 0.153 0.428
0.277 0.955 -0.107
0.207 0.362 0.769
0.942 -0.129 0.301
0.414 0.871 -0.263
1.820 0.153 0.864
1.162 -0.372 0.323
-0.405 0.851 -0.333
1.067 0.114 0.586
0.624 -0.424 -0.131
-0.283 0.843 -0.458
1.493 0.463 1.322
0.952 -0.188 0.789
-0.464 0.759 -0.457
0.249 0.370 0.023
0.888 -0.276 -0.395
0.541 0.764 -0.353
0.316 0.457 0.345
0.840 -0.275 -0.091
0.563 0.681 -0.468
1.504 0.485 -1.076
1.646 0.251 -0.114
0.034 0.972 0.231
0.002 0.106 -1.305
0.138 -0.476 -0.503
0.097 0.813 0.574
1.490 0.215 -1.462
1.177 -0.396 -0.735
-0.242 0.792 0.561
1.342 0.218 -0.919
0.915 -0.397 -0.256
-0.333 0.789 0.517
