12
1.662 0.689 1.318
0.698 0.590 1.565
-0.096 0.995 0.024
1.971 0.658 1.317
1.023 0.338 1.326
-0.320 0.948 0.003
-0.911 0.461 -0.994
-0.558 0.446 -0.059
0.005 1.000 0.014
0.558 0.435 -1.358
0.520 0.506 -0.361
0.003 0.997 -0.071
-2.387 0.619 -0.851
-1.584 0.278 -0.362
0.291 0.940 0.177
2.395 0.457 -1.644
1.661 0.114 -1.059
-0.268 0.939 0.214
1.567 0.423 -1.641
0.976 0.158 -0.878
-0.162 0.964 0.209
-0.907 0.499 -0.846
-0.868 0.166 0.096
0.014 0.943 0.333
-2.386 0.442 -0.800
-1.636 0.591 -0.155
-0.112 0.989 -0.097
-2.175 0.678 -0.053
-1.182 0.672 0.066
0.006 1.000 0.001
2.412 0.628 1.315
1.506 0.208 1.366
-0.420 0.907 0.024
-1.500 0.640 1.389
-0.573 0.521 1.032
0.111 0.993 -0.043
