24
5.044 0.316 -1.271
4.066 0.190 -1.439
-0.124 0.992 -0.021
5.829 0.390 1.404
4.876 0.513 1.130
0.118 0.992 0.034
6.023 0.122 1.363
5.116 0.125 0.941
0.003 1.000 0.001
-0.667 0.142 -1.908
-0.648 0.195 -0.910
-0.001 0.999 -0.053
5.440 0.366 3.086
4.654 0.519 2.487
0.122 0.988 0.093
5.609 0.273 0.030
4.645 0.069 -0.140
-0.201 0.979 -0.035
4.115 0.225 3.520
3.528 0.457 2.745
0.141 0.973 0.185
1.405 0.090 4.136
1.058 -0.206 3.246
-0.107 0.955 -0.275
5.366 0.374 -2.759
4.628 0.537 -2.104
0.122 0.987 -0.108
5.037 0.453 -1.269
4.066 0.650 -1.142
0.196 0.980 -0.026
4.677 0.380 -2.614
3.797 0.586 -2.185
0.185 0.979 -0.090
5.654 0.460 2.862
4.658 0.547 2.846
0.087 0.996 0.001
5.930 0.329 4.224
5.042 0.195 3.783
-0.120 0.991 -0.060
0.133 0.283 4.786
0.316 0.343 3.805
-0.011 0.998 0.059
6.579 0.333 2.666
5.814 0.036 2.095
-0.238 0.955 -0.178
6.960 0.398 3.452
6.417 0.542 2.625
0.079 0.990 0.120
5.462 0.239 3.176
4.804 -0.124 2.516
-0.256 0.932 -0.257
-2.153 0.399 -2.103
-1.373 0.307 -1.484
0.072 0.996 0.057
-1.802 0.200 -1.259
-0.902 -0.235 -1.295
0.435 0.900 -0.017
6.934 0.254 3.347
6.192 -0.086 2.770
-0.268 0.940 -0.209
2.901 0.382 4.404
2.490 -0.046 3.599
-0.194 0.904 -0.381
0.087 0.173 4.597
0.393 -0.020 3.665
0.061 0.981 -0.184
6.997 0.174 3.998
6.017 0.374 4.015
0.201 0.980 -0.003
4.959 0.284 -4.094
4.586 0.383 -3.171
0.037 0.995 -0.092
