17
-0.644 0.061 0.917
-1.432 0.315 0.356
0.207 0.967 0.147
-0.502 0.180 0.255
-1.441 0.197 -0.090
0.016 1.000 0.006
-0.536 0.127 -0.538
-1.249 0.269 0.148
0.102 0.990 -0.099
-1.060 0.231 -0.395
-1.752 0.127 0.319
-0.072 0.995 0.074
0.119 0.397 -1.280
-0.601 0.257 -0.600
-0.101 0.990 0.096
-0.354 0.025 1.572
-1.010 0.014 0.817
-0.007 1.000 -0.008
-0.377 0.364 0.913
-1.053 0.093 0.228
-0.190 0.963 -0.192
-1.007 0.130 0.264
-1.877 -0.232 -0.070
-0.338 0.932 -0.130
-1.157 0.341 1.268
-1.559 0.340 0.352
-0.000 1.000 -0.001
-0.959 0.183 -0.397
-1.494 -0.430 0.185
-0.415 0.790 0.451
-0.314 0.283 1.571
-1.247 0.485 1.272
0.192 0.979 0.062
0.121 0.205 -0.930
-0.593 -0.296 -0.441
-0.414 0.865 0.283
-1.010 0.290 1.583
-1.713 0.426 0.885
0.097 0.991 0.096
-0.431 0.117 -1.065
-0.804 0.290 -0.153
0.065 0.985 -0.160
-0.714 0.112 0.918
-1.648 -0.234 0.835
-0.344 0.938 -0.031
-0.684 0.017 -1.060
-0.939 -0.381 -0.179
-0.111 0.917 0.382
0.122 0.281 -0.754
-0.148 -0.293 0.019
-0.189 0.819 0.542
