12
-0.030 0.626 0.143
-0.743 0.042 -0.246
-0.513 0.812 -0.279
0.832 0.723 0.122
0.141 0.164 -0.338
-0.465 0.830 -0.310
0.779 0.500 -0.252
0.082 -0.152 0.046
-0.599 0.759 0.256
0.987 0.596 -0.400
0.294 -0.080 -0.649
-0.637 0.736 -0.229
0.330 0.632 1.291
-0.169 0.342 0.475
-0.151 0.957 -0.247
0.778 0.509 -0.115
0.010 -0.021 0.242
-0.481 0.848 0.224
1.131 0.400 -0.822
0.267 -0.097 -0.895
-0.496 0.867 -0.042
1.172 0.536 -0.398
0.284 0.090 -0.505
-0.443 0.895 -0.054
0.822 0.571 0.809
0.325 -0.001 0.155
-0.346 0.821 -0.455
-0.578 0.461 0.139
-1.165 -0.198 -0.330
-0.515 0.752 -0.412
1.931 0.526 -1.058
1.051 0.314 -0.632
-0.191 0.977 0.093
-0.318 0.609 0.298
-0.335 -0.058 -0.447
-0.016 0.745 -0.667
