47
-1.407 -0.093 0.314
-0.443 -0.286 0.497
0.189 0.981 0.036
-2.098 -0.125 1.488
-1.119 -0.323 1.453
0.198 0.980 -0.007
-0.109 0.170 -2.551
0.370 0.244 -1.676
-0.036 0.997 -0.065
-0.978 -0.129 -0.000
-0.133 -0.356 0.484
0.197 0.974 0.113
-1.293 -0.133 -1.087
-0.350 -0.240 -0.772
0.102 0.994 0.034
-1.180 0.180 -2.006
-0.431 0.297 -1.353
-0.088 0.993 -0.077
-1.075 0.042 -0.520
-0.109 0.042 -0.261
-0.001 1.000 -0.000
-0.850 -0.057 -3.323
-0.318 -0.013 -2.477
-0.023 0.999 -0.037
-0.734 -0.081 -2.314
0.098 -0.120 -1.760
0.033 0.999 0.022
-2.134 0.071 1.577
-1.220 -0.189 1.266
0.246 0.966 -0.084
-0.119 -0.045 2.582
0.560 -0.043 1.848
-0.002 1.000 0.002
0.777 -0.067 -1.735
0.955 0.064 -0.759
-0.023 0.991 -0.129
2.652 -0.040 -0.415
2.434 -0.563 0.409
-0.133 0.852 0.506
-1.324 -0.170 1.967
-0.481 -0.405 1.484
0.204 0.972 -0.117
-1.109 0.171 -1.891
-0.654 0.077 -1.006
0.043 0.996 0.084
-2.083 -0.012 0.049
-1.104 0.173 0.133
-0.185 0.983 -0.016
-0.527 0.091 -1.269
0.033 -0.301 -0.540
0.239 0.920 0.311
-3.090 0.083 1.556
-2.258 -0.238 1.103
0.281 0.947 -0.153
-2.065 -0.042 0.538
-1.277 -0.143 1.146
0.080 0.995 0.062
-0.607 -0.132 -1.922
-0.344 -0.117 -0.957
-0.004 1.000 -0.014
-1.680 -0.081 1.170
-0.755 -0.003 1.541
-0.072 0.997 -0.029
-1.663 -0.016 0.695
-0.874 -0.328 1.225
0.259 0.950 0.174
-0.109 0.081 -1.945
0.002 -0.145 -0.977
0.026 0.974 0.225
1.013 -0.008 2.153
1.444 -0.172 1.266
0.072 0.986 -0.148
-0.308 0.042 1.833
0.324 -0.082 1.068
0.079 0.992 -0.095
-1.018 -0.119 -1.943
-0.058 -0.243 -1.691
0.120 0.992 0.032
0.381 -0.126 2.535
0.925 -0.373 1.733
0.139 0.969 -0.205
0.653 -0.137 -1.446
0.618 -0.037 -0.452
0.003 0.995 -0.099
-2.625 -0.174 1.764
-1.821 -0.388 1.208
0.175 0.977 -0.121
-0.909 0.014 -2.357
-0.605 -0.355 -1.478
0.121 0.929 0.349
-1.446 -0.041 -2.243
-1.260 -0.317 -1.301
0.054 0.961 0.271
-0.568 -0.007 -3.212
0.255 -0.239 -2.695
0.197 0.973 0.124
-2.024 0.156 -0.410
-1.092 -0.200 -0.478
0.355 0.935 -0.026
-0.541 -0.003 -2.238
-0.387 -0.371 -1.322
0.061 0.929 0.364
-1.555 -0.128 0.737
-0.650 -0.551 0.760
0.423 0.906 0.011
-0.697 0.072 1.597
0.043 0.182 0.933
-0.082 0.994 0.073
-1.362 -0.122 -1.596
-0.386 -0.337 -1.589
0.216 0.976 0.002
0.333 0.100 2.657
0.520 0.048 1.676
0.010 0.999 -0.050
-2.123 0.025 1.479
-1.412 -0.382 0.905
0.317 0.913 -0.256
-0.936 -0.151 -0.465
-0.455 0.153 0.357
-0.154 0.953 -0.263
-2.323 0.140 1.882
-1.363 0.417 1.941
-0.276 0.961 -0.017
2.512 0.181 -1.225
1.585 0.106 -0.857
-0.069 0.997 0.027
-1.679 0.209 -1.238
-1.069 -0.289 -0.622
0.350 0.867 0.354
2.850 0.136 -0.877
2.168 0.313 -0.167
0.122 0.984 -0.127
2.762 0.177 -0.672
2.174 -0.450 -0.162
-0.473 0.779 0.411
-1.484 -0.024 1.247
-0.615 -0.515 1.179
0.489 0.872 -0.038
1.653 -0.027 -1.500
0.765 -0.323 -1.149
-0.275 0.955 0.109
