1594
0.043 -0.170 -0.767
-0.277 -0.437 -1.676
-0.093 0.964 -0.251
-0.796 -0.262 -0.994
-0.781 -0.501 -1.965
-0.051 0.970 -0.239
0.124 -0.253 -0.397
0.177 -0.602 -1.333
0.043 0.937 -0.346
0.360 -0.208 -0.422
-0.127 -0.580 -1.212
-0.192 0.928 -0.319
0.249 -0.212 -0.508
-0.475 -0.570 -1.097
-0.330 0.930 -0.158
0.899 -0.200 -1.095
0.031 -0.649 -0.883
-0.441 0.893 0.087
0.569 -0.250 -0.206
-0.276 -0.562 0.229
-0.264 0.950 0.169
0.064 -0.225 0.169
-0.663 -0.571 0.761
-0.316 0.935 0.159
0.168 -0.115 0.492
-0.778 -0.110 0.816
0.022 0.999 0.047
-0.176 -0.162 1.319
-0.890 -0.460 1.953
-0.240 0.954 0.178
-0.373 0.009 1.879
-1.354 0.203 1.878
0.194 0.981 -0.023
-0.981 -0.122 2.449
-1.780 -0.197 1.851
-0.093 0.996 -0.000
-1.208 -0.129 2.417
-1.938 -0.281 1.751
-0.089 0.988 -0.128
-2.045 -0.139 2.021
-2.149 -0.207 1.029
0.025 0.997 -0.071
-1.869 -0.235 2.055
-1.492 -0.595 1.202
0.213 0.930 -0.299
-1.460 -0.274 1.893
-0.561 -0.665 1.692
0.384 0.920 -0.075
-0.417 -0.364 1.003
-0.185 -0.929 1.795
0.039 0.819 0.573
-0.396 -0.017 0.586
-0.836 -0.012 1.484
-0.082 0.996 -0.046
-0.552 -0.317 1.018
-0.111 -0.771 1.792
0.229 0.891 0.392
-0.357 -0.362 0.663
0.210 -0.656 1.433
0.181 0.956 0.232
