13
-0.175 0.430 -0.322
0.752 0.213 -0.015
0.207 0.976 0.068
0.314 0.393 0.928
0.668 0.038 0.063
0.134 0.935 -0.329
0.139 0.244 -1.023
0.659 0.402 -0.184
-0.083 0.987 -0.134
0.489 0.385 -0.413
1.000 -0.050 0.329
0.247 0.901 0.358
-0.826 0.385 0.110
0.055 0.260 -0.346
0.111 0.992 -0.058
-0.150 0.468 0.333
0.608 -0.144 0.106
0.586 0.791 -0.176
-0.672 0.431 -0.254
0.289 0.418 -0.534
0.012 1.000 -0.004
-0.776 0.525 0.436
-0.336 -0.170 -0.133
0.425 0.719 -0.550
0.204 0.397 0.285
0.716 -0.441 0.097
0.787 0.545 -0.289
-0.798 0.276 0.290
-0.515 -0.348 -0.439
0.226 0.782 -0.581
-0.129 0.581 0.347
-0.044 -0.130 -0.351
0.087 0.703 -0.706
0.827 0.539 -0.311
0.575 -0.212 0.299
-0.287 0.660 0.694
0.087 0.461 0.300
0.574 -0.401 0.158
0.827 0.507 -0.242
