443
-1.136 0.367 0.194
-0.643 -0.071 -0.558
0.296 0.897 -0.328
-1.030 0.522 0.045
-0.442 0.292 -0.731
0.178 0.972 -0.153
-0.900 0.144 -0.056
-0.412 -0.647 -0.426
0.705 0.606 -0.368
-1.253 0.431 0.230
-0.421 0.020 0.603
0.343 0.909 0.236
-0.937 0.711 0.275
-0.376 0.743 1.103
-0.013 0.999 -0.031
-0.170 0.359 0.052
0.368 -0.103 0.757
0.328 0.885 0.330
0.321 0.543 0.011
0.712 0.525 0.931
-0.036 0.999 0.035
0.349 0.092 -0.021
0.655 -0.672 0.548
0.468 0.641 0.609
0.220 0.156 -0.102
0.907 -0.570 -0.074
0.726 0.687 -0.020
0.388 0.318 -0.122
0.479 -0.098 -1.027
0.071 0.909 -0.412
0.009 0.311 -0.093
-0.203 -0.198 -0.928
-0.116 0.861 -0.496
-0.102 0.317 -0.280
0.143 -0.295 -1.031
0.200 0.790 -0.579
-0.099 0.149 -0.006
0.571 -0.592 -0.050
0.742 0.670 0.019
-1.326 0.176 0.104
-0.568 -0.470 0.012
0.650 0.760 0.015
