12
-0.274 0.358 -2.867
-0.302 -0.163 -2.013
-0.017 0.854 0.520
-1.063 0.425 -3.641
-0.822 0.047 -2.747
0.098 0.926 0.365
4.418 0.703 -0.973
3.587 0.161 -0.846
-0.535 0.841 0.082
-3.963 0.623 1.298
-3.184 0.086 0.976
0.497 0.843 -0.205
-3.883 0.475 1.130
-2.971 0.116 0.935
0.351 0.933 -0.075
-0.531 0.660 -2.331
-0.798 0.221 -1.473
-0.130 0.899 0.419
-3.705 0.629 0.712
-3.025 0.167 1.281
0.354 0.887 0.297
-1.826 0.350 2.681
-1.267 0.170 1.872
0.102 0.984 -0.148
-2.247 0.313 -1.403
-1.607 -0.245 -0.875
0.430 0.830 0.356
-1.880 0.341 -1.241
-1.186 -0.231 -0.803
0.484 0.820 0.305
2.514 0.637 2.266
2.076 0.538 1.372
-0.044 0.995 -0.089
-2.843 0.704 1.093
-2.005 0.175 1.225
0.523 0.848 0.082
