12
-0.060 0.491 1.057
0.816 0.011 1.094
0.479 0.877 0.020
1.992 0.400 0.765
1.496 0.082 1.573
-0.166 0.948 0.271
-0.435 0.318 -0.761
0.473 0.252 -0.347
0.061 0.998 0.028
0.805 0.260 -0.243
1.249 -0.190 0.532
0.224 0.893 0.390
-0.086 0.373 1.058
0.721 -0.217 1.026
0.589 0.807 -0.024
0.755 0.540 -0.530
0.895 0.133 0.372
0.062 0.913 0.402
-0.452 0.360 -0.862
-0.126 0.177 0.066
0.060 0.983 0.172
1.993 0.231 0.770
1.022 0.253 1.008
0.021 1.000 -0.005
-0.737 0.324 1.097
0.135 0.578 0.678
-0.229 0.967 0.110
0.775 0.456 -0.415
1.037 -0.237 0.256
0.252 0.721 0.646
1.578 0.431 -1.226
1.171 -0.240 -0.607
-0.369 0.741 0.561
1.078 0.352 -1.169
0.489 -0.102 -0.500
-0.300 0.891 0.340
