665
1.456 0.282 -1.076
0.603 0.394 -1.586
0.106 0.993 0.041
0.955 0.095 -1.020
-0.043 0.028 -1.003
-0.068 0.997 -0.041
0.467 0.090 -0.752
-0.388 -0.074 -0.260
-0.152 0.986 0.065
-0.242 0.050 -0.056
-1.096 -0.099 0.443
-0.121 0.989 0.086
-0.331 0.109 0.263
-0.271 -0.071 1.245
-0.046 0.982 0.182
-0.695 0.010 0.936
0.254 -0.275 0.799
0.293 0.955 0.046
-0.131 0.004 0.163
0.853 -0.171 0.178
0.174 0.984 0.044
0.148 0.011 0.063
0.685 -0.255 -0.737
0.212 0.961 -0.177
0.883 0.002 -1.237
0.503 -0.231 -2.132
-0.052 0.971 -0.231
1.444 0.278 -0.999
0.671 0.447 -1.611
0.141 0.986 0.095
1.012 -0.044 -0.784
0.051 -0.301 -0.883
-0.257 0.966 -0.017
0.342 -0.169 -0.526
-0.468 -0.722 -0.330
-0.546 0.833 0.092
-0.119 0.358 -0.025
-1.052 0.462 0.318
0.106 0.994 -0.016
-0.411 -0.230 0.330
-0.803 -0.939 0.916
-0.368 0.704 0.607
-0.217 0.292 0.049
-0.537 0.324 0.996
0.063 0.998 -0.012
-0.309 0.140 -0.034
-0.903 0.081 0.769
-0.059 0.998 0.030
-0.516 0.132 0.701
0.015 0.022 1.541
0.007 0.992 0.125
-0.852 -0.295 0.998
-0.281 -1.099 1.165
0.799 0.591 0.112
-0.263 0.344 0.368
0.685 0.484 0.655
-0.136 0.990 -0.038
0.264 -0.319 -0.361
0.955 -1.034 -0.264
0.713 0.698 0.060
