24
-3.547 0.274 2.715
-2.744 -0.060 3.207
0.285 0.942 0.175
2.737 0.166 3.522
1.781 0.067 3.246
-0.095 0.995 -0.027
1.707 0.349 4.458
0.816 0.073 4.097
-0.256 0.961 -0.104
0.188 0.171 -3.813
-0.359 0.322 -2.990
0.084 0.989 -0.126
3.886 0.497 1.159
2.946 0.356 1.472
-0.133 0.990 0.044
1.947 0.517 -1.609
1.016 0.360 -1.279
-0.148 0.988 0.053
3.836 0.426 -0.358
2.844 0.305 -0.324
-0.121 0.993 0.004
1.311 0.230 -3.133
0.762 -0.084 -2.358
-0.181 0.949 0.256
3.345 0.362 -1.405
2.411 0.051 -1.230
-0.305 0.951 0.057
-1.184 0.393 -4.061
-0.931 0.180 -3.117
0.055 0.977 0.206
0.092 0.447 -3.646
-0.132 0.623 -2.687
0.040 0.984 -0.171
-0.759 0.457 -4.530
-0.578 0.148 -3.597
0.059 0.951 0.303
1.953 0.326 5.106
1.646 0.200 4.162
-0.039 0.992 -0.120
3.215 0.555 -1.180
2.589 0.728 -0.420
0.110 0.985 -0.133
-2.671 0.550 2.617
-2.469 0.354 1.658
0.040 0.981 -0.191
4.377 0.194 -0.567
3.516 0.429 -0.115
0.208 0.972 -0.109
1.865 0.417 4.543
1.530 0.424 3.601
0.002 1.000 0.007
-0.093 0.266 -3.326
0.009 -0.026 -2.375
0.031 0.956 0.291
-3.182 0.494 0.615
-2.611 0.449 -0.205
0.025 0.999 -0.037
3.280 0.333 2.324
2.505 0.146 1.720
-0.147 0.983 -0.114
-1.347 0.500 -3.778
-1.761 0.251 -2.902
-0.106 0.969 0.225
-2.912 0.479 0.285
-2.450 0.014 1.040
0.243 0.885 0.397
2.389 0.534 3.334
1.901 0.209 2.524
-0.167 0.946 -0.278
4.250 0.412 -0.136
3.425 -0.007 0.243
-0.381 0.908 0.175
