14
0.145 0.163 0.591
-0.626 -0.119 0.019
-0.203 0.959 -0.200
-0.884 0.192 -0.038
-0.844 -0.125 -0.985
0.087 0.946 -0.313
-0.599 0.079 -0.354
0.213 -0.459 -0.580
0.538 0.840 -0.065
-0.453 0.138 -0.137
0.024 -0.311 0.618
0.280 0.892 0.355
-0.326 0.115 -0.103
-0.810 -0.267 0.684
-0.165 0.923 0.347
-0.638 0.140 0.165
-1.574 -0.204 0.236
-0.342 0.939 0.033
-0.315 0.088 0.428
-0.809 -0.234 -0.380
-0.122 0.945 -0.302
-0.242 0.187 0.474
-0.722 0.301 -0.395
0.052 0.993 0.102
-0.594 0.116 0.022
-0.311 -0.255 -0.863
0.104 0.929 -0.356
-0.685 0.067 -0.067
0.108 -0.466 -0.362
0.511 0.846 -0.155
-0.550 0.137 -0.610
0.348 -0.250 -0.401
0.367 0.921 0.131
-0.247 0.152 -0.128
-0.031 -0.146 0.802
0.106 0.954 0.280
-0.294 0.293 -0.112
-0.617 0.327 0.834
0.101 0.995 -0.001
-0.434 0.150 -0.080
-1.318 0.031 0.372
-0.085 0.992 0.096
-0.465 0.152 0.396
-1.264 -0.120 -0.140
-0.228 0.962 -0.148
