12
1.549 0.337 -0.631
0.936 -0.293 -0.154
-0.497 0.776 0.387
0.027 0.296 -1.955
0.065 -0.045 -1.016
0.014 0.940 0.341
-1.960 0.477 1.177
-1.104 0.085 0.840
0.365 0.920 -0.143
0.264 0.581 -1.816
0.178 0.188 -0.900
-0.037 0.920 0.391
-1.617 0.592 1.352
-0.795 0.613 0.783
-0.017 1.000 0.012
1.353 0.533 -0.335
1.071 -0.138 0.351
-0.255 0.742 0.620
-1.879 0.374 1.051
-1.402 0.068 0.228
0.153 0.952 -0.265
1.003 0.349 -0.592
0.279 -0.295 -0.349
-0.611 0.765 0.205
0.519 0.365 -1.666
0.459 0.011 -0.733
-0.023 0.936 0.353
1.280 0.648 -0.424
0.380 0.603 0.010
-0.040 0.999 0.019
0.442 0.285 -1.184
-0.039 -0.269 -0.505
-0.321 0.833 0.452
-0.960 0.627 1.894
-0.915 0.699 0.897
-0.003 0.997 0.071
