16
-0.817 0.637 -0.264
-0.384 -0.067 0.300
0.429 0.711 0.558
-0.420 0.601 0.235
-0.898 -0.233 0.509
-0.725 0.551 0.414
-0.991 0.396 0.426
-0.727 -0.415 0.947
0.366 0.584 0.725
-1.379 0.376 0.211
-0.512 -0.026 0.507
0.380 0.916 0.130
-0.641 0.536 -0.884
-1.090 -0.231 -0.426
-0.537 0.641 0.548
-0.299 0.474 -0.032
-0.560 -0.157 -0.763
-0.212 0.776 -0.594
-0.796 0.328 -0.132
-0.048 -0.152 -0.590
0.409 0.877 -0.251
-0.074 0.704 -0.089
-0.489 -0.070 -0.567
-0.508 0.633 -0.585
-0.478 0.420 0.467
-0.719 -0.518 0.717
-0.651 0.346 0.676
-0.023 0.614 0.441
-0.768 0.046 0.093
-0.514 0.823 -0.241
0.000 0.625 -0.579
-0.243 -0.266 -0.963
-0.477 0.454 -0.752
-0.358 0.523 -0.009
-0.906 -0.155 0.482
-0.505 0.735 0.452
-1.709 0.435 0.341
-0.789 0.069 0.201
0.362 0.931 -0.055
-0.854 0.443 0.559
-0.300 -0.101 -0.072
0.359 0.839 -0.409
-0.055 0.679 0.370
-0.618 -0.148 0.374
-0.827 0.563 0.006
-0.889 0.358 0.640
-1.144 -0.081 -0.221
-0.125 0.898 -0.421
