559
-0.459 0.195 -0.350
-0.773 -0.414 0.379
-0.272 0.793 0.545
-0.401 0.150 -0.424
-0.787 -0.526 0.205
-0.393 0.737 0.550
-0.490 0.214 -0.420
-1.031 -0.424 0.128
-0.481 0.769 0.420
-0.397 0.411 -0.468
-1.028 0.360 0.306
-0.070 0.998 0.010
-0.450 0.424 -0.505
-1.234 0.342 0.111
-0.108 0.994 -0.006
-0.336 0.195 -0.378
-0.822 -0.487 0.169
-0.428 0.731 0.531
-0.434 0.498 -0.414
-0.591 0.528 0.573
-0.026 0.999 -0.034
-0.541 0.262 -0.309
-0.320 -0.307 0.482
0.170 0.822 0.544
-0.657 0.264 -0.209
0.121 -0.340 -0.041
0.590 0.797 0.130
-0.301 0.240 0.082
0.318 -0.454 -0.286
0.583 0.720 -0.377
-0.537 0.299 0.105
-0.123 -0.227 -0.638
0.164 0.846 -0.508
-0.570 0.323 0.182
-0.315 -0.141 -0.666
0.118 0.886 -0.449
-0.594 0.171 0.157
-0.624 -0.685 -0.359
-0.069 0.516 -0.854
-0.554 0.331 0.164
-1.024 -0.053 -0.631
-0.174 0.923 -0.343
-0.530 0.223 -0.077
-1.108 -0.429 -0.568
-0.498 0.758 -0.421
-0.557 0.182 -0.436
-1.186 -0.584 -0.303
-0.743 0.643 0.186
-0.303 0.167 -0.351
-0.753 -0.525 0.213
-0.427 0.722 0.545
