15
1.053 0.456 -2.678
1.347 0.074 -1.802
0.122 0.924 0.362
2.430 0.271 -2.516
2.060 -0.121 -1.674
-0.158 0.920 0.359
1.057 0.303 -3.615
0.939 -0.076 -2.697
-0.048 0.925 0.376
-0.007 0.369 -1.255
0.605 0.548 -0.486
-0.112 0.984 -0.140
-0.759 0.470 -2.165
-0.657 0.166 -1.218
0.032 0.953 0.302
1.322 0.265 -2.352
0.979 0.280 -1.413
0.005 1.000 -0.015
-3.231 0.476 0.185
-2.233 0.531 0.161
-0.055 0.998 0.001
-3.073 0.449 1.376
-2.122 0.187 1.211
0.259 0.965 -0.045
1.039 0.303 -2.695
1.417 0.392 -1.773
-0.034 0.996 -0.082
-2.073 0.540 2.787
-1.380 0.268 2.119
0.196 0.962 -0.189
-2.976 0.160 -0.012
-2.085 -0.293 0.008
0.453 0.892 0.010
-2.309 0.216 2.984
-1.635 0.288 2.248
-0.049 0.997 0.054
-0.758 0.281 2.320
-0.224 0.017 1.516
0.146 0.965 -0.220
-2.447 0.241 -0.420
-1.656 -0.280 -0.100
0.483 0.854 0.195
2.157 0.495 -2.289
1.301 0.028 -2.069
-0.452 0.884 0.116
