13
2.166 0.332 -5.055
1.671 -0.010 -4.256
-0.180 0.940 0.290
-0.380 0.466 3.145
-0.082 0.221 2.222
0.075 0.970 -0.232
1.839 0.334 3.329
1.580 -0.227 2.542
-0.175 0.828 -0.533
1.534 0.308 3.246
1.134 -0.253 2.521
-0.271 0.828 -0.491
2.328 0.685 -5.163
1.809 0.633 -4.309
-0.027 0.999 0.044
-3.057 0.543 1.519
-2.140 0.329 1.183
0.201 0.977 -0.073
-1.125 0.434 0.254
-0.399 -0.099 0.689
0.457 0.846 0.274
1.565 0.688 4.344
1.662 0.332 3.414
0.037 0.935 -0.354
-1.171 0.446 0.211
-0.355 -0.016 0.558
0.425 0.887 0.181
-2.607 0.563 1.942
-1.808 0.126 1.529
0.388 0.899 -0.200
-0.683 0.652 3.478
-0.082 0.016 2.995
0.496 0.772 -0.398
-2.177 0.648 1.784
-1.291 0.538 1.334
0.098 0.994 -0.050
-1.652 0.320 -0.241
-0.887 -0.308 -0.096
0.617 0.778 0.117
