33
1.025 0.145 2.022
1.160 0.069 1.034
0.010 0.997 -0.075
-0.237 -0.073 1.769
0.065 -0.062 0.816
-0.003 1.000 0.010
1.716 -0.076 1.996
1.872 -0.281 1.030
0.033 0.979 -0.203
0.789 -0.121 -0.878
0.436 -0.346 0.030
-0.082 0.974 0.210
2.822 0.055 -0.520
2.067 -0.157 -1.140
-0.164 0.977 -0.134
0.069 -0.057 1.000
-0.045 -0.208 0.018
-0.017 0.989 -0.150
-1.640 0.223 0.221
-0.817 -0.170 -0.188
0.352 0.920 -0.175
-2.514 0.082 0.565
-1.735 -0.023 1.182
0.083 0.994 0.066
1.409 -0.019 -0.725
0.619 -0.203 -0.141
-0.148 0.983 0.109
2.583 0.125 -0.251
1.963 -0.286 0.417
-0.280 0.912 0.301
-2.081 0.163 1.408
-1.294 -0.146 0.875
0.257 0.951 -0.174
-0.917 0.040 -1.729
-1.086 -0.019 -0.745
-0.010 0.998 0.058
0.511 0.187 -1.887
0.075 -0.115 -1.039
-0.138 0.953 0.268
-1.874 0.190 -1.902
-0.906 -0.028 -1.776
0.216 0.976 0.028
0.616 -0.044 1.337
1.072 -0.418 0.529
0.184 0.927 -0.326
2.854 -0.100 -0.926
2.252 -0.017 -0.132
0.050 0.997 -0.066
-1.358 -0.090 1.162
-0.573 -0.209 0.554
0.094 0.993 -0.073
-2.046 -0.003 -2.314
-2.015 -0.303 -1.360
0.010 0.954 0.299
1.223 0.022 1.524
1.573 -0.389 0.683
0.158 0.911 -0.380
-1.505 -0.128 -1.761
-0.512 -0.248 -1.748
0.120 0.993 0.002
3.080 -0.140 -1.098
2.269 -0.584 -0.718
-0.402 0.896 0.189
0.291 0.113 -1.339
0.211 -0.288 -0.426
-0.035 0.916 0.399
3.263 -0.016 -0.245
2.303 -0.203 -0.038
-0.183 0.982 0.039
-2.480 -0.136 0.556
-1.542 -0.391 0.322
0.248 0.967 -0.062
-3.124 0.059 0.462
-2.436 -0.380 -0.116
0.336 0.899 -0.282
0.460 -0.097 1.730
0.723 -0.521 0.864
0.123 0.906 -0.406
-2.309 0.137 -0.035
-1.576 0.092 0.644
0.033 0.999 0.031
-1.423 -0.118 -2.166
-1.368 0.082 -1.188
-0.011 0.980 -0.200
0.233 0.255 -1.194
-0.321 0.227 -0.363
-0.015 1.000 0.023
1.730 0.208 1.963
1.877 -0.331 1.134
0.094 0.842 -0.531
-0.261 0.198 -1.662
-0.501 0.309 -0.697
0.027 0.994 -0.107
-2.197 0.154 -0.670
-1.295 -0.272 -0.597
0.425 0.905 0.034
2.662 0.035 0.776
1.970 0.072 0.055
0.026 0.999 0.027
