11
-0.775 0.684 -0.823
-1.134 0.516 0.095
-0.061 0.986 0.156
1.190 0.501 0.292
0.308 0.108 0.549
-0.378 0.919 0.110
-1.323 0.485 1.702
-0.555 -0.056 2.044
0.494 0.841 0.220
-1.118 0.489 1.836
-0.297 0.099 1.419
0.347 0.921 -0.177
1.254 0.627 0.195
0.798 0.080 0.897
-0.298 0.837 0.459
-1.853 0.770 1.355
-1.101 0.123 1.228
0.638 0.763 -0.107
0.689 0.700 -1.297
0.180 0.225 -0.579
-0.275 0.880 0.388
0.457 0.811 1.566
0.143 0.114 0.921
-0.305 0.717 -0.627
0.286 0.494 -0.688
-0.570 0.423 -0.175
-0.061 0.997 0.037
-1.057 0.717 0.328
-0.251 0.137 0.445
0.574 0.815 0.083
-1.304 0.675 0.167
-0.521 0.294 0.658
0.323 0.924 0.203
