14
0.871 -0.063 -0.438
-0.111 -0.241 -0.507
-0.178 0.984 -0.013
1.919 -0.078 0.649
1.090 -0.251 0.116
-0.145 0.985 -0.093
-2.400 0.115 0.426
-2.207 -0.083 -0.535
0.039 0.980 -0.194
1.768 -0.051 0.882
1.078 -0.271 0.192
-0.155 0.976 -0.156
2.286 0.217 -0.194
1.297 0.282 -0.065
0.064 0.998 -0.008
-0.246 0.136 0.705
-0.555 -0.358 -0.107
-0.176 0.869 -0.462
1.759 0.018 0.882
1.089 -0.055 0.143
-0.049 0.997 -0.054
-2.372 0.084 -0.480
-1.518 -0.290 -0.841
0.344 0.927 -0.146
2.033 0.065 -0.196
1.144 0.200 0.241
0.121 0.991 -0.059
-0.245 0.264 0.688
0.372 -0.256 0.098
0.376 0.854 -0.359
1.711 -0.088 0.881
0.763 0.197 1.022
0.282 0.958 -0.042
-2.406 0.245 0.626
-2.060 0.238 -0.312
0.002 1.000 -0.007
-1.310 0.052 0.142
-1.166 -0.526 -0.660
0.102 0.815 -0.570
1.939 0.255 -0.197
1.201 -0.190 0.311
-0.367 0.895 0.253
