9
-1.577 -0.011 -1.105
-0.928 -0.162 -0.360
0.099 0.989 0.113
-1.517 0.015 -1.076
-0.921 0.201 -0.294
-0.112 0.983 -0.147
1.099 -0.136 1.984
1.512 0.046 1.091
-0.076 0.983 0.165
-2.839 -0.251 0.411
-1.928 -0.650 0.312
0.397 0.917 -0.043
-2.286 -0.058 0.163
-1.312 -0.164 -0.040
0.104 0.994 -0.022
-1.096 0.121 -0.868
-0.145 0.239 -0.585
-0.113 0.993 -0.034
-2.773 0.100 0.443
-1.828 0.044 0.121
0.053 0.998 -0.018
-2.405 0.014 0.625
-1.644 0.146 1.260
-0.101 0.991 -0.085
-1.761 -0.159 -1.778
-1.454 -0.686 -0.986
0.191 0.849 0.492
