18
1.105 0.445 1.013
0.232 0.537 0.534
0.080 0.996 0.044
0.350 0.419 -0.740
-0.405 0.058 -0.193
-0.293 0.932 0.212
0.613 0.269 0.002
-0.295 -0.021 -0.301
-0.275 0.957 -0.092
0.985 0.407 0.677
-0.006 0.343 0.798
-0.064 0.998 0.008
0.649 0.389 0.389
0.222 -0.411 -0.032
-0.570 0.599 -0.562
1.526 0.272 -1.026
0.877 0.269 -0.265
-0.002 1.000 0.002
0.749 0.241 -0.777
-0.102 -0.067 -0.352
-0.276 0.951 0.137
-0.093 0.433 0.348
0.499 -0.251 -0.079
0.555 0.730 -0.400
1.314 0.413 -1.565
0.857 0.593 -0.694
0.084 0.984 -0.160
1.323 0.539 -1.566
0.860 0.710 -0.696
0.080 0.985 -0.151
-0.671 0.382 0.182
0.022 -0.308 0.389
0.661 0.724 0.198
1.401 0.487 0.640
0.738 -0.227 0.412
-0.675 0.701 -0.231
-0.850 0.427 0.138
-0.407 -0.164 -0.537
0.325 0.807 -0.494
-1.383 0.527 -0.499
-1.386 -0.099 0.281
-0.003 0.780 0.625
1.394 0.323 -0.097
0.569 -0.161 -0.388
-0.457 0.875 -0.161
1.375 0.265 0.642
0.537 -0.274 0.559
-0.536 0.842 -0.053
-0.999 0.336 0.200
-0.241 -0.291 0.379
0.610 0.779 0.144
-1.067 0.296 0.939
-0.334 -0.154 0.429
0.370 0.893 -0.257
