18
-0.787 0.246 0.584
-1.065 -0.027 -0.337
-0.069 0.962 -0.265
-0.003 0.224 0.232
-0.564 -0.035 -0.555
-0.124 0.966 -0.229
-1.200 0.013 0.548
-0.804 -0.558 -0.171
0.253 0.821 -0.511
-0.811 0.170 0.801
-0.286 -0.219 0.044
0.293 0.917 -0.269
-0.248 0.077 0.709
0.445 -0.460 0.227
0.475 0.842 -0.255
-0.390 0.372 -0.042
0.553 0.320 0.286
0.070 0.997 -0.043
-0.517 0.086 -0.168
-0.187 -0.468 0.596
0.105 0.826 0.554
-0.595 0.164 -0.193
-0.571 -0.260 0.712
-0.050 0.904 0.425
-0.685 0.377 -0.221
-0.734 0.236 0.768
-0.046 0.989 0.139
-0.456 0.140 0.435
-1.029 -0.455 0.997
-0.509 0.797 0.325
-0.251 0.115 0.714
-0.975 -0.392 0.245
-0.399 0.861 -0.314
-0.584 0.150 0.776
-0.489 -0.247 -0.137
0.073 0.917 -0.391
0.063 0.178 0.658
0.876 -0.183 0.201
0.328 0.932 -0.153
0.953 0.075 0.067
1.428 -0.407 0.804
0.283 0.876 0.391
0.810 0.055 0.091
1.381 -0.493 0.702
0.383 0.837 0.391
1.372 0.108 0.213
1.096 -0.479 0.974
-0.207 0.809 0.550
1.209 0.164 0.106
0.701 -0.318 0.819
-0.255 0.875 0.411
0.285 0.145 0.642
-0.541 -0.418 0.662
-0.563 0.826 0.003
-0.770 0.151 0.637
-1.008 -0.238 -0.253
-0.063 0.921 -0.385
