13
-1.045 0.341 0.656
-0.647 0.013 -0.201
0.138 0.944 -0.298
-0.808 0.183 1.049
-0.172 -0.154 0.354
0.227 0.942 -0.249
-0.006 0.119 1.316
-0.129 0.181 0.325
0.008 0.998 0.061
-0.693 0.121 1.042
0.071 -0.360 0.611
0.419 0.877 -0.236
-1.014 0.294 1.387
-0.440 0.356 0.571
-0.035 0.998 0.050
0.051 0.399 0.995
0.659 -0.240 0.523
0.505 0.769 -0.392
-0.916 0.408 -1.982
-0.310 -0.268 -1.563
0.556 0.737 0.384
-1.021 0.437 1.233
-0.616 -0.089 0.486
0.250 0.850 -0.463
0.187 0.480 1.474
-0.180 0.247 0.573
-0.088 0.973 -0.215
-0.573 0.188 -2.004
-0.041 -0.417 -1.412
0.405 0.796 0.450
1.025 0.372 1.420
0.593 -0.199 0.722
-0.300 0.821 -0.485
-0.767 0.196 0.034
0.089 0.152 -0.481
0.037 0.999 -0.023
0.433 0.451 -1.580
0.064 -0.052 -0.799
-0.215 0.864 0.455
