10
1.310 0.357 -2.062
1.910 0.270 -1.266
0.023 0.996 0.091
2.113 0.371 -1.751
2.111 0.184 -0.768
-0.038 0.982 0.188
2.781 0.400 -0.842
2.256 0.139 -0.032
-0.179 0.964 0.194
2.290 0.539 0.852
1.426 0.312 1.303
-0.239 0.970 0.030
0.481 0.427 2.038
-0.473 0.136 2.100
-0.294 0.954 -0.057
-0.924 0.309 2.383
-1.613 0.023 1.717
-0.179 0.958 -0.225
-2.172 0.365 1.521
-1.794 0.084 0.639
0.164 0.958 -0.235
-1.438 0.419 0.056
-0.763 0.157 -0.634
0.225 0.963 -0.145
-0.384 0.381 -1.357
0.489 0.096 -1.753
0.256 0.959 -0.126
-0.031 0.292 -1.809
0.850 0.042 -1.408
0.222 0.968 0.117
1.594 0.376 -1.775
2.027 0.184 -0.895
0.009 0.978 0.209
