277
0.079 0.346 0.519
-0.682 -0.080 1.008
-0.364 0.905 0.223
-0.504 0.229 0.459
-0.673 -0.395 1.222
-0.172 0.781 0.600
0.311 0.221 0.967
1.057 -0.363 1.286
0.521 0.811 0.267
0.751 0.280 0.798
1.622 -0.211 0.798
0.489 0.866 -0.104
0.768 0.334 0.555
1.432 -0.133 -0.029
0.383 0.883 -0.270
-0.249 0.356 0.583
-0.470 -0.068 -0.295
-0.102 0.906 -0.412
-0.772 0.343 0.575
-1.278 -0.080 -0.177
-0.302 0.903 -0.305
-0.594 0.459 1.019
-1.564 0.235 1.111
-0.223 0.974 0.027
0.668 0.249 0.622
0.475 -0.390 1.367
-0.155 0.770 0.619
