10
-1.661 0.515 -0.131
-0.936 -0.048 0.266
0.494 0.827 0.270
0.155 0.782 -1.265
-0.301 0.102 -0.691
-0.423 0.733 0.532
-0.563 0.646 -0.343
-0.176 -0.029 0.285
0.354 0.738 0.575
-1.686 0.745 -0.724
-1.089 0.467 0.029
0.172 0.961 0.218
-0.552 0.616 -0.080
-0.524 -0.118 0.599
0.030 0.679 0.734
-0.817 0.584 -1.089
-0.317 0.454 -0.232
0.066 0.992 0.112
-1.038 0.450 1.137
-0.327 -0.232 0.964
0.662 0.731 -0.162
-1.655 0.813 0.025
-0.913 0.474 0.604
0.267 0.941 0.209
-1.572 0.602 0.635
-0.850 0.110 0.149
0.409 0.870 -0.275
-0.493 0.622 1.109
-0.024 -0.024 0.508
0.398 0.763 -0.509
