352
-0.650 0.397 0.086
-1.196 0.154 -0.716
-0.106 0.969 -0.222
-0.745 0.392 -0.349
-1.669 0.034 -0.478
-0.364 0.931 0.021
-0.924 0.416 -0.101
-0.925 0.036 0.824
0.060 0.923 0.380
-0.894 0.345 0.225
-0.287 -0.217 0.787
0.450 0.825 0.341
-0.994 0.328 -0.219
-0.272 -0.180 0.250
0.433 0.861 0.265
-0.499 0.381 -0.021
0.253 -0.197 -0.338
0.518 0.816 -0.258
-0.736 0.375 -0.349
0.014 -0.094 -0.816
0.317 0.874 -0.369
-0.642 0.308 -0.857
0.173 -0.235 -1.059
0.484 0.830 -0.276
-0.635 0.351 0.095
-0.613 -0.110 -0.792
0.016 0.887 -0.461
-0.016 0.295 0.273
-0.537 0.107 -0.560
-0.008 0.977 -0.215
-0.169 0.302 0.323
-1.078 -0.012 0.048
-0.297 0.950 -0.102
