9
-1.782 0.773 0.925
-1.463 0.534 0.008
0.079 0.971 -0.226
0.040 0.573 1.387
0.300 0.024 0.593
0.171 0.836 -0.522
1.050 0.720 -1.420
0.587 0.049 -0.841
-0.419 0.741 0.524
-0.957 0.814 -0.387
-0.140 0.242 -0.326
0.571 0.820 0.043
0.079 0.502 1.237
0.273 -0.016 0.404
0.118 0.855 -0.505
-0.751 0.669 -2.285
0.125 0.370 -1.907
0.275 0.954 0.118
0.004 0.810 -2.065
0.574 0.331 -1.397
0.311 0.878 0.364
1.014 0.704 1.715
0.348 0.605 0.976
-0.066 0.995 -0.074
1.091 0.829 0.526
0.364 0.395 -0.005
-0.351 0.901 -0.256
