9
-0.195 0.476 0.722
0.221 -0.070 1.449
0.300 0.837 0.457
-0.321 0.651 0.815
0.112 0.314 1.651
0.216 0.939 0.267
-0.181 0.526 0.478
0.726 0.133 0.630
0.394 0.919 0.023
0.059 0.439 -0.693
0.979 0.074 -0.550
0.371 0.929 -0.014
-0.242 0.437 0.391
-0.157 -0.081 -0.461
0.038 0.856 -0.516
-0.316 0.300 0.446
-1.103 -0.158 0.031
-0.425 0.888 -0.176
-0.216 0.368 0.200
-1.073 -0.051 -0.098
-0.400 0.908 -0.127
-0.103 0.406 -0.595
-0.215 0.064 -1.528
-0.082 0.939 -0.335
-0.492 0.467 0.474
0.370 0.097 0.128
0.345 0.929 -0.136
-0.714 0.645 1.002
-0.035 0.337 1.668
0.237 0.951 0.197
