14
2.536 0.012 -0.751
1.667 -0.449 -0.570
-0.451 0.887 0.094
-3.981 0.251 -1.213
-3.495 -0.299 -0.534
0.320 0.836 0.447
2.837 0.149 1.346
2.119 -0.403 0.922
-0.475 0.834 -0.282
-0.687 0.106 1.317
-0.520 -0.513 0.550
0.131 0.785 -0.606
-4.267 0.034 0.382
-3.328 -0.134 0.083
0.160 0.986 -0.051
-4.147 0.098 0.361
-3.185 -0.098 0.172
0.192 0.981 -0.038
3.317 0.054 1.283
2.365 -0.229 1.400
-0.281 0.959 0.035
3.309 0.068 -1.323
2.782 -0.268 -0.543
-0.188 0.942 0.278
3.451 -0.054 1.265
2.497 -0.293 1.445
-0.235 0.971 0.044
-3.962 0.173 -1.043
-2.986 0.055 -0.859
0.116 0.993 0.022
1.286 0.205 -2.663
0.620 -0.078 -1.972
-0.196 0.959 0.203
-4.032 -0.068 -1.656
-3.669 -0.380 -0.778
0.119 0.950 0.288
1.317 0.055 -2.302
1.331 -0.368 -1.396
0.007 0.906 0.423
-2.701 0.260 2.224
-2.150 -0.284 1.591
0.357 0.839 -0.410
