14
0.712 0.110 1.502
0.381 -0.384 0.698
-0.188 0.870 -0.456
0.337 0.357 -0.275
0.341 -0.122 0.603
0.002 0.878 0.479
1.146 0.255 -1.508
0.371 -0.332 -1.275
-0.562 0.810 0.169
1.351 0.368 -0.704
0.590 -0.138 -0.299
-0.447 0.862 0.238
1.013 0.080 -0.505
0.205 -0.412 -0.827
-0.457 0.871 -0.182
-0.436 0.249 1.317
0.335 -0.334 1.061
0.553 0.813 -0.184
1.349 0.404 -0.545
0.758 -0.208 -0.018
-0.457 0.791 0.407
-1.430 0.339 -0.686
-0.619 -0.122 -0.326
0.421 0.887 0.187
-1.676 0.273 -0.343
-1.119 -0.257 0.296
0.348 0.848 0.400
-1.315 0.112 0.191
-0.526 -0.442 -0.075
0.525 0.833 -0.177
0.354 0.100 -1.254
0.203 0.304 -0.286
0.031 0.979 -0.202
1.578 0.125 1.524
0.643 -0.214 1.421
-0.338 0.941 -0.037
1.489 0.426 -0.492
0.651 -0.116 -0.553
-0.541 0.840 -0.039
-0.667 0.287 -0.472
0.029 -0.169 0.083
0.357 0.890 0.284
