20
-2.016 0.281 -0.936
-1.165 0.450 -0.440
-0.146 0.986 -0.085
-2.581 0.356 -0.255
-1.597 0.526 -0.220
-0.171 0.985 -0.006
-1.524 0.205 -1.645
-1.113 0.020 -0.752
0.077 0.983 0.168
-2.390 0.309 0.720
-1.512 0.052 1.124
0.233 0.967 0.107
-1.126 0.285 -1.490
-0.193 0.422 -1.159
-0.129 0.991 -0.046
-2.523 0.080 -0.232
-1.714 0.060 0.355
0.017 1.000 0.012
-1.203 0.453 -1.520
-0.279 0.102 -1.370
0.347 0.936 0.056
0.874 0.283 -0.709
0.254 -0.384 -0.294
-0.554 0.745 0.371
-1.663 0.429 0.103
-0.806 -0.081 0.178
0.508 0.860 0.044
0.911 0.267 -0.806
0.082 -0.207 -0.507
-0.445 0.881 0.161
-1.755 0.176 -0.886
-1.226 0.408 -0.071
-0.127 0.973 -0.195
1.869 0.095 -0.850
1.163 -0.510 -0.481
-0.536 0.797 0.280
2.131 0.124 -0.753
1.194 -0.040 -0.443
-0.156 0.986 0.052
-1.367 0.355 -0.683
-0.403 0.135 -0.836
0.218 0.975 -0.035
-2.286 0.449 0.761
-1.444 0.007 0.451
0.415 0.897 -0.153
0.937 0.301 -0.876
0.561 -0.298 -0.169
-0.282 0.800 0.529
1.524 0.406 -0.082
0.777 -0.259 -0.103
-0.664 0.747 -0.019
-1.453 0.309 -0.163
-0.599 -0.209 -0.205
0.517 0.855 -0.026
-2.602 0.320 0.482
-1.728 -0.100 0.237
0.405 0.907 -0.113
-2.085 0.319 0.839
-1.261 0.535 0.314
-0.182 0.976 0.116
