9
0.416 1.089 -1.263
-0.195 0.422 -0.837
-0.547 0.745 0.382
-1.672 0.979 0.203
-1.331 0.119 -0.178
0.574 0.511 -0.639
0.721 0.815 1.275
0.858 0.304 0.426
0.081 0.860 -0.504
2.460 1.064 1.619
1.681 0.665 1.136
-0.339 0.917 -0.210
-2.031 0.928 -2.042
-1.646 0.516 -1.216
0.174 0.911 0.374
-2.921 0.822 -1.951
-2.382 0.403 -1.220
0.248 0.908 0.337
0.427 0.891 -1.377
0.579 0.552 -0.449
0.055 0.941 0.334
0.378 0.879 -0.877
0.456 0.329 -0.045
0.051 0.835 0.547
-3.206 0.884 -1.975
-2.558 0.804 -1.218
0.052 0.997 0.061
