328
2.019 0.681 -0.466
2.315 0.204 -1.294
0.101 0.877 -0.469
2.104 0.628 -0.388
1.497 0.081 -0.965
-0.349 0.835 -0.426
0.969 0.628 -1.048
0.109 0.120 -1.005
-0.508 0.861 0.018
-0.760 0.645 -1.547
-1.416 0.067 -1.063
-0.459 0.815 0.353
-2.454 0.696 -1.175
-2.524 0.033 -0.430
-0.042 0.749 0.662
-2.768 0.767 0.331
-2.074 0.112 0.628
0.614 0.755 0.232
-1.266 0.760 0.923
-0.397 0.270 0.854
0.485 0.872 -0.070
0.560 0.652 1.087
1.026 0.132 0.371
0.289 0.854 -0.433
1.818 0.608 0.023
1.216 -0.005 -0.489
-0.447 0.790 -0.420
1.709 0.686 -0.570
0.963 0.225 -1.050
-0.368 0.887 -0.280
