12
-3.116 0.289 -2.898
-2.458 -0.121 -2.266
0.296 0.912 0.284
-3.090 0.214 -2.742
-2.165 -0.151 -2.640
0.364 0.931 0.040
0.148 0.046 3.321
0.285 -0.018 2.333
0.009 0.998 -0.063
-3.763 0.414 -0.704
-2.874 -0.026 -0.579
0.435 0.898 0.061
-2.542 0.228 -2.819
-1.581 0.005 -2.654
0.220 0.975 0.038
5.448 0.340 2.280
4.646 -0.102 1.878
-0.396 0.897 -0.198
-3.636 0.378 -0.837
-2.812 -0.183 -0.768
0.560 0.827 0.047
-3.166 0.408 -1.061
-2.399 -0.063 -1.497
0.410 0.882 -0.233
-1.513 0.306 1.691
-0.830 -0.228 1.193
0.431 0.846 -0.315
-2.898 0.073 -1.189
-1.900 0.085 -1.124
-0.012 1.000 -0.001
-2.166 0.325 2.343
-1.622 0.314 1.503
0.006 1.000 -0.009
2.957 0.088 3.474
2.079 -0.052 3.015
-0.124 0.990 -0.065
