16
1.166 -0.042 -0.100
0.171 -0.147 -0.119
-0.104 0.995 -0.002
2.092 0.132 -0.690
1.219 -0.039 -0.232
-0.152 0.985 0.080
1.873 0.141 -0.173
0.912 -0.111 -0.289
-0.250 0.968 -0.030
2.035 0.278 0.743
1.219 -0.210 0.433
-0.456 0.873 -0.173
1.245 0.204 -0.108
0.283 0.127 -0.370
-0.075 0.997 -0.020
1.525 0.062 0.210
0.666 -0.391 -0.028
-0.437 0.891 -0.121
2.083 0.135 -1.127
1.338 -0.410 -0.743
-0.484 0.839 0.249
0.522 0.167 -0.436
-0.364 -0.293 -0.386
-0.460 0.888 0.026
1.603 -0.067 -1.077
0.927 -0.481 -0.467
-0.307 0.911 0.277
-1.442 0.311 1.020
-0.629 -0.100 0.607
0.367 0.911 -0.186
2.464 0.265 0.270
1.603 0.043 -0.188
-0.195 0.975 -0.104
1.218 0.114 -0.103
0.813 -0.525 0.550
-0.337 0.769 0.543
-2.150 0.183 0.729
-1.560 -0.465 0.248
0.503 0.761 -0.409
0.619 0.035 0.456
-0.075 -0.323 -0.169
-0.265 0.934 -0.239
-1.572 0.245 0.101
-0.734 -0.273 0.276
0.507 0.855 0.106
2.446 0.169 0.107
2.008 -0.439 -0.556
-0.335 0.795 -0.507
