22
-0.657 0.169 -0.007
-1.624 -0.077 -0.071
-0.246 0.969 -0.016
1.598 0.359 0.029
0.653 0.074 0.187
-0.282 0.958 0.047
0.327 0.169 -0.837
-0.594 0.002 -0.483
-0.156 0.986 0.060
1.769 0.123 -0.869
0.785 0.190 -0.705
0.066 0.998 -0.011
-2.982 0.430 0.397
-2.805 0.070 -0.518
0.068 0.933 -0.354
-2.957 0.502 0.154
-2.757 0.355 -0.815
0.030 0.989 -0.144
0.852 0.500 -0.887
0.153 0.050 -0.330
-0.352 0.893 0.280
1.280 0.478 -1.298
0.695 0.233 -0.525
-0.148 0.969 0.196
1.280 0.184 -0.973
0.638 0.094 -0.211
-0.058 0.996 0.069
1.299 0.237 0.925
0.329 0.472 0.978
0.235 0.972 -0.013
-2.190 0.291 -1.362
-1.544 0.007 -0.653
0.191 0.959 0.210
-1.697 0.280 -1.525
-2.076 0.343 -0.602
0.024 0.998 -0.058
1.155 0.398 0.021
0.216 0.069 -0.077
-0.328 0.944 -0.034
1.594 0.340 -1.774
0.928 0.006 -1.107
-0.236 0.943 0.236
-1.684 0.244 0.488
-0.766 -0.095 0.284
0.331 0.941 -0.074
1.928 0.180 1.838
1.254 0.378 1.127
0.136 0.980 0.144
1.280 0.412 -1.116
0.739 0.321 -0.280
-0.050 0.996 0.077
-2.917 0.210 -0.413
-2.002 0.067 -0.036
0.132 0.990 0.054
-0.666 0.157 0.090
-1.574 -0.065 0.445
-0.207 0.975 0.081
-2.248 0.428 1.239
-2.318 0.006 0.335
-0.033 0.907 -0.420
1.659 0.246 0.931
0.731 0.111 1.281
-0.126 0.991 0.048
1.927 0.288 -1.633
1.893 -0.309 -0.831
-0.025 0.803 0.596
