765
-1.722 0.329 -0.217
-0.846 0.129 0.222
0.179 0.980 0.089
-1.165 0.217 -0.203
-0.867 -0.086 0.702
0.147 0.952 0.270
-0.947 0.231 -0.062
-1.285 0.025 0.856
-0.052 0.978 0.201
-1.650 0.096 0.330
-2.382 -0.325 0.865
-0.330 0.907 0.262
-1.458 0.174 0.368
-2.277 -0.181 -0.085
-0.284 0.934 -0.217
-1.831 0.363 0.182
-1.941 0.232 -0.803
0.027 0.991 -0.135
-1.961 0.361 -0.048
-1.243 0.112 -0.699
0.241 0.965 -0.104
-1.990 0.383 0.187
-1.019 0.229 0.370
0.150 0.988 0.038
-1.333 0.190 -0.157
-0.502 -0.151 0.281
0.323 0.939 0.120
0.174 0.059 -0.683
0.974 -0.400 -0.299
0.424 0.888 0.180
1.262 0.054 -0.224
1.684 -0.396 0.563
0.220 0.893 0.393
1.424 0.250 0.014
2.177 0.046 0.639
0.117 0.977 0.179
1.459 0.123 0.336
1.173 -0.239 1.223
-0.095 0.932 0.350
1.271 0.155 0.453
0.423 -0.147 0.888
-0.253 0.953 0.167
1.042 0.280 1.068
0.268 0.079 0.467
-0.134 0.979 -0.154
0.928 0.121 0.783
0.863 -0.241 -0.147
0.026 0.931 -0.364
1.066 -0.020 0.379
1.723 -0.515 -0.191
0.363 0.869 -0.337
1.328 0.264 -0.636
1.776 0.070 0.237
0.090 0.981 0.172
1.196 0.157 -0.413
0.661 0.058 0.426
-0.034 0.995 0.096
1.201 0.208 -0.648
0.459 0.105 0.015
-0.079 0.995 0.066
