13
4.694 0.116 -1.679
3.744 -0.182 -1.774
-0.296 0.955 -0.030
1.448 -0.081 1.611
1.199 -0.498 0.737
-0.114 0.909 -0.401
-0.086 0.160 3.344
0.157 -0.087 2.406
0.062 0.969 -0.239
3.066 -0.132 -0.039
2.218 -0.645 -0.170
-0.507 0.859 -0.078
1.260 -0.163 -5.100
1.002 -0.383 -4.160
-0.058 0.976 0.212
-0.907 -0.173 1.469
-0.311 -0.497 0.735
0.204 0.946 -0.252
-3.846 -0.083 -0.408
-2.850 -0.104 -0.322
0.021 1.000 0.002
3.597 0.044 -1.762
2.603 -0.065 -1.773
-0.108 0.994 -0.001
-0.849 0.111 -3.953
-0.596 -0.502 -3.204
0.196 0.790 0.581
0.365 0.150 3.451
0.756 -0.203 2.601
0.148 0.935 -0.321
0.319 -0.146 3.495
0.394 -0.627 2.621
0.041 0.877 -0.479
3.461 -0.050 -1.640
2.714 -0.629 -1.312
-0.530 0.815 0.233
3.158 0.156 0.053
2.184 0.032 -0.138
-0.121 0.992 -0.024
