768
-1.637 0.614 -1.785
-1.804 0.345 -0.837
-0.076 0.963 0.260
-1.974 0.552 -1.359
-1.892 0.265 -0.405
0.015 0.958 0.287
-2.096 0.470 -0.237
-2.129 0.039 0.665
0.059 0.900 0.432
-2.020 0.491 0.339
-1.259 0.087 0.848
0.329 0.915 0.236
-1.659 0.510 1.398
-0.810 0.104 1.738
0.368 0.914 0.172
-1.296 0.549 2.236
-0.356 0.209 2.259
0.340 0.940 -0.009
-1.361 0.516 2.109
-0.461 0.147 1.877
0.354 0.929 -0.103
0.431 0.452 2.052
1.131 -0.024 1.519
0.397 0.879 -0.263
1.495 0.499 1.845
1.621 0.118 0.929
0.085 0.924 -0.373
2.086 0.480 0.768
1.882 0.065 -0.118
-0.067 0.909 -0.411
2.287 0.482 -0.270
1.791 0.065 -1.031
-0.239 0.909 -0.343
1.529 0.489 -1.402
0.657 0.026 -1.559
-0.459 0.886 -0.061
0.457 0.462 -1.752
-0.429 0.007 -1.841
-0.457 0.890 -0.000
-0.405 0.413 -1.969
-1.224 -0.057 -1.639
-0.435 0.883 0.177
-1.112 0.407 -1.883
-1.553 0.002 -1.083
-0.249 0.912 0.325
-1.712 0.413 -1.435
-1.881 0.057 -0.515
-0.078 0.934 0.348
-1.997 0.489 -1.183
-1.477 -0.029 -0.505
0.283 0.854 0.436
-2.078 0.403 -1.681
-1.320 -0.193 -1.416
0.555 0.803 0.217
-2.516 0.436 -1.479
-2.067 -0.025 -0.714
0.179 0.885 0.429
-2.113 0.555 -1.645
-1.211 0.124 -1.640
0.430 0.902 0.037
