11
-0.484 0.525 1.083
-1.431 0.458 0.769
-0.064 0.998 -0.021
-0.999 0.454 0.926
-1.861 0.159 0.514
-0.266 0.956 -0.127
-0.799 0.571 0.070
-1.550 0.092 -0.384
-0.409 0.878 -0.248
-0.623 0.517 0.200
-1.273 0.438 -0.556
-0.051 0.997 -0.059
-1.767 0.333 1.013
-1.872 -0.172 0.157
-0.061 0.863 -0.502
-0.884 0.269 -1.113
-1.874 0.259 -0.968
-0.010 1.000 0.001
-0.595 0.211 -1.473
0.380 0.217 -1.252
-0.006 1.000 -0.001
-0.472 0.312 -1.122
-1.199 0.090 -0.472
-0.165 0.975 0.148
-0.201 0.458 -1.128
-1.011 -0.129 -1.134
-0.587 0.810 -0.004
-1.345 0.488 -1.450
-0.776 -0.034 -0.814
0.348 0.853 0.389
-1.374 0.514 0.927
-0.601 0.234 0.357
0.226 0.960 -0.166
