8
0.648 0.125 -0.227
0.050 -0.524 0.243
-0.536 0.760 0.368
0.504 0.396 0.142
-0.407 0.251 0.530
-0.120 0.989 0.088
0.372 0.197 -0.061
-0.395 -0.429 -0.203
-0.613 0.779 -0.129
-1.103 -0.009 -0.218
-1.683 -0.649 -0.722
-0.423 0.766 -0.485
-1.588 -0.003 -0.342
-0.949 -0.626 -0.794
0.567 0.778 -0.271
-1.535 0.036 -0.308
-0.749 -0.461 -0.677
0.448 0.867 -0.216
-1.531 0.223 -0.029
-0.906 -0.307 0.544
0.394 0.848 0.356
-0.180 0.082 -0.011
0.231 -0.471 0.714
0.109 0.819 0.563
-0.272 0.097 -0.227
-0.626 -0.707 0.251
-0.567 0.590 0.574
