8
-0.263 0.368 0.564
-1.204 0.098 0.772
-0.260 0.963 0.073
-0.163 0.336 0.764
-0.912 -0.024 0.207
-0.303 0.933 -0.195
-0.311 0.226 1.279
-0.674 -0.209 0.455
-0.154 0.900 -0.408
-0.718 0.306 0.670
-0.265 -0.031 -0.155
0.165 0.941 -0.294
-0.249 0.211 0.146
0.399 -0.499 -0.131
0.651 0.705 -0.283
0.007 0.459 -0.806
0.255 0.116 0.101
0.051 0.939 0.341
0.517 0.432 -0.937
0.147 -0.023 -0.126
-0.220 0.890 0.399
1.302 0.448 -0.874
0.543 -0.000 -0.403
-0.378 0.894 0.242
0.904 0.500 -0.120
-0.022 0.298 -0.442
-0.217 0.976 0.011
