10
4.261 0.803 1.029
3.295 0.757 0.774
-0.044 0.999 -0.012
0.857 0.877 1.350
0.165 0.277 0.949
-0.520 0.799 -0.301
-3.664 0.867 -0.397
-2.847 0.509 0.055
0.313 0.934 0.174
3.879 0.868 -1.718
3.136 0.936 -1.053
0.051 0.998 -0.045
1.413 0.724 -1.368
0.982 0.634 -0.469
-0.039 0.996 0.081
-1.189 0.991 -0.018
-0.663 0.294 0.470
0.511 0.717 0.474
-1.643 1.079 2.810
-1.064 0.931 2.008
0.086 0.989 -0.119
-1.240 0.961 -0.363
-0.734 0.613 0.426
0.188 0.938 0.292
-1.763 0.894 2.830
-1.057 0.898 2.122
-0.002 1.000 0.002
1.537 0.818 -0.532
1.241 0.136 0.137
-0.276 0.732 0.623
