16
-0.917 0.626 -2.394
-0.290 0.374 -1.657
0.163 0.968 0.192
-0.972 0.516 -2.439
-0.656 0.351 -1.504
0.053 0.986 0.156
4.126 0.456 0.572
3.207 0.086 0.706
-0.366 0.929 0.054
1.969 0.268 3.320
1.529 -0.158 2.529
-0.207 0.905 -0.372
-0.000 0.353 -3.897
-0.034 0.332 -2.898
-0.001 1.000 0.022
0.373 0.622 3.306
0.339 0.124 2.439
-0.020 0.867 -0.497
1.485 0.581 2.906
1.084 0.049 2.160
-0.251 0.847 -0.468
0.568 0.244 4.419
0.591 -0.274 3.564
0.014 0.855 -0.518
4.035 0.565 0.494
3.082 0.309 0.656
-0.253 0.967 0.043
0.775 0.334 -3.265
0.653 -0.111 -2.377
-0.060 0.896 0.441
4.695 0.391 0.209
3.892 -0.204 0.180
-0.594 0.804 -0.021
-2.100 0.495 -1.106
-1.753 -0.042 -0.337
0.221 0.843 0.490
-3.753 0.623 0.076
-2.864 0.304 -0.250
0.300 0.948 -0.110
1.972 0.329 -1.976
1.340 -0.204 -1.414
-0.398 0.846 0.354
1.577 0.378 -1.509
0.826 -0.226 -1.246
-0.570 0.797 0.200
-1.452 0.404 2.761
-1.298 -0.120 1.924
0.095 0.852 -0.515
