27
-2.068 -0.171 -0.040
-1.694 -0.585 -0.870
0.270 0.905 -0.330
-1.682 -0.015 -0.406
-1.016 -0.175 -1.135
0.147 0.986 -0.082
-1.361 -0.116 -0.605
-0.503 -0.552 -0.878
0.454 0.891 0.002
-0.158 -0.103 -0.726
0.704 -0.606 -0.668
0.500 0.864 0.056
-1.379 0.016 -1.012
-0.680 -0.464 -0.481
0.385 0.877 0.287
-1.665 -0.066 -1.096
-1.686 -0.692 -0.317
-0.013 0.779 0.627
-0.744 -0.131 0.148
-1.276 -0.655 0.813
-0.332 0.852 0.405
-0.447 -0.059 0.780
-1.431 -0.180 0.646
-0.120 0.993 -0.008
-0.451 -0.352 0.152
-0.740 -1.004 -0.548
-0.312 0.756 -0.576
-1.135 -0.026 -0.682
-1.400 0.091 -1.640
0.039 0.993 0.110
-2.103 -0.199 -0.542
-1.533 -0.931 -0.915
0.730 0.660 -0.177
-1.204 0.003 -0.585
-0.383 -0.176 -1.127
0.166 0.983 -0.073
0.034 -0.144 -0.163
0.722 -0.444 -0.823
0.271 0.951 -0.150
-0.014 -0.274 -0.246
-0.640 -0.801 -0.820
-0.432 0.848 -0.307
0.176 -0.207 -0.645
-0.501 -0.726 -0.123
-0.382 0.854 0.354
-1.536 0.059 -0.563
-2.295 0.074 0.088
0.135 0.982 0.134
-1.356 -0.155 -1.057
-1.017 -0.864 -0.438
0.342 0.705 0.621
-0.199 -0.029 -0.995
0.677 -0.463 -0.784
0.402 0.899 0.176
1.252 0.007 -0.757
2.073 -0.213 -0.230
0.160 0.975 0.155
1.633 -0.137 -0.857
2.257 -0.772 -0.402
0.475 0.771 0.424
2.059 -0.009 -0.433
1.793 -0.435 0.432
-0.136 0.905 0.403
1.928 -0.127 -0.334
1.091 -0.648 -0.502
-0.523 0.852 -0.034
2.043 0.009 -0.416
1.469 0.153 -1.222
-0.066 0.973 0.221
2.197 -0.066 -0.285
1.447 -0.425 0.271
-0.254 0.932 0.259
2.026 -0.201 1.032
1.202 -0.736 1.217
-0.534 0.843 0.062
0.893 -0.205 2.851
0.170 -0.632 2.307
-0.382 0.902 -0.201
-0.438 -0.185 3.117
-0.976 -0.600 2.383
-0.278 0.909 -0.310
-0.985 -0.197 1.470
-0.518 -0.521 0.648
0.212 0.944 -0.252
