23
-1.599 0.441 -2.210
-0.809 0.308 -1.612
0.107 0.991 0.081
2.202 0.653 -0.090
1.789 0.216 -0.888
-0.201 0.899 -0.388
1.091 0.594 -2.950
1.120 0.213 -2.026
0.012 0.925 0.381
-3.100 0.559 -1.908
-2.123 0.414 -1.751
0.143 0.990 0.023
-3.134 0.526 -1.178
-2.355 -0.036 -0.900
0.529 0.827 0.189
-1.493 0.459 2.784
-1.205 0.054 1.916
0.127 0.915 -0.384
-1.291 0.545 2.296
-0.434 0.591 1.782
-0.039 0.999 0.024
1.207 0.353 -2.708
1.442 -0.253 -1.948
0.179 0.796 0.578
-1.162 0.664 0.260
-0.247 0.475 -0.095
0.177 0.982 -0.068
-2.952 0.400 -1.970
-2.074 -0.071 -1.888
0.469 0.882 0.043
-2.112 0.646 -1.328
-1.310 0.239 -0.889
0.357 0.913 0.196
0.907 0.689 -3.335
0.523 0.367 -2.469
-0.131 0.947 0.294
-0.916 0.413 1.872
-1.057 -0.225 1.115
-0.117 0.770 -0.627
-1.460 0.493 2.366
-0.694 0.376 1.735
0.090 0.993 -0.074
-2.064 0.421 -1.062
-1.676 -0.176 -0.360
0.289 0.802 0.522
-1.094 0.466 1.502
-1.047 -0.174 0.736
0.039 0.768 -0.639
-2.503 0.637 -1.979
-2.068 0.327 -1.133
0.142 0.951 0.276
2.098 0.595 0.247
1.341 0.299 0.830
-0.235 0.955 0.180
-2.058 0.336 -0.359
-1.120 0.390 -0.019
-0.051 0.999 -0.019
-0.156 0.571 1.342
-0.229 -0.056 0.566
-0.059 0.779 -0.624
-1.765 0.587 1.502
-0.777 0.583 1.348
0.004 1.000 -0.001
2.172 0.395 -0.152
1.716 0.078 -0.984
-0.152 0.949 -0.278
-1.685 0.532 -2.390
-1.290 -0.115 -1.738
0.336 0.762 0.554
