13
-0.260 0.390 1.373
-1.014 -0.187 1.059
-0.533 0.816 -0.222
-1.626 0.383 0.842
-1.432 -0.282 0.121
0.173 0.747 -0.642
0.542 0.345 0.735
-0.126 0.002 0.075
-0.244 0.939 -0.241
-0.208 0.416 1.379
-1.030 -0.093 1.126
-0.487 0.860 -0.150
0.158 0.447 0.341
-0.640 0.144 -0.181
-0.253 0.953 -0.166
0.436 0.314 0.370
-0.102 -0.370 -0.123
-0.504 0.730 -0.462
-0.238 0.464 -0.217
-0.486 -0.325 0.344
-0.320 0.614 0.722
-1.316 0.632 -0.198
-1.293 0.032 0.601
0.017 0.800 0.600
-1.212 0.663 -1.215
-0.941 0.095 -0.438
0.187 0.823 0.537
1.457 0.614 -1.304
0.895 0.061 -0.688
-0.373 0.833 0.408
1.682 0.351 -1.276
0.983 -0.312 -1.010
-0.620 0.748 0.236
1.982 0.411 -0.875
1.265 -0.135 -0.442
-0.467 0.838 0.282
0.140 0.585 1.415
-0.444 0.456 0.613
-0.076 0.992 -0.104
