17
-1.216 0.430 1.234
-1.160 0.475 0.237
-0.003 0.999 0.045
-1.906 0.253 2.245
-1.254 0.314 1.490
-0.040 0.998 0.046
1.652 0.335 2.101
0.934 -0.181 1.634
-0.433 0.856 -0.282
-0.416 0.316 -0.017
-0.444 0.417 0.977
0.003 0.995 -0.101
1.382 0.468 2.090
0.656 -0.121 1.734
-0.529 0.808 -0.260
1.690 0.428 2.103
1.044 -0.212 1.687
-0.539 0.768 -0.347
1.471 0.220 -0.410
0.825 -0.275 0.170
-0.369 0.869 0.331
1.616 0.155 1.983
1.075 0.041 1.150
-0.062 0.993 -0.096
1.482 0.217 0.265
0.955 0.158 1.113
-0.032 0.998 0.051
1.480 0.299 0.162
0.987 0.064 0.999
-0.119 0.972 0.202
2.424 0.437 -0.023
1.520 0.306 0.384
-0.119 0.991 0.054
1.443 0.155 1.145
0.550 0.019 1.574
-0.123 0.991 0.059
-1.368 0.180 -0.325
-0.652 -0.248 0.227
0.339 0.904 0.261
2.105 0.175 1.172
1.139 0.104 1.419
-0.069 0.997 0.018
-0.276 0.276 1.802
-0.010 0.025 0.872
0.069 0.968 -0.241
-2.167 0.468 1.600
-1.264 0.360 1.184
0.098 0.994 -0.045
2.186 0.338 0.228
1.189 0.423 0.226
0.084 0.996 0.000
