17
0.807 0.084 1.654
1.205 -0.281 0.812
0.139 0.931 -0.337
0.561 0.119 1.658
0.382 -0.183 0.722
-0.099 0.952 -0.289
-0.087 0.181 1.571
-0.846 -0.021 0.951
-0.083 0.973 -0.215
0.143 0.048 1.948
-0.511 -0.389 1.330
-0.279 0.898 -0.339
0.728 0.066 1.878
0.744 -0.417 1.003
0.057 0.875 -0.482
0.867 0.085 1.787
0.649 -0.281 0.882
-0.077 0.931 -0.358
1.550 0.094 0.721
0.699 -0.288 0.361
-0.363 0.924 -0.124
0.892 0.106 -0.101
0.152 -0.230 0.482
-0.255 0.942 0.219
1.608 0.026 -0.314
1.046 -0.513 0.314
-0.363 0.842 0.398
1.206 0.050 -0.211
1.134 -0.415 0.672
-0.033 0.885 0.464
-0.082 0.005 -0.387
0.592 -0.527 0.126
0.393 0.846 0.361
-0.147 0.125 0.156
0.782 -0.188 0.353
0.308 0.950 0.053
-0.174 0.112 0.214
0.479 0.155 -0.542
0.027 0.996 0.080
0.173 0.101 -0.413
1.120 -0.203 -0.311
0.296 0.952 0.082
1.505 0.029 -0.100
1.319 -0.449 0.759
-0.119 0.878 0.463
1.835 0.088 0.476
0.924 -0.325 0.496
-0.412 0.911 0.036
1.582 0.004 1.799
0.832 -0.461 1.329
-0.430 0.883 -0.186
1.208 0.136 1.543
1.505 -0.140 0.629
0.097 0.961 -0.259
