305
0.177 0.386 -0.780
1.002 -0.005 -0.371
0.339 0.920 0.196
0.229 0.423 -0.735
0.907 0.196 -0.036
0.079 0.968 0.238
0.196 0.389 -0.484
-0.476 -0.095 0.077
-0.394 0.875 0.282
0.598 0.433 -0.289
-0.383 0.238 -0.255
-0.194 0.981 0.029
0.038 0.373 0.398
-0.539 -0.080 -0.281
-0.280 0.891 -0.356
-0.317 0.394 0.058
-0.499 -0.083 -0.803
-0.172 0.877 -0.449
-1.165 0.401 -0.178
-0.470 -0.123 -0.671
0.439 0.851 -0.286
-1.322 0.417 -0.082
-0.424 -0.013 0.008
0.432 0.902 0.010
-0.144 0.376 -0.112
-0.003 -0.127 0.740
0.198 0.858 0.474
0.781 0.429 -0.749
-0.083 0.060 -0.406
-0.341 0.929 0.140
