32
-0.450 0.598 4.257
-0.175 0.458 3.306
0.039 0.990 -0.134
-3.793 0.824 -1.760
-3.018 0.523 -1.205
0.245 0.954 0.175
-1.322 0.823 -2.374
-0.558 0.318 -1.972
0.447 0.863 0.235
-2.688 0.691 -2.059
-1.834 0.288 -1.728
0.375 0.915 0.145
-0.102 0.717 2.860
0.209 0.786 1.912
-0.022 0.998 0.066
-2.840 0.565 -1.063
-1.927 0.311 -0.741
0.239 0.967 0.084
-0.162 0.728 4.119
0.428 0.642 3.317
0.051 0.996 -0.069
-2.828 0.586 -1.068
-1.867 0.391 -1.267
0.191 0.981 -0.039
-2.860 0.929 -1.053
-2.065 0.470 -0.655
0.410 0.889 0.205
0.628 0.648 2.448
0.007 0.137 1.854
-0.369 0.860 -0.352
-2.777 0.705 -1.554
-2.287 0.093 -0.933
0.379 0.791 0.480
-0.814 0.922 -3.253
-0.023 0.706 -2.681
0.175 0.976 0.127
0.984 0.926 3.285
0.974 0.841 2.288
-0.001 0.996 -0.085
3.345 0.776 1.061
2.608 0.231 0.663
-0.480 0.838 -0.260
-1.453 0.836 -2.654
-1.069 0.322 -1.887
0.230 0.857 0.460
-2.520 0.694 -0.293
-1.661 0.335 0.074
0.330 0.933 0.141
3.286 0.700 2.315
2.493 0.313 1.845
-0.332 0.922 -0.197
2.418 0.564 2.401
2.278 0.310 1.444
-0.037 0.967 -0.252
1.761 0.921 2.984
1.286 0.570 2.176
-0.178 0.937 -0.302
0.042 0.821 -3.389
0.579 0.371 -2.676
0.271 0.893 0.360
-1.382 0.948 2.857
-1.115 0.710 1.923
0.065 0.971 -0.229
-1.846 0.611 1.232
-0.975 0.123 1.278
0.487 0.873 0.026
3.648 0.785 1.839
2.872 0.205 1.593
-0.553 0.814 -0.176
-1.939 0.885 1.277
-1.099 0.371 1.109
0.505 0.857 -0.101
-0.501 0.922 4.050
-0.584 0.825 3.058
-0.008 0.995 -0.096
2.925 0.795 1.465
2.102 0.269 1.254
-0.510 0.850 -0.130
-2.490 0.901 0.617
-1.752 0.383 0.182
0.446 0.856 -0.263
-0.599 0.633 3.405
-0.012 0.751 2.604
-0.070 0.993 0.095
0.075 0.627 3.275
-0.101 0.620 2.291
-0.001 1.000 -0.006
-0.755 0.913 2.557
0.161 0.855 2.160
0.054 0.998 -0.023
-2.598 0.866 -1.171
-1.911 0.507 -0.539
0.264 0.933 0.243
2.368 0.758 2.283
1.780 0.530 1.507
-0.138 0.973 -0.182
