10
-3.483 -0.031 2.095
-3.033 -0.652 1.453
0.357 0.783 -0.509
2.668 0.194 -1.757
2.108 -0.285 -1.080
-0.305 0.878 0.369
-2.355 0.002 -0.714
-1.563 -0.550 -0.455
0.525 0.834 0.171
1.191 -0.044 3.491
0.736 -0.493 2.722
-0.228 0.894 -0.386
-1.701 0.105 -3.271
-1.347 -0.304 -2.430
0.159 0.913 0.376
-1.616 0.081 -3.376
-0.999 -0.241 -2.658
0.210 0.947 0.244
-3.194 0.145 1.047
-2.296 -0.005 0.633
0.136 0.989 -0.063
-2.748 0.329 -0.804
-1.948 -0.271 -0.790
0.600 0.800 0.011
-1.697 0.268 -3.286
-1.652 -0.154 -2.381
0.021 0.906 0.422
-0.743 0.347 2.539
-0.615 0.156 1.565
0.025 0.982 -0.189
