10
-1.614 0.685 -0.842
-1.446 0.437 0.112
0.043 0.969 0.244
0.783 0.382 0.109
0.172 0.071 0.837
-0.200 0.950 0.238
-1.421 0.684 -1.828
-1.242 0.634 -0.845
0.009 0.999 0.050
-0.492 0.565 -0.362
-1.013 0.097 0.352
-0.276 0.884 0.378
-0.388 0.345 -0.837
-0.891 -0.338 -0.308
-0.471 0.730 0.496
0.246 0.646 -0.898
-0.569 0.317 -0.420
-0.284 0.944 0.167
0.889 0.631 -0.379
-0.056 0.584 -0.056
-0.045 0.999 0.015
-1.544 0.403 -1.200
-1.213 -0.038 -0.366
0.163 0.897 0.410
-0.607 0.699 0.170
-1.033 -0.048 0.680
-0.479 0.665 0.574
0.384 0.440 1.864
-0.545 0.171 1.609
-0.259 0.963 -0.071
