14
-2.425 0.406 0.126
-1.862 -0.302 0.552
0.565 0.707 0.427
1.096 0.459 -0.159
0.235 0.004 0.067
-0.441 0.890 0.116
-1.312 0.415 0.372
-0.411 0.004 0.513
0.406 0.912 0.064
-2.012 0.470 -0.003
-1.275 -0.205 0.020
0.675 0.737 0.021
1.300 0.514 0.361
0.399 0.179 0.087
-0.320 0.942 -0.097
-0.470 0.604 -1.702
-0.071 0.003 -1.010
0.300 0.799 0.521
-1.490 0.633 -0.003
-0.681 0.197 0.390
0.393 0.899 0.191
-0.767 0.559 -0.518
-0.621 0.054 0.333
0.086 0.863 0.497
-1.808 0.344 0.932
-0.851 0.065 0.855
0.278 0.960 -0.022
-1.011 0.432 -0.367
-0.110 0.095 -0.639
0.323 0.941 -0.098
-0.794 0.340 0.609
-0.328 -0.283 -0.020
0.370 0.783 -0.500
-1.334 0.467 0.945
-0.873 -0.117 0.277
0.332 0.812 -0.480
-1.272 0.480 -0.003
-0.576 -0.238 -0.005
0.718 0.696 -0.001
0.090 0.611 1.146
-0.402 -0.016 0.542
-0.396 0.779 -0.486
