9
-2.414 0.690 -0.755
-1.674 0.025 -0.860
0.658 0.747 -0.093
-2.563 0.411 -0.371
-1.600 0.312 -0.622
0.096 0.995 -0.025
1.352 0.395 1.094
0.802 0.244 0.272
-0.084 0.988 -0.126
-2.221 0.596 -1.061
-1.522 -0.097 -0.887
0.673 0.720 0.168
1.705 0.609 1.287
0.881 0.160 0.943
-0.415 0.893 -0.173
-2.428 0.604 -0.717
-1.436 0.488 -0.757
0.116 0.993 -0.005
-0.858 0.515 0.355
-0.593 -0.057 -0.422
0.185 0.821 -0.541
2.511 0.498 1.433
1.615 0.053 1.434
-0.445 0.896 0.001
-1.608 0.625 -0.777
-0.694 0.221 -0.795
0.404 0.915 -0.008
