16
-0.560 0.204 -0.681
-0.392 -0.186 0.224
0.099 0.920 0.379
0.015 0.289 -0.590
-0.035 0.077 0.386
-0.006 0.977 0.212
0.626 0.049 0.120
0.133 -0.596 0.704
-0.364 0.762 0.535
0.606 0.109 -0.007
-0.079 -0.494 0.401
-0.529 0.797 0.290
0.424 0.188 -0.049
-0.484 -0.229 -0.018
-0.416 0.909 0.038
0.203 0.253 0.149
-0.628 -0.001 -0.345
-0.207 0.967 -0.150
0.113 0.142 0.090
-0.446 -0.383 -0.552
-0.320 0.851 -0.416
0.177 0.195 0.088
0.064 -0.203 -0.823
-0.069 0.917 -0.392
-0.216 0.224 0.054
0.005 -0.140 -0.851
0.093 0.931 -0.353
-0.250 0.353 0.281
-0.405 0.349 -0.706
-0.007 1.000 -0.003
-0.267 0.127 0.260
-0.429 -0.423 -0.559
-0.094 0.835 -0.542
-0.688 0.229 -0.500
0.172 -0.110 -0.882
0.324 0.940 -0.104
-0.598 0.163 -0.926
0.236 -0.323 -0.667
0.464 0.874 0.146
-0.379 0.331 -0.666
0.082 0.149 0.202
0.106 0.983 0.150
0.370 0.112 -0.713
0.357 -0.451 0.114
0.025 0.826 0.563
-0.122 0.172 -0.801
-0.359 -0.227 0.085
-0.137 0.916 0.376
-0.145 0.096 -0.894
-0.645 -0.479 -0.247
-0.346 0.817 0.460
