13
-1.616 0.686 -1.214
-0.964 0.244 -0.598
0.321 0.897 0.304
-2.168 0.679 0.869
-1.472 0.002 0.630
0.640 0.736 -0.219
-1.724 0.547 0.904
-0.973 0.011 0.517
0.476 0.845 -0.245
0.166 0.600 1.234
-0.120 0.127 0.401
-0.153 0.881 -0.448
-1.065 0.583 1.141
-0.682 0.044 0.391
0.245 0.842 -0.480
-1.915 0.482 -1.587
-1.199 -0.120 -1.236
0.541 0.798 0.265
-1.716 0.744 -0.334
-0.994 0.150 -0.688
0.534 0.804 -0.261
2.065 0.603 -0.801
1.442 -0.044 -0.362
-0.529 0.762 0.373
-2.236 0.485 0.263
-1.481 0.254 -0.351
0.179 0.973 -0.146
-0.386 0.454 -1.116
-0.568 -0.148 -0.338
-0.137 0.799 0.586
2.056 0.479 -0.699
1.538 -0.203 -0.183
-0.484 0.731 0.481
-2.286 0.629 0.918
-1.386 0.608 0.482
0.019 1.000 -0.009
0.893 0.475 -1.001
0.121 -0.153 -0.910
-0.624 0.778 0.074
