13
0.815 0.301 0.487
0.008 -0.239 0.726
-0.540 0.839 0.073
0.444 0.415 0.714
-0.480 0.170 0.418
-0.219 0.969 -0.117
0.640 0.327 0.831
0.395 -0.163 -0.006
-0.081 0.871 -0.485
0.870 0.276 -0.708
1.687 -0.154 -1.094
0.409 0.902 -0.139
1.270 0.260 -1.259
1.521 -0.250 -0.436
0.142 0.861 0.489
1.043 0.321 -0.876
0.608 -0.110 -0.086
-0.256 0.901 0.351
0.434 0.235 -1.217
-0.389 -0.323 -1.112
-0.548 0.829 0.111
-0.986 0.331 -1.328
-1.744 -0.208 -0.962
-0.465 0.841 0.276
-2.067 0.388 -0.572
-1.915 -0.129 0.270
0.192 0.852 0.488
-1.995 0.296 0.406
-1.401 -0.392 0.823
0.561 0.725 0.399
-1.925 0.281 1.205
-1.182 -0.297 0.868
0.557 0.813 -0.168
-1.331 0.283 1.036
-0.543 -0.233 0.702
0.480 0.856 -0.190
0.261 0.248 0.876
0.616 -0.301 0.120
0.291 0.834 -0.469
1.185 0.308 -0.061
0.281 -0.103 0.057
-0.410 0.911 0.037
