10
-0.954 0.564 -0.030
-0.637 0.520 -0.978
-0.070 0.995 -0.071
-0.801 0.354 -0.093
-0.551 -0.164 -0.911
0.168 0.855 -0.490
-0.986 0.474 -0.066
-0.471 0.289 -0.904
0.041 0.981 -0.190
-0.716 0.370 -0.196
-0.270 -0.081 0.578
0.225 0.893 0.390
-0.784 0.185 -0.165
-0.581 -0.587 0.438
0.144 0.632 0.761
-0.484 0.286 -0.235
-0.965 -0.562 -0.012
-0.762 0.529 0.373
-0.566 0.588 -0.272
-1.542 0.782 -0.369
0.178 0.972 0.154
-0.785 0.242 -0.095
-0.921 -0.554 -0.685
-0.013 0.596 -0.803
-0.765 0.531 0.026
-0.953 0.547 -0.957
-0.016 1.000 0.020
-0.662 0.321 -0.165
0.039 -0.229 -0.619
0.471 0.835 -0.285
-0.896 -0.239 -0.268
-0.051 -0.767 -0.354
0.519 0.848 -0.109
