26
-2.576 -0.092 -0.468
-1.751 -0.360 0.030
0.229 0.963 0.138
-2.062 0.093 -0.123
-1.112 -0.177 0.035
0.266 0.963 0.044
-1.360 0.199 -0.727
-0.443 -0.028 -0.400
0.214 0.974 0.076
2.044 -0.003 -2.188
1.633 -0.370 -1.354
-0.162 0.930 0.329
-1.966 0.260 -0.591
-1.174 -0.138 -0.129
0.344 0.917 0.201
-2.031 0.073 -0.777
-1.627 -0.419 -0.005
0.228 0.871 0.436
2.204 0.022 -1.734
1.737 -0.434 -0.976
-0.240 0.890 0.389
-1.409 0.239 -0.865
-0.756 -0.124 -0.201
0.255 0.932 0.259
2.081 0.122 -0.482
1.433 -0.465 0.004
-0.470 0.809 0.353
2.223 0.111 0.120
1.305 0.108 0.516
-0.003 1.000 0.001
1.675 0.205 -2.293
1.059 -0.118 -1.575
-0.210 0.947 0.245
2.388 0.106 0.066
1.411 -0.008 -0.111
-0.112 0.993 -0.020
1.568 0.181 -1.685
1.412 0.103 -0.700
-0.012 0.997 0.077
-2.333 -0.104 0.223
-1.711 -0.357 0.965
0.162 0.968 0.193
1.120 0.055 -1.103
0.387 -0.214 -0.478
-0.205 0.963 0.175
1.602 -0.074 0.321
0.831 -0.495 -0.158
-0.357 0.907 -0.222
1.957 0.134 -0.283
1.038 -0.155 -0.552
-0.277 0.957 -0.081
-1.180 0.028 0.218
-0.182 -0.038 0.220
0.066 0.998 0.000
1.785 0.207 -1.070
1.599 -0.199 -0.175
-0.082 0.914 0.398
1.572 0.104 -2.260
0.950 -0.479 -1.737
-0.446 0.813 0.375
-0.702 0.260 -0.711
0.035 0.023 -0.078
0.180 0.972 0.154
-2.195 0.219 0.909
-1.616 -0.365 0.340
0.417 0.811 -0.410
0.892 0.173 -1.750
0.742 0.313 -0.771
0.021 0.990 -0.138
-1.099 0.267 1.497
-0.557 -0.040 0.715
0.175 0.952 -0.252
1.487 0.237 -1.585
0.678 -0.093 -1.099
-0.283 0.944 0.170
1.704 0.011 -1.007
1.137 -0.595 -0.448
-0.431 0.796 0.426
