28
2.229 0.160 -1.168
1.745 -0.259 -0.399
-0.173 0.906 0.385
1.620 0.153 -0.971
1.689 -0.315 -0.090
-0.008 0.883 0.470
0.861 0.228 -0.630
0.577 0.036 0.309
-0.041 0.981 0.189
0.437 -0.075 -0.448
0.929 -0.727 0.130
0.417 0.759 0.500
-0.077 0.073 -0.155
0.252 -0.371 0.678
0.169 0.896 0.410
0.123 -0.706 -0.035
0.357 -1.442 0.600
0.296 0.676 0.675
0.013 0.080 -0.483
0.727 -0.409 0.019
0.364 0.870 0.332
-0.625 0.207 0.071
-0.416 0.029 1.032
0.040 0.984 0.173
-1.079 -0.182 0.339
-0.617 -0.866 0.903
0.467 0.729 0.501
-1.656 0.054 0.621
-1.283 -0.375 1.444
0.217 0.902 0.373
-1.971 0.377 0.520
-1.112 0.603 0.980
-0.127 0.963 -0.237
-2.098 0.166 0.971
-1.734 -0.163 1.843
0.242 0.937 0.253
-2.144 -0.013 1.253
-2.442 -0.479 2.086
-0.082 0.882 0.464
-2.247 0.110 1.178
-3.086 -0.161 1.649
-0.279 0.959 0.054
-2.212 -0.064 1.238
-3.035 -0.623 1.345
-0.564 0.826 -0.026
-2.373 -0.284 1.015
-3.286 -0.640 1.215
-0.378 0.922 -0.083
-3.083 -0.016 0.581
-3.783 -0.705 0.769
-0.667 0.725 0.172
-2.364 0.349 1.045
-2.631 0.186 0.095
0.033 0.984 -0.178
-2.037 -0.064 0.819
-2.198 -0.702 0.065
-0.121 0.770 -0.626
-1.195 -0.173 0.294
-1.674 -0.869 -0.242
-0.436 0.718 -0.543
-1.076 -0.223 -0.447
-1.249 -1.091 -0.912
-0.420 0.492 -0.763
-0.418 -0.109 -0.211
-0.687 -0.722 -0.954
-0.202 0.790 -0.579
0.186 -0.148 -0.300
-0.256 -0.801 -0.916
-0.430 0.756 -0.493
0.666 -0.316 -0.796
0.277 -1.168 -1.148
-0.652 0.524 -0.547
0.964 -0.035 -0.582
0.317 -0.448 -1.222
-0.306 0.910 -0.279
1.307 0.163 -0.696
1.187 0.080 -1.685
0.048 0.995 -0.089
0.605 -0.154 -0.879
0.938 -0.828 -1.539
0.385 0.736 -0.557
0.872 -0.171 -0.727
1.570 -0.887 -0.705
0.711 0.696 0.100
1.386 0.195 -0.925
1.389 -0.138 0.018
-0.043 0.942 0.333
