19
-2.832 0.337 -0.082
-1.959 -0.086 -0.323
0.408 0.906 -0.113
1.496 0.573 -3.465
1.190 0.177 -2.599
-0.132 0.918 0.373
-2.711 0.299 0.090
-1.951 -0.344 0.186
0.638 0.766 0.081
-0.231 0.666 -1.801
-0.342 0.232 -0.907
-0.054 0.901 0.431
-2.092 0.440 0.502
-1.290 -0.090 0.225
0.500 0.848 -0.173
-2.235 0.303 0.407
-1.432 -0.078 0.865
0.331 0.925 0.189
-1.024 0.573 -2.270
-0.741 0.500 -1.313
0.021 0.997 0.070
2.631 0.294 -1.543
1.699 -0.030 -1.379
-0.319 0.946 0.056
2.872 0.523 -2.244
1.952 0.550 -1.853
0.024 1.000 -0.010
-0.838 0.680 1.959
-1.082 0.198 1.118
-0.134 0.876 -0.463
-1.177 0.651 -2.307
-0.917 0.668 -1.342
-0.004 1.000 -0.016
-2.633 0.490 -1.697
-2.356 0.209 -0.778
0.081 0.960 0.269
-2.474 0.501 1.505
-1.557 0.103 1.471
0.398 0.917 -0.015
-0.890 0.335 2.138
-0.580 -0.313 1.442
0.263 0.762 -0.592
-0.449 0.641 1.587
-0.097 0.078 0.838
0.239 0.827 -0.509
2.449 0.295 -1.334
1.480 0.069 -1.241
-0.225 0.974 0.021
1.274 0.485 1.621
0.823 -0.013 0.881
-0.259 0.867 -0.425
-2.910 0.408 -2.281
-2.022 0.474 -1.826
-0.059 0.998 -0.030
-0.514 0.315 1.667
-0.063 0.391 0.778
-0.034 0.997 0.068
