15
2.261 0.674 -1.681
2.238 0.274 -0.765
-0.010 0.916 0.400
2.274 0.482 -1.826
2.082 0.340 -0.855
-0.028 0.990 0.139
-6.101 0.673 2.586
-5.187 0.510 2.215
0.151 0.987 -0.061
-0.154 0.627 3.519
-0.214 0.589 2.521
-0.002 0.999 -0.039
-5.055 0.603 -1.069
-4.145 0.255 -0.842
0.337 0.938 0.084
-3.756 0.621 -1.810
-3.021 0.362 -1.184
0.198 0.966 0.168
-5.056 0.608 -1.069
-4.153 0.207 -0.916
0.395 0.916 0.067
1.424 0.614 0.105
0.631 0.252 -0.385
-0.308 0.932 -0.190
-3.723 0.383 -2.188
-3.081 0.377 -1.421
0.003 1.000 0.004
-0.052 0.440 2.368
-0.664 0.437 1.577
-0.002 1.000 -0.002
1.892 0.720 3.103
1.251 0.303 2.460
-0.295 0.909 -0.295
-5.511 0.651 0.910
-4.544 0.894 0.839
-0.242 0.970 0.018
-5.166 0.386 0.930
-4.200 0.531 1.141
-0.142 0.989 -0.031
-5.659 0.465 -1.104
-4.736 0.695 -1.410
-0.218 0.973 0.072
1.849 0.713 3.594
1.238 0.298 2.919
-0.278 0.910 -0.307
