28
0.147 0.378 0.404
-0.218 -0.319 -0.213
-0.355 0.716 -0.601
-1.647 0.272 0.021
-0.901 -0.357 -0.200
0.603 0.778 -0.178
-0.445 0.316 0.570
-0.296 -0.305 -0.200
0.118 0.784 -0.610
-2.405 0.236 0.506
-1.645 -0.110 -0.044
0.280 0.938 -0.203
-2.085 0.236 -0.998
-1.137 -0.079 -0.947
0.314 0.949 0.017
0.824 0.413 0.792
1.120 0.077 -0.103
0.105 0.942 -0.318
-1.739 0.274 0.466
-0.894 -0.183 0.188
0.434 0.890 -0.143
-0.388 0.340 -1.500
-0.409 -0.249 -0.692
-0.015 0.808 0.589
-1.792 0.434 0.719
-1.187 -0.240 0.294
0.550 0.739 -0.388
-0.037 0.250 0.362
-0.601 -0.276 -0.274
-0.349 0.850 -0.394
-2.430 0.389 0.625
-1.579 0.253 0.118
0.116 0.991 -0.069
0.750 0.247 -1.466
0.017 -0.349 -1.136
-0.543 0.804 0.245
2.040 0.442 0.167
1.197 0.014 -0.161
-0.398 0.904 -0.155
1.485 0.378 -1.022
0.838 -0.060 -0.398
-0.315 0.899 0.304
2.111 0.590 -0.480
1.169 0.264 -0.402
-0.326 0.945 0.027
0.930 0.211 -0.116
0.051 -0.265 -0.087
-0.475 0.880 0.016
1.598 0.460 0.165
1.035 0.080 -0.569
-0.232 0.925 -0.302
1.763 0.524 -0.518
1.054 -0.001 -0.989
-0.437 0.851 -0.291
0.385 0.237 0.459
-0.370 -0.399 0.298
-0.622 0.772 -0.132
-1.174 0.313 -0.933
-1.102 -0.336 -0.176
0.062 0.761 0.646
-0.405 0.600 -1.426
0.083 -0.024 -0.816
0.389 0.782 0.487
-2.502 0.541 -2.217
-1.694 0.053 -2.547
0.452 0.873 -0.185
-2.341 0.408 -1.621
-1.515 0.417 -1.056
-0.007 1.000 -0.005
0.234 0.474 -1.330
-0.179 0.039 -0.530
-0.199 0.900 0.387
-2.301 0.245 0.573
-1.349 0.114 0.296
0.125 0.991 -0.037
2.171 0.204 0.700
1.296 -0.269 0.803
-0.469 0.881 0.055
0.912 0.243 -1.425
-0.009 -0.139 -1.354
-0.381 0.924 0.029
-2.296 0.540 -1.606
-1.650 -0.038 -1.106
0.457 0.816 0.354
