746
1.561 0.439 1.179
1.720 -0.001 0.295
0.110 0.897 -0.427
1.852 0.478 0.712
1.886 0.092 -0.210
-0.042 0.921 -0.388
2.221 0.518 -0.436
1.805 0.106 -1.247
-0.268 0.907 -0.324
1.476 0.522 -1.586
0.550 0.145 -1.580
-0.376 0.926 0.036
1.341 0.570 -1.549
0.671 0.352 -0.840
-0.139 0.976 0.168
1.179 0.558 -1.606
1.341 0.241 -0.671
0.041 0.949 0.314
1.218 0.458 -2.125
2.008 -0.042 -1.769
0.423 0.864 0.274
1.082 0.501 -2.335
1.864 -0.023 -2.671
0.488 0.851 -0.194
1.076 0.710 -2.518
1.759 0.129 -2.960
0.463 0.813 -0.354
1.126 0.507 -2.382
1.022 -0.101 -3.169
-0.120 0.793 -0.597
0.584 0.489 -2.255
-0.203 -0.091 -2.463
-0.570 0.814 -0.108
-0.007 0.431 -1.934
-0.905 0.095 -1.651
-0.297 0.939 0.174
-0.766 0.453 -1.301
-1.698 0.110 -1.186
-0.326 0.935 0.138
-1.184 0.479 -0.847
-2.077 0.059 -1.007
-0.422 0.906 -0.025
-1.271 0.485 -0.981
-1.701 0.080 -0.174
-0.156 0.914 0.375
-1.232 0.447 -1.221
-1.183 -0.144 -0.415
0.058 0.807 0.588
-1.721 0.488 -0.119
-1.486 -0.009 0.717
0.245 0.862 0.443
-1.860 0.503 0.629
-1.130 0.099 1.180
0.359 0.913 0.193
-1.078 0.472 1.633
-0.190 0.021 1.546
0.443 0.891 -0.097
0.100 0.413 1.718
0.752 -0.040 1.110
0.329 0.891 -0.311
