831
0.988 -0.202 0.658
1.496 -0.611 1.415
0.204 0.912 0.355
1.356 -0.215 0.350
1.375 -0.649 1.251
-0.019 0.901 0.434
1.386 -0.237 0.460
0.541 -0.686 0.749
-0.442 0.892 0.095
0.172 -0.212 0.191
-0.506 -0.560 0.839
-0.265 0.937 0.225
-0.634 -0.145 0.045
-1.426 -0.347 0.622
-0.109 0.975 0.192
-1.013 -0.181 0.779
-1.932 -0.429 0.472
-0.223 0.968 -0.112
-2.021 -0.091 0.868
-2.319 -0.384 -0.040
-0.028 0.954 -0.298
-1.044 0.014 -0.221
-1.576 0.076 -1.066
0.079 0.997 0.023
-1.009 -0.080 -1.180
-1.724 -0.236 -1.861
-0.094 0.987 -0.129
-1.714 -0.042 -0.110
-1.757 -0.178 -1.100
0.072 0.988 -0.138
-1.640 -0.143 -0.010
-0.901 -0.506 -0.578
0.321 0.930 -0.176
-1.663 -0.239 0.180
-0.833 -0.785 0.296
0.527 0.836 0.154
-1.754 -0.206 -0.244
-0.981 -0.754 0.076
0.492 0.836 0.243
-1.445 -0.058 -1.255
-0.523 -0.430 -1.366
0.380 0.922 0.072
-1.162 0.010 -1.959
-0.685 -0.538 -1.272
0.221 0.831 0.510
-1.008 0.027 -2.073
-0.373 -0.414 -1.440
0.230 0.891 0.390
-1.330 -0.226 -0.091
-0.460 -0.718 -0.098
0.490 0.866 0.098
0.357 -0.162 0.334
1.200 -0.518 -0.070
0.363 0.930 -0.062
1.607 -0.171 0.367
1.164 -0.378 -0.505
-0.046 0.977 -0.208
1.459 -0.156 -0.594
0.926 -0.501 -1.366
-0.208 0.938 -0.276
