9
1.072 0.667 1.017
0.629 0.041 0.375
-0.356 0.780 -0.515
1.627 0.592 1.853
1.229 0.019 1.136
-0.278 0.819 -0.501
-0.828 0.498 -1.366
-0.439 0.111 -0.529
0.163 0.922 0.350
-2.029 0.393 -2.138
-1.339 0.101 -1.476
0.211 0.956 0.202
-2.819 0.561 -0.176
-1.965 0.093 -0.407
0.451 0.884 -0.122
-2.858 0.415 -0.198
-2.156 -0.215 0.134
0.570 0.776 0.269
-0.955 0.488 0.401
-0.278 -0.190 0.112
0.623 0.736 -0.266
-0.977 0.697 0.450
-0.127 0.460 -0.020
0.208 0.971 -0.115
-0.955 0.533 -1.079
-0.868 -0.168 -0.371
0.085 0.713 0.696
