43
2.484 0.281 -0.758
1.627 -0.057 -0.369
-0.308 0.941 0.140
1.366 0.421 -0.507
0.600 -0.011 -0.030
-0.367 0.902 0.228
-0.982 0.422 1.708
-0.269 -0.125 1.269
0.466 0.837 -0.287
-0.115 0.215 -1.375
-0.099 -0.267 -0.499
0.009 0.876 0.482
1.886 0.401 -1.025
1.249 -0.103 -0.441
-0.372 0.864 0.341
-0.400 0.163 -1.053
-0.032 -0.492 -0.393
0.319 0.756 0.572
-0.795 0.357 -1.091
-0.337 -0.019 -0.286
0.186 0.927 0.327
1.510 0.150 -0.324
0.587 -0.090 -0.024
-0.229 0.971 0.074
1.218 0.216 -0.717
0.473 -0.439 -0.595
-0.647 0.755 0.106
1.245 0.434 -1.082
0.474 -0.147 -0.824
-0.551 0.814 0.184
0.681 0.115 -1.219
0.101 -0.314 -0.527
-0.276 0.903 0.329
1.796 0.087 1.223
1.113 -0.365 0.648
-0.346 0.892 -0.291
-0.882 0.409 -0.766
-0.392 -0.012 -0.003
0.228 0.907 0.355
-0.434 0.090 -1.004
-0.810 -0.260 -0.146
-0.141 0.937 0.321
1.245 0.437 0.388
0.534 -0.101 -0.065
-0.454 0.843 -0.288
1.038 0.317 -1.072
0.266 -0.082 -0.578
-0.336 0.917 0.215
-0.761 0.421 -1.593
-0.918 -0.116 -0.764
-0.100 0.844 0.527
1.879 0.109 0.077
1.070 -0.452 -0.097
-0.548 0.828 -0.118
1.759 0.429 -0.301
1.009 0.061 0.249
-0.296 0.930 0.217
-0.852 0.068 -1.876
-0.484 -0.496 -1.137
0.252 0.825 0.505
1.464 0.084 0.697
0.635 -0.210 0.221
-0.255 0.956 -0.146
1.677 0.144 1.161
0.882 -0.458 1.099
-0.601 0.798 -0.047
-0.416 0.429 1.383
-0.329 -0.141 0.566
0.060 0.821 -0.567
1.715 0.290 0.430
0.982 -0.147 -0.092
-0.356 0.900 -0.253
1.368 0.063 -0.336
0.402 -0.196 -0.320
-0.259 0.966 0.005
1.414 0.167 -1.210
0.965 -0.373 -0.498
-0.288 0.842 0.457
-0.779 0.280 1.328
-1.106 -0.052 0.444
-0.115 0.943 -0.312
0.359 0.166 0.755
0.056 -0.476 0.051
-0.254 0.766 -0.590
2.066 0.197 -1.376
1.288 -0.414 -1.225
-0.600 0.792 0.116
-1.160 0.123 -1.120
-0.477 -0.016 -0.403
0.095 0.990 0.100
1.463 0.133 0.775
0.518 -0.149 0.940
-0.277 0.960 0.049
0.674 0.100 -1.111
0.708 -0.217 -0.163
0.012 0.948 0.317
1.957 0.170 0.819
0.962 0.136 0.907
-0.034 0.999 0.003
1.413 0.259 -1.200
0.638 0.187 -0.572
-0.057 0.997 0.046
1.734 0.113 -0.523
1.212 -0.475 0.095
-0.380 0.809 0.449
-1.190 0.320 -0.676
-0.917 -0.013 0.227
0.096 0.943 0.319
1.350 0.308 1.132
0.561 -0.302 1.213
-0.606 0.793 0.062
-0.545 0.161 -1.079
0.246 -0.377 -0.788
0.505 0.843 0.185
0.326 0.125 1.265
0.124 -0.518 0.526
-0.169 0.767 -0.620
-0.485 0.271 1.384
-0.147 -0.308 0.643
0.241 0.815 -0.527
-0.323 0.164 -1.783
0.283 -0.017 -1.008
0.111 0.984 0.143
1.324 0.245 1.865
0.769 0.347 1.040
0.057 0.995 0.085
1.809 0.252 1.541
0.822 0.112 1.454
-0.139 0.990 -0.012
