19
-0.304 0.281 0.267
0.560 -0.190 0.089
0.461 0.882 -0.095
1.466 0.642 -1.859
1.773 0.037 -1.124
0.233 0.796 0.559
-0.725 0.496 0.331
0.016 -0.091 0.006
0.538 0.809 -0.236
1.024 0.380 -1.718
1.173 -0.218 -0.930
0.111 0.802 0.588
-0.374 0.477 -0.713
0.432 -0.079 -0.511
0.540 0.831 0.136
-0.477 0.271 -0.698
0.306 -0.299 -0.449
0.544 0.821 0.173
-0.208 0.508 1.244
0.571 -0.088 1.050
0.579 0.803 -0.144
0.017 0.339 0.042
0.597 -0.026 -0.686
0.227 0.931 -0.285
-1.175 0.372 -1.583
-0.226 0.354 -1.268
0.017 1.000 0.006
0.066 0.278 -1.499
0.482 -0.363 -0.854
0.348 0.767 0.539
-0.516 0.404 0.299
0.063 -0.024 -0.395
0.274 0.904 -0.329
0.178 0.304 3.168
0.891 -0.130 2.617
0.343 0.901 -0.265
0.051 0.448 0.307
0.768 0.284 -0.371
0.119 0.986 -0.113
-0.931 0.563 3.470
-1.551 0.010 2.914
-0.412 0.833 -0.370
1.488 0.453 -0.741
0.870 -0.026 -0.117
-0.338 0.877 0.341
1.571 0.266 -1.154
0.968 -0.298 -0.591
-0.413 0.825 0.385
0.806 0.499 -0.646
-0.088 0.067 -0.762
-0.429 0.902 -0.055
-0.836 0.579 -0.904
-0.860 0.019 -0.076
-0.016 0.828 0.560
-0.865 0.589 -1.094
-0.642 0.304 -0.162
0.066 0.959 0.277
