9
-0.175 0.259 -0.207
-0.535 -0.449 0.402
-0.312 0.706 0.636
0.277 0.355 -0.263
-0.141 -0.194 0.461
-0.235 0.835 0.497
-0.146 0.303 -0.141
0.224 -0.258 0.600
0.224 0.828 0.514
-0.005 0.357 -0.100
-0.005 -0.026 0.823
0.077 0.921 0.382
0.667 0.456 -0.163
-0.133 0.320 0.422
-0.101 0.991 0.092
0.504 0.361 -0.264
-0.403 0.069 -0.565
-0.325 0.943 0.066
0.368 0.276 0.089
-0.555 -0.109 0.070
-0.386 0.919 0.077
-0.310 0.309 0.322
0.293 -0.013 -0.409
0.237 0.946 -0.220
-0.138 0.329 0.362
0.771 0.153 -0.016
0.184 0.983 -0.015
0.083 0.294 -0.000
0.230 -0.212 0.850
0.100 0.862 0.496
