21
0.054 0.276 0.294
1.035 0.112 0.400
0.160 0.986 0.038
-0.029 0.384 0.207
0.881 0.565 0.581
-0.161 0.983 -0.085
-0.003 0.157 0.178
0.796 -0.120 -0.356
0.231 0.961 -0.152
0.921 0.293 0.520
1.274 0.227 -0.413
-0.068 0.993 -0.096
1.632 0.220 0.771
2.336 -0.062 0.120
0.169 0.958 -0.232
1.480 0.131 0.180
2.246 -0.407 0.532
0.476 0.842 0.253
1.484 0.424 0.019
1.718 0.689 0.955
0.008 0.962 -0.275
1.304 0.129 0.344
1.016 -0.424 1.125
-0.239 0.832 0.501
1.113 0.242 1.064
0.247 0.010 1.507
-0.196 0.972 0.126
0.805 0.185 0.546
0.102 -0.290 0.018
-0.394 0.880 -0.265
1.245 0.346 0.518
0.319 0.627 0.268
0.248 0.956 0.156
1.383 0.041 0.706
0.475 -0.239 0.394
-0.338 0.930 0.147
0.202 0.257 0.261
0.489 0.212 -0.696
-0.063 0.996 -0.066
0.514 0.067 0.366
1.245 -0.486 -0.033
0.512 0.832 -0.216
1.122 0.376 0.636
1.967 0.501 0.117
-0.188 0.980 -0.070
0.286 0.123 -0.055
0.679 -0.479 0.640
0.258 0.798 0.545
1.315 0.171 0.685
0.787 -0.375 1.336
-0.413 0.835 0.365
0.411 0.217 0.351
-0.504 -0.033 0.033
-0.251 0.967 -0.039
-0.102 0.250 0.397
-0.978 0.017 -0.025
-0.301 0.948 0.100
-0.879 0.172 0.290
-1.246 -0.382 1.037
-0.131 0.826 0.549
-0.854 0.406 0.528
-1.771 0.489 0.137
-0.004 0.977 0.215
-0.469 0.070 0.338
-1.268 -0.521 0.449
-0.559 0.799 0.223
