598
-0.926 0.066 0.408
-0.493 -0.250 -0.436
0.189 0.947 -0.258
-0.885 0.173 0.415
-0.861 0.115 -0.583
0.000 0.998 -0.058
-0.765 0.075 0.505
-1.669 -0.175 0.157
-0.250 0.967 -0.044
-1.106 0.100 0.178
-1.535 -0.184 1.035
-0.111 0.959 0.262
-1.041 0.050 -0.109
-0.752 -0.289 0.787
0.050 0.939 0.339
-1.029 0.037 0.456
-0.540 -0.363 1.232
0.197 0.917 0.348
-0.940 -0.015 0.903
-0.061 -0.489 0.849
0.476 0.880 0.009
-1.249 0.026 0.785
-0.823 -0.286 -0.063
0.173 0.949 -0.262
-1.148 0.087 0.803
-0.867 -0.128 -0.132
0.134 0.974 -0.184
-0.824 0.182 0.174
-0.909 0.165 -0.822
0.034 0.999 -0.020
-0.566 0.190 0.504
-1.202 0.194 -0.267
-0.009 1.000 0.012
-0.501 -0.021 0.623
-1.357 -0.407 0.279
-0.356 0.923 -0.148
-0.676 0.119 0.321
-1.626 -0.073 0.075
-0.189 0.981 -0.035
-0.879 0.263 -0.366
-1.814 0.272 -0.013
0.043 0.995 0.089
-0.809 0.007 -0.540
-1.488 -0.484 0.005
-0.406 0.870 0.279
-0.790 0.241 -0.143
-1.305 0.266 0.714
0.036 0.999 -0.007
-0.974 0.037 0.127
-0.982 -0.336 1.055
0.022 0.928 0.373
-0.905 0.096 0.578
-0.497 -0.056 1.478
0.055 0.988 0.142
