13
-1.121 0.838 -1.663
-0.726 0.462 -0.825
0.160 0.927 0.340
0.953 0.679 -1.828
0.652 0.302 -0.953
-0.123 0.926 0.357
-0.074 0.850 -1.592
0.578 0.567 -0.887
0.192 0.959 0.207
-0.731 0.578 0.685
0.036 -0.060 0.752
0.636 0.770 0.056
1.301 0.803 0.025
0.425 0.344 0.173
-0.452 0.889 0.077
2.051 0.739 -1.042
1.588 0.142 -0.386
-0.344 0.802 0.488
-0.085 0.710 -1.763
0.106 0.330 -0.858
0.078 0.925 0.372
-1.075 0.864 -0.997
-0.359 0.315 -0.567
0.471 0.836 0.283
1.676 0.642 0.001
0.902 0.271 -0.514
-0.308 0.929 -0.205
1.989 0.602 -1.925
1.453 0.191 -1.187
-0.241 0.912 0.332
1.597 0.866 -1.037
0.721 0.386 -0.986
-0.480 0.877 0.028
-0.552 0.648 -1.401
0.370 0.413 -1.093
0.223 0.972 0.074
1.573 0.626 0.007
0.646 0.508 -0.349
-0.110 0.993 -0.042
