10
-0.092 0.349 2.634
-0.486 -0.012 1.789
-0.054 0.927 -0.372
-0.571 0.361 1.210
-0.197 0.080 0.326
0.152 0.959 -0.240
-0.472 0.258 1.699
-0.000 -0.428 1.144
0.434 0.728 -0.530
-1.297 0.336 0.192
-1.145 -0.098 -0.696
0.243 0.887 -0.392
-0.633 0.287 -1.064
0.292 -0.082 -0.981
0.359 0.926 0.119
-0.308 0.302 -0.847
-0.485 -0.023 0.082
-0.161 0.941 0.298
-0.626 0.285 -1.054
-1.440 -0.294 -1.096
-0.573 0.813 -0.104
-1.085 0.269 -1.253
-1.070 -0.345 -2.042
0.151 0.782 -0.604
-0.188 0.391 -1.258
0.723 0.195 -0.894
0.180 0.981 0.077
1.012 0.243 -1.744
1.768 -0.238 -1.300
0.412 0.877 0.247
1.835 0.367 -1.900
1.719 0.156 -0.929
-0.132 0.972 0.195
