11
0.405 0.166 0.449
1.223 0.081 -0.121
0.069 0.996 -0.048
-0.997 0.520 -0.301
-0.045 0.288 -0.104
0.227 0.973 0.047
-1.079 0.314 0.420
-0.341 0.005 -0.181
0.239 0.951 -0.195
-0.926 0.284 -2.285
-1.409 -0.004 -1.458
-0.146 0.958 0.249
1.524 0.299 0.490
0.803 -0.285 0.118
-0.519 0.811 -0.269
1.416 0.462 0.736
0.594 0.043 0.350
-0.379 0.908 -0.178
-0.544 0.530 -2.457
-1.103 0.376 -1.642
-0.087 0.988 0.127
0.022 0.390 1.387
0.245 0.253 0.422
0.031 0.991 -0.133
2.040 0.288 1.694
1.285 -0.101 1.166
-0.319 0.921 -0.223
-0.723 0.438 -0.435
0.129 -0.053 -0.613
0.481 0.871 -0.100
-0.880 0.469 -0.828
-0.127 -0.049 -0.423
0.457 0.855 0.246
