9
1.873 0.422 -1.149
1.164 -0.091 -0.665
-0.424 0.858 0.289
1.776 0.397 0.063
0.938 -0.142 0.142
-0.537 0.842 0.050
-2.404 0.498 -1.278
-1.931 0.027 -0.533
0.253 0.882 0.398
-0.702 0.298 -0.361
-0.930 -0.524 0.159
-0.331 0.568 0.753
1.753 0.427 0.075
0.977 -0.138 -0.207
-0.531 0.825 -0.193
-0.735 0.497 1.785
-0.521 -0.106 1.017
0.162 0.797 -0.581
-0.695 0.491 -0.448
-0.967 -0.384 -0.048
-0.493 0.483 0.724
-1.757 0.218 1.223
-1.668 -0.412 0.452
0.073 0.776 -0.626
0.226 0.461 0.285
-0.516 -0.139 -0.014
-0.557 0.800 -0.224
