63
-0.842 0.206 -1.163
-0.364 0.041 -0.300
0.080 0.986 0.145
-1.264 0.190 0.226
-0.394 0.002 0.683
0.166 0.982 0.087
-1.782 0.277 -0.177
-0.970 0.101 0.379
0.145 0.984 0.099
0.329 0.145 -0.589
0.816 -0.035 0.266
0.089 0.984 0.156
-1.460 0.250 0.777
-0.598 -0.140 1.101
0.365 0.921 0.137
-1.089 0.106 2.212
-0.322 -0.331 1.742
0.373 0.899 -0.229
0.046 0.039 -0.645
0.446 -0.135 0.255
0.071 0.985 0.159
-0.692 0.050 -0.549
0.016 0.150 0.151
-0.071 0.995 -0.071
-2.007 0.006 2.144
-1.053 -0.159 2.395
0.160 0.986 0.042
1.751 -0.075 -0.350
1.284 0.016 0.529
0.043 0.996 -0.081
-2.068 0.121 -0.218
-1.735 -0.140 0.688
0.090 0.965 0.244
-1.697 0.089 2.493
-0.914 -0.303 2.010
0.334 0.920 -0.206
-1.329 -0.071 1.974
-0.394 -0.290 1.696
0.209 0.976 -0.062
-1.410 -0.035 -0.676
-1.007 -0.014 0.239
-0.008 1.000 -0.019
0.044 0.024 -0.636
0.540 0.141 0.225
-0.058 0.993 -0.101
-1.691 0.177 2.494
-0.871 -0.381 2.363
0.551 0.830 -0.088
2.537 0.096 0.214
1.832 -0.049 0.909
-0.103 0.989 0.102
-1.799 0.213 -0.076
-1.521 -0.154 0.812
0.109 0.930 0.350
-1.099 0.097 -0.330
-0.228 -0.243 0.025
0.315 0.940 0.128
-1.972 -0.039 2.150
-1.032 -0.183 2.461
0.137 0.990 0.045
-0.611 0.089 -0.194
-0.215 -0.344 0.616
0.190 0.902 0.388
-2.128 0.168 1.828
-1.152 -0.048 1.797
0.216 0.976 -0.007
2.046 0.160 -0.365
1.629 -0.014 0.527
-0.074 0.985 0.158
2.588 0.125 -0.106
2.420 0.003 0.872
-0.021 0.992 0.121
-0.768 -0.011 1.964
-0.064 -0.507 1.455
0.402 0.868 -0.291
-1.764 -0.056 1.601
-0.810 -0.340 1.696
0.283 0.959 0.028
-1.992 0.260 1.853
-1.177 -0.048 1.362
0.263 0.952 -0.159
-1.126 -0.020 -0.042
-0.149 -0.148 0.133
0.127 0.992 0.023
-1.072 -0.065 -0.963
-0.844 0.176 -0.020
-0.057 0.970 -0.235
-1.605 0.187 0.751
-0.740 -0.304 0.856
0.487 0.871 0.059
-1.753 0.227 0.724
-0.991 -0.269 1.141
0.434 0.869 0.238
-1.377 0.118 -0.674
-0.850 -0.318 0.056
0.255 0.900 0.353
-1.369 0.221 0.501
-0.675 0.007 1.188
0.152 0.977 0.151
1.216 0.116 -0.657
0.662 0.078 0.175
-0.021 0.999 0.031
1.201 0.102 -0.561
0.677 0.094 0.291
-0.004 1.000 0.007
-1.022 0.026 -1.195
-0.172 0.155 -0.685
-0.110 0.992 -0.066
-2.065 -0.098 1.253
-1.120 -0.253 0.962
0.148 0.988 -0.046
-0.310 -0.050 -0.247
-0.720 -0.154 0.659
-0.043 0.995 0.094
1.331 0.092 0.448
0.432 -0.092 0.847
-0.168 0.983 0.075
-1.215 -0.039 -0.074
-0.524 -0.554 0.434
0.415 0.857 0.305
-0.984 -0.122 1.157
-0.273 -0.672 0.719
0.469 0.835 -0.289
2.475 -0.056 0.601
1.822 0.250 1.294
0.210 0.952 -0.223
-1.562 0.195 -1.000
-0.634 0.256 -0.633
-0.056 0.998 -0.022
-0.567 0.099 -0.470
-0.347 0.151 0.504
-0.012 0.999 -0.051
-1.385 0.255 -0.968
-0.682 -0.236 -0.453
0.396 0.871 0.290
2.302 -0.012 -0.141
2.070 0.109 0.824
0.028 0.993 -0.118
-0.856 0.138 -0.490
-0.757 -0.344 0.381
0.054 0.876 0.479
-0.198 0.155 -0.946
-0.517 -0.009 -0.013
-0.053 0.986 0.155
-1.864 -0.110 0.411
-1.124 -0.089 1.083
-0.016 1.000 -0.014
1.760 0.100 -0.404
1.530 -0.073 0.554
-0.040 0.985 0.168
-1.239 0.206 1.057
-0.382 -0.114 0.654
0.290 0.947 -0.137
0.871 0.191 -0.325
0.999 -0.101 0.623
0.039 0.956 0.289
-0.465 0.020 1.865
0.017 -0.602 1.247
0.383 0.783 -0.490
-1.789 0.001 -0.162
-0.942 0.277 0.293
-0.243 0.961 -0.131
-0.836 0.271 0.304
-0.195 0.167 1.065
0.067 0.995 0.080
2.328 -0.116 -0.304
2.019 -0.394 0.606
-0.090 0.960 0.264
2.121 0.059 2.680
1.137 0.102 2.848
0.043 0.999 -0.007
1.354 0.016 0.305
0.995 0.013 1.238
-0.001 1.000 0.003
2.810 0.164 0.335
2.453 0.097 1.267
-0.024 0.998 0.063
-1.040 -0.065 -0.612
-0.051 -0.183 -0.522
0.117 0.993 0.011
2.232 0.187 1.241
1.309 0.186 1.624
-0.001 1.000 0.001
-0.269 -0.004 -0.505
0.016 0.197 0.433
-0.058 0.980 -0.192
-1.986 -0.069 1.561
-1.151 -0.111 1.012
0.035 0.999 -0.023
