9
0.213 0.331 -0.426
-0.114 -0.557 -0.105
-0.634 0.459 0.623
0.201 0.423 -0.699
0.078 -0.485 -0.299
-0.268 0.419 0.867
0.511 0.388 -1.180
-0.203 -0.313 -1.195
-0.700 0.714 -0.015
-0.069 0.201 -0.407
0.223 -0.373 -1.172
0.205 0.818 -0.537
0.857 0.331 -0.055
0.038 -0.217 -0.223
-0.537 0.836 -0.110
0.170 0.188 -1.442
0.224 -0.452 -0.676
0.045 0.768 0.639
-0.656 0.545 -0.517
0.101 0.043 -0.934
0.440 0.865 -0.242
-0.966 0.556 -0.505
-0.145 0.007 -0.352
0.540 0.835 0.101
1.314 0.547 -1.358
1.043 -0.169 -0.714
-0.278 0.698 0.660
