8
-0.062 0.132 0.193
-0.871 -0.325 -0.177
-0.404 0.889 -0.214
-0.067 0.322 0.379
-0.686 0.265 -0.405
-0.030 0.998 -0.049
-0.315 0.257 0.138
-0.969 0.079 -0.597
-0.085 0.983 -0.162
-0.354 0.162 -0.197
-0.426 -0.248 -1.106
-0.014 0.912 -0.411
-0.346 0.377 -0.771
0.596 0.399 -1.105
-0.036 0.999 -0.036
-0.196 0.061 -0.861
0.656 -0.392 -1.121
0.432 0.891 -0.138
-0.028 0.263 -0.798
0.803 0.113 -0.261
0.119 0.989 0.092
0.486 0.329 -1.221
0.021 0.194 -0.346
-0.047 0.991 0.129
0.035 0.316 -0.458
-0.921 0.137 -0.229
-0.167 0.983 0.071
