17
3.706 0.309 -2.023
2.965 -0.168 -1.551
-0.402 0.879 0.256
3.653 0.346 -2.026
2.944 -0.230 -1.617
-0.498 0.818 0.287
4.093 0.161 -1.438
3.770 -0.384 -0.664
-0.210 0.838 0.503
-1.171 0.431 1.521
-0.723 -0.227 0.916
0.392 0.753 -0.528
-1.278 0.248 1.242
-0.780 -0.397 0.661
0.420 0.765 -0.489
4.091 0.386 -1.274
3.341 -0.180 -0.931
-0.515 0.824 0.236
3.401 0.354 -2.037
2.695 -0.270 -1.703
-0.565 0.781 0.267
-1.305 0.190 0.570
-0.556 -0.423 0.820
0.582 0.790 0.194
3.352 0.488 -0.778
2.417 0.386 -0.437
-0.096 0.995 0.035
2.502 0.343 1.222
1.632 0.286 0.732
-0.049 0.998 -0.028
2.828 0.404 -0.802
2.079 -0.114 -0.389
-0.454 0.855 0.250
-1.274 0.467 0.891
-0.868 -0.187 0.253
0.352 0.756 -0.552
-2.217 0.548 -0.777
-1.456 0.005 -0.422
0.492 0.840 0.229
2.979 0.156 1.728
2.046 0.311 1.403
0.146 0.988 0.051
-0.956 0.312 -0.880
-0.878 -0.231 -0.044
0.050 0.839 0.541
3.760 0.465 1.368
2.940 0.321 0.815
-0.119 0.990 -0.080
-0.956 0.453 -0.857
-0.705 -0.065 -0.039
0.152 0.855 0.495
