14
0.303 0.711 1.795
0.033 0.378 0.892
-0.096 0.943 -0.319
-0.211 0.751 3.426
-0.783 0.748 2.606
-0.002 1.000 -0.002
1.502 0.522 -1.403
0.732 0.311 -0.801
-0.166 0.978 0.130
-1.600 0.525 -2.082
-1.686 0.469 -1.087
-0.005 0.998 0.056
1.608 0.529 0.458
0.782 0.426 -0.095
-0.086 0.995 -0.057
-0.352 0.560 3.374
-1.043 0.384 2.673
-0.124 0.984 -0.126
1.819 0.745 -2.063
1.410 0.409 -1.215
-0.147 0.942 0.303
-0.160 0.733 -1.011
-0.470 0.352 -0.140
-0.128 0.925 0.359
2.042 0.436 -3.025
1.128 0.519 -2.627
0.077 0.996 -0.033
-1.237 0.564 -0.154
-0.313 0.592 -0.534
-0.026 1.000 0.010
-1.395 0.481 0.617
-0.439 0.671 0.394
-0.186 0.982 0.043
2.651 0.713 -2.798
2.037 0.258 -2.153
-0.314 0.891 0.329
1.899 0.540 -2.299
1.021 0.414 -1.837
-0.111 0.992 0.059
1.776 0.515 -1.301
0.904 0.028 -1.329
-0.488 0.873 -0.016
