9
1.960 0.165 0.655
1.385 -0.143 -0.102
-0.189 0.951 -0.243
1.944 0.262 0.644
1.123 0.060 0.111
-0.188 0.979 -0.081
1.735 0.171 0.452
0.951 -0.214 0.938
-0.276 0.919 0.283
0.494 0.233 -1.414
0.286 -0.037 -0.473
0.003 0.961 0.277
-1.290 0.177 -0.507
-0.600 -0.249 0.080
0.331 0.905 0.267
-1.926 0.150 0.079
-1.393 -0.242 0.828
0.265 0.919 0.293
-2.128 0.198 -0.299
-1.742 -0.057 -1.186
0.152 0.965 -0.212
-2.147 -0.177 -0.335
-1.262 -0.642 -0.300
0.465 0.879 -0.106
-2.172 0.075 -0.163
-1.568 -0.426 0.457
0.303 0.864 0.403
-1.653 0.146 -0.792
-0.818 -0.378 -0.618
0.519 0.851 0.073
