11
-1.524 0.366 0.321
-1.255 0.519 -0.630
-0.042 0.988 0.147
-1.266 0.502 -0.678
-0.511 0.284 -1.297
0.169 0.976 -0.138
0.693 0.514 1.339
0.235 0.291 0.479
-0.105 0.975 -0.197
-0.990 0.198 1.194
-0.599 0.252 0.275
-0.021 0.999 0.050
2.240 0.415 -0.926
1.317 0.109 -1.158
-0.297 0.952 -0.074
2.201 0.522 -1.251
1.257 0.226 -1.106
-0.293 0.955 0.045
2.149 0.258 -1.262
1.299 -0.261 -1.169
-0.517 0.854 0.057
1.737 0.310 -1.353
0.813 -0.023 -1.162
-0.326 0.943 0.067
-1.896 0.445 -1.924
-1.702 -0.174 -1.163
0.152 0.785 0.600
-1.490 0.172 0.189
-0.641 -0.234 -0.149
0.378 0.914 -0.151
-1.923 0.483 -1.477
-1.335 -0.020 -0.843
0.342 0.864 0.368
