377
0.417 0.269 -0.558
-0.416 -0.155 -0.203
-0.398 0.906 0.147
0.537 0.237 -0.758
-0.321 -0.262 -0.636
-0.486 0.866 0.120
-0.611 0.199 0.793
-1.063 -0.351 0.091
-0.328 0.835 -0.442
-1.334 0.194 0.282
-1.176 -0.314 -0.565
-0.010 0.856 -0.516
-1.443 0.231 0.033
-1.457 -0.170 -0.883
0.001 0.916 -0.401
-0.375 0.547 0.569
-0.423 0.428 -0.422
0.036 0.992 -0.121
0.354 0.253 0.371
0.016 -0.220 -0.442
-0.159 0.880 -0.447
-0.222 0.282 0.011
0.594 0.032 -0.511
0.217 0.968 -0.126
0.282 0.197 -0.937
1.222 -0.104 -0.777
0.297 0.953 0.049
0.401 0.209 -1.360
0.878 -0.246 -0.608
0.195 0.889 0.414
0.801 0.219 -0.765
0.187 -0.276 -0.151
-0.372 0.869 0.328
0.346 0.252 -0.093
-0.522 -0.245 -0.063
-0.495 0.867 0.053
