15
0.145 0.141 0.485
-0.775 0.181 0.095
0.037 0.999 0.016
0.527 0.520 -0.569
-0.347 0.168 -0.235
-0.328 0.936 0.126
0.722 0.480 1.273
0.367 0.123 0.409
-0.136 0.934 -0.330
0.786 0.362 -0.012
0.012 -0.245 0.169
-0.591 0.795 0.138
0.765 0.448 -0.025
0.034 -0.095 -0.440
-0.472 0.840 -0.268
-1.078 0.364 -0.799
-1.395 -0.145 0.001
-0.188 0.861 0.473
-0.191 0.459 -0.834
-0.017 -0.241 -0.141
0.170 0.714 0.679
0.319 0.173 -0.203
-0.301 -0.496 0.207
-0.558 0.743 0.369
-0.941 0.264 -1.041
-1.039 -0.316 -0.232
-0.070 0.815 0.576
0.330 0.422 0.595
-0.061 0.161 -0.288
-0.106 0.965 -0.239
-0.851 0.407 -0.595
-0.425 -0.153 0.115
0.288 0.828 0.480
-0.276 0.231 1.112
-0.233 -0.253 0.238
0.024 0.875 -0.484
-0.893 0.407 0.249
-0.074 -0.158 0.348
0.561 0.825 0.068
-0.997 0.472 1.057
-0.281 0.066 0.490
0.318 0.914 -0.252
0.752 0.241 -0.910
-0.212 0.382 -1.136
0.137 0.990 0.032
