23
0.039 0.193 0.470
-0.636 -0.436 0.085
-0.546 0.777 -0.312
1.250 0.216 -1.066
0.513 -0.082 -0.460
-0.230 0.955 0.189
0.640 0.268 -0.644
0.123 -0.337 -0.038
-0.392 0.797 0.460
0.646 0.359 1.560
0.116 -0.188 0.912
-0.346 0.837 -0.423
1.876 0.235 -1.084
1.213 -0.246 -0.510
-0.363 0.877 0.315
1.021 0.297 -0.335
0.168 -0.223 -0.374
-0.519 0.854 -0.024
1.248 0.180 -1.115
0.862 -0.457 -0.447
-0.318 0.771 0.551
1.429 0.303 0.276
0.648 -0.214 -0.075
-0.472 0.856 -0.211
-1.215 0.247 -0.003
-0.567 -0.351 0.470
0.483 0.801 0.353
0.668 0.543 0.524
0.022 0.020 -0.032
-0.396 0.853 -0.341
-0.546 0.197 1.421
-0.504 -0.378 0.605
0.030 0.818 -0.574
0.839 0.488 1.552
0.035 -0.083 1.389
-0.560 0.821 -0.113
0.893 0.262 0.297
-0.039 -0.061 0.459
-0.318 0.947 0.055
0.642 0.303 -0.946
-0.154 -0.290 -0.824
-0.586 0.805 0.090
-1.164 0.254 -0.759
-0.577 -0.215 -0.100
0.312 0.883 0.351
0.694 0.370 1.558
0.018 0.241 0.832
-0.088 0.992 -0.094
1.497 0.357 -0.354
0.559 0.057 -0.530
-0.295 0.954 -0.055
0.026 0.481 -0.330
-0.227 -0.075 0.462
-0.169 0.831 0.530
0.717 0.307 -0.949
0.291 -0.062 -0.123
-0.169 0.929 0.328
-1.842 0.265 -0.032
-1.312 -0.276 0.621
0.341 0.841 0.420
0.858 0.463 0.299
0.062 0.030 0.722
-0.382 0.901 0.203
-0.560 0.251 1.112
-0.121 -0.401 0.493
0.377 0.758 -0.532
1.258 0.274 -0.851
0.779 -0.080 -0.047
-0.181 0.936 0.303
