13
-0.201 0.680 1.220
-0.160 0.075 0.425
0.031 0.796 -0.604
0.885 0.379 0.746
0.425 -0.189 0.064
-0.318 0.823 -0.471
-0.209 0.300 0.978
-0.667 0.307 0.089
0.003 1.000 0.006
1.229 0.428 0.267
0.536 -0.285 0.157
-0.704 0.702 -0.112
-0.688 0.359 -1.821
-0.679 -0.045 -0.906
0.004 0.915 0.404
1.307 0.411 0.265
0.571 -0.090 -0.190
-0.427 0.865 -0.264
0.428 0.479 -0.945
-0.131 0.039 -0.243
-0.274 0.898 0.345
1.201 0.347 -1.934
0.656 0.178 -1.113
-0.094 0.986 0.141
1.407 0.483 -0.838
0.466 0.224 -0.620
-0.252 0.966 0.058
-1.326 0.682 0.451
-0.821 -0.028 -0.040
0.509 0.704 -0.495
-0.680 0.679 -1.348
-0.559 -0.025 -0.648
0.120 0.710 0.693
-0.449 0.530 1.342
-0.079 0.259 0.453
0.104 0.963 -0.250
-0.679 0.306 -1.310
-0.954 -0.090 -0.433
-0.118 0.918 0.378
