11
2.449 0.627 -0.520
1.548 0.452 -0.121
-0.159 0.985 0.071
1.585 0.558 -0.461
0.834 -0.098 -0.388
-0.653 0.755 0.063
1.723 0.430 -0.465
1.053 -0.058 0.094
-0.375 0.873 0.313
1.751 0.390 -0.466
1.027 -0.296 -0.393
-0.683 0.728 0.069
0.978 0.348 -1.000
0.841 -0.163 -0.152
-0.082 0.859 0.505
2.417 0.616 -1.285
1.920 0.104 -0.584
-0.296 0.859 0.418
0.897 0.443 1.259
0.175 -0.208 1.026
-0.620 0.759 -0.200
-0.478 0.636 -1.149
-0.229 -0.074 -0.491
0.251 0.703 0.665
0.287 0.631 0.291
0.781 0.183 -0.454
0.248 0.894 -0.374
-0.461 0.635 -0.737
0.198 0.166 -0.149
0.350 0.883 0.313
0.312 0.592 0.971
0.446 -0.069 0.233
0.118 0.751 -0.650
