9
1.281 0.112 -0.337
0.353 -0.185 -0.565
-0.288 0.955 -0.071
1.324 0.048 -0.331
0.441 -0.305 -0.640
-0.334 0.935 -0.117
1.042 -0.019 1.269
0.201 -0.321 0.821
-0.267 0.953 -0.142
1.574 0.354 -0.295
0.631 0.546 -0.568
0.185 0.981 0.054
1.243 0.264 0.849
0.514 0.437 0.186
0.128 0.985 0.116
0.817 0.228 1.237
0.204 0.269 0.448
0.025 0.999 0.032
0.802 0.152 1.235
-0.182 -0.016 1.180
-0.168 0.986 -0.009
1.966 0.360 -0.545
1.181 -0.070 -0.098
-0.373 0.903 0.213
1.205 0.050 1.125
0.623 0.266 0.342
0.129 0.976 0.174
