14
0.133 0.365 -0.320
-0.817 0.053 -0.302
-0.312 0.950 0.006
-0.406 0.215 1.175
-0.854 0.294 0.284
0.035 0.997 0.070
0.859 0.236 -0.157
-0.076 0.112 0.176
-0.117 0.992 0.041
0.925 0.447 0.102
0.066 -0.046 0.237
-0.487 0.870 0.076
-0.309 0.413 1.197
-0.817 -0.181 0.573
-0.376 0.804 -0.460
-0.411 0.274 -1.008
-0.885 -0.015 -0.176
-0.143 0.957 0.251
-1.237 0.475 -0.969
-1.113 0.056 -0.069
0.057 0.908 0.415
-0.129 0.418 -0.295
0.165 -0.409 0.184
0.432 0.563 0.705
-1.301 0.106 -0.728
-0.672 -0.432 -0.166
0.401 0.843 0.358
0.221 0.406 -0.317
-0.466 -0.151 0.151
-0.459 0.831 0.313
0.281 0.474 -1.094
-0.310 -0.254 -0.745
-0.626 0.686 0.371
0.664 0.147 0.607
0.040 -0.218 -0.083
-0.245 0.931 -0.271
-1.040 0.413 1.113
-0.438 -0.095 0.496
0.355 0.862 -0.363
-0.437 0.397 -0.910
-0.605 -0.038 -0.025
-0.081 0.901 0.427
