12
-0.031 0.274 -0.934
0.771 -0.256 -0.657
0.501 0.848 0.171
-0.116 0.449 -0.651
0.832 0.278 -0.385
0.163 0.985 0.052
-0.182 0.277 -0.383
0.523 -0.249 0.092
0.429 0.850 0.306
0.266 0.325 0.425
0.946 -0.123 1.006
0.340 0.894 0.292
0.463 0.233 -0.509
0.627 -0.365 0.276
0.136 0.802 0.582
0.421 0.326 -0.688
0.756 -0.066 0.169
0.081 0.918 0.389
0.469 0.223 -0.885
0.104 -0.355 -0.155
-0.312 0.815 0.489
0.525 0.244 -1.216
-0.337 -0.220 -1.013
-0.470 0.882 0.019
-0.367 0.250 -0.952
-0.660 -0.265 -1.757
-0.141 0.856 -0.497
-0.212 0.184 -0.667
0.137 -0.420 -1.384
0.317 0.796 -0.516
0.025 0.155 -0.243
0.667 -0.539 0.082
0.656 0.717 0.234
0.123 0.370 0.205
1.065 0.042 0.273
0.321 0.942 0.100
0.147 0.405 0.064
1.113 0.152 0.011
0.256 0.965 0.052
