9
-2.343 1.096 0.442
-1.546 0.494 0.392
0.601 0.799 -0.038
1.242 1.142 -0.638
0.831 0.417 -0.086
-0.432 0.688 0.582
0.864 0.948 -1.395
0.484 0.444 -0.619
-0.221 0.864 0.452
-1.452 0.957 2.068
-1.156 0.432 1.270
0.183 0.851 -0.492
2.255 1.019 -0.261
1.375 0.565 -0.400
-0.449 0.891 -0.071
0.977 0.843 -1.167
0.564 0.187 -0.536
-0.359 0.755 0.548
2.275 1.023 -0.467
1.560 0.361 -0.693
-0.631 0.749 -0.199
2.456 0.812 -0.105
1.672 0.259 -0.385
-0.521 0.833 -0.186
-0.828 1.171 1.577
-0.576 0.534 0.848
0.208 0.771 -0.602
