306
0.050 0.719 -0.676
0.865 0.195 -0.921
0.499 0.852 -0.161
0.533 0.726 -1.076
0.785 0.210 -0.258
0.082 0.855 0.513
0.816 0.700 -2.067
0.593 0.110 -1.291
-0.207 0.806 0.554
-0.159 0.697 -0.853
-0.258 0.160 -0.015
-0.066 0.844 0.533
-0.094 0.742 0.535
-0.939 0.271 0.791
-0.460 0.882 0.105
-0.130 0.639 1.142
-0.678 -0.089 0.730
-0.539 0.684 -0.491
-0.347 0.696 0.854
-0.142 0.033 0.133
0.210 0.749 -0.629
-0.787 0.711 -0.658
0.014 0.178 -0.930
0.507 0.846 -0.164
-0.180 0.727 -0.920
0.274 0.214 -0.191
0.194 0.855 0.482
-0.938 0.713 -1.538
-1.082 0.205 -0.688
-0.030 0.860 0.509
