17
1.152 -0.168 -1.399
0.357 -0.161 -0.793
0.005 1.000 -0.004
1.237 0.063 1.781
1.850 -0.137 1.017
0.125 0.980 -0.156
1.373 -0.157 -1.439
0.772 -0.007 -0.654
0.091 0.989 -0.119
1.944 0.140 -1.543
1.584 -0.462 -0.831
-0.272 0.798 0.538
1.928 -0.182 -1.214
1.582 -0.719 -0.445
-0.220 0.844 0.489
-2.315 0.079 -0.385
-1.601 0.063 0.314
0.012 1.000 0.011
1.311 -0.031 1.770
1.820 0.269 0.963
-0.160 0.954 0.254
1.473 -0.154 1.753
1.318 -0.553 0.849
-0.067 0.917 -0.393
3.902 -0.187 4.359
3.496 -0.121 3.447
0.027 0.998 0.060
3.229 -0.116 1.943
2.410 -0.393 1.441
-0.236 0.961 -0.145
3.993 -0.030 4.799
3.611 -0.572 4.049
-0.246 0.841 -0.482
3.078 0.049 3.394
3.194 -0.599 2.641
0.099 0.761 -0.641
2.003 0.097 -0.846
2.014 -0.177 0.116
0.003 0.962 0.274
1.964 0.082 -1.037
1.903 -0.126 -0.060
-0.013 0.978 0.207
3.900 -0.107 4.351
3.279 -0.309 3.593
-0.128 0.979 -0.156
-5.840 -0.134 1.025
-5.079 -0.691 0.694
0.511 0.830 -0.222
-1.984 -0.085 -0.296
-1.228 -0.648 -0.630
0.516 0.826 -0.228
