31
-3.436 0.500 -1.770
-2.530 0.488 -1.348
0.011 1.000 0.005
-3.682 0.509 7.293
-3.212 0.659 6.424
-0.071 0.989 0.132
-3.102 0.467 -5.397
-2.584 0.248 -4.570
0.116 0.976 0.185
-3.278 0.660 -1.771
-2.368 0.441 -1.420
0.205 0.976 0.079
-0.380 0.525 -8.254
-0.672 0.601 -7.301
0.022 0.997 -0.072
4.252 0.460 -3.967
3.439 0.496 -3.387
0.029 0.999 -0.021
-1.900 0.581 7.743
-1.446 0.523 6.854
0.027 0.998 -0.052
-2.771 0.493 -3.587
-2.036 0.305 -2.935
0.140 0.982 0.124
-3.538 0.559 -9.018
-2.884 0.396 -8.279
0.108 0.987 0.122
-3.249 0.637 1.853
-2.308 0.314 1.956
0.321 0.946 0.035
5.057 0.504 -8.731
4.507 0.651 -7.909
0.082 0.989 -0.122
4.482 0.598 -0.345
3.537 0.551 -0.669
-0.045 0.999 -0.015
-2.192 0.546 -9.059
-1.504 0.489 -8.336
0.040 0.998 0.042
5.088 0.639 3.274
4.463 0.478 2.510
-0.102 0.987 -0.125
-1.900 0.816 8.242
-1.270 0.907 7.471
-0.058 0.996 0.071
-2.876 0.732 1.851
-2.167 0.273 1.315
0.366 0.889 -0.276
3.536 0.449 8.219
2.854 0.251 7.515
-0.138 0.980 -0.142
-2.192 0.548 -8.651
-1.576 0.383 -7.881
0.103 0.986 0.129
5.173 0.607 1.461
4.280 0.383 1.070
-0.206 0.974 -0.090
4.602 0.480 -7.595
4.063 0.532 -6.754
0.028 0.999 -0.044
-3.713 0.732 8.084
-3.062 0.538 7.350
0.129 0.981 -0.145
1.432 0.552 -8.507
0.936 0.354 -7.662
-0.100 0.980 0.170
-3.555 0.540 -3.581
-2.621 0.335 -3.289
0.195 0.979 0.061
-0.088 0.778 8.049
-0.514 0.673 7.150
-0.045 0.994 -0.095
4.310 0.790 1.469
3.403 0.941 1.076
0.139 0.988 0.060
5.348 0.695 7.893
4.639 0.540 7.205
-0.111 0.988 -0.108
-0.380 0.481 -8.960
-0.279 0.124 -8.032
0.039 0.934 0.355
4.241 0.750 6.906
3.361 0.891 6.452
0.126 0.990 0.065
-2.192 0.536 -7.906
-2.179 0.794 -6.940
-0.003 0.966 -0.258
4.762 0.476 8.714
3.898 0.615 8.230
0.122 0.990 0.068
-0.088 0.446 8.397
-0.480 0.671 7.505
0.090 0.974 0.206
