10
-1.907 0.437 -0.792
-1.296 -0.203 -1.259
0.509 0.768 -0.389
-1.921 0.298 -0.739
-1.041 -0.120 -0.965
0.404 0.909 -0.104
-1.150 0.550 -1.525
-1.713 -0.195 -1.168
-0.629 0.667 0.399
-0.591 0.544 -0.247
-0.195 -0.295 0.125
0.612 0.544 0.574
-1.950 0.325 -0.637
-1.475 -0.352 -1.201
0.436 0.737 -0.517
2.613 0.218 0.272
1.630 0.094 0.406
-0.123 0.992 0.017
-1.418 0.496 -0.306
-0.613 0.035 -0.678
0.418 0.888 -0.193
-0.475 0.565 -1.371
-1.386 0.154 -1.346
-0.411 0.911 0.011
2.566 0.501 0.260
1.820 -0.041 -0.126
-0.482 0.840 -0.249
1.567 0.217 0.332
0.759 -0.077 -0.180
-0.248 0.956 -0.157
