16
-1.887 0.061 1.100
-0.921 0.078 0.840
-0.017 1.000 0.005
-1.095 0.234 0.720
-0.327 -0.020 0.132
0.202 0.967 -0.155
-1.968 0.174 -0.261
-1.144 -0.141 0.209
0.274 0.949 0.156
-1.545 0.386 -1.182
-0.574 0.162 -1.266
0.223 0.975 -0.019
-0.910 0.119 0.853
-0.172 -0.246 0.285
0.289 0.931 -0.222
2.285 0.352 -0.762
2.350 0.027 0.182
0.023 0.946 0.325
-1.542 0.225 2.111
-1.002 0.012 1.296
0.118 0.977 -0.178
2.154 0.329 0.562
1.954 0.010 -0.365
-0.067 0.948 -0.311
-0.975 0.143 1.208
-0.411 -0.161 0.440
0.179 0.953 -0.244
1.253 0.370 -0.499
0.708 -0.032 0.237
-0.239 0.916 0.323
1.209 0.174 -0.689
0.533 -0.233 -0.075
-0.302 0.913 0.274
-0.041 0.132 -1.375
-0.415 -0.159 -0.494
-0.114 0.957 0.268
2.359 0.194 0.950
1.641 -0.235 0.401
-0.341 0.903 -0.261
2.112 0.024 -1.514
1.570 -0.182 -0.699
-0.114 0.979 0.172
-1.187 0.356 -0.175
-0.225 0.538 0.032
-0.177 0.983 -0.038
-0.918 0.123 -0.440
-0.866 -0.373 0.427
0.029 0.868 0.495
