26
-2.251 0.056 -2.021
-1.272 -0.149 -2.004
0.205 0.979 0.004
-1.922 0.110 -2.625
-1.131 0.180 -2.017
-0.056 0.998 -0.043
-2.473 0.335 -1.988
-1.501 0.112 -2.063
0.222 0.975 -0.017
-2.320 0.095 -1.145
-1.351 0.201 -1.369
-0.104 0.994 0.024
-2.408 0.159 -0.267
-1.554 0.191 -0.786
-0.027 0.999 0.017
-2.608 0.236 0.628
-1.617 0.194 0.502
0.042 0.999 -0.005
-2.071 0.003 1.415
-1.098 -0.214 1.336
0.216 0.976 -0.018
-2.728 0.257 1.445
-2.022 0.131 0.748
0.090 0.992 -0.089
3.090 0.052 1.275
2.097 0.034 1.392
-0.018 1.000 0.002
-2.011 0.074 -1.191
-1.147 0.198 -1.679
-0.107 0.992 0.061
-1.869 0.048 1.417
-1.274 0.064 0.613
-0.009 1.000 0.013
3.050 0.178 1.281
2.283 0.265 0.645
0.067 0.996 0.056
-2.464 0.050 -2.397
-1.842 0.273 -1.647
-0.142 0.975 -0.172
2.642 0.162 -2.970
2.542 0.387 -2.000
0.023 0.974 -0.224
2.391 0.244 0.982
2.058 0.165 0.042
-0.026 0.997 -0.075
-1.925 0.350 0.969
-2.281 0.077 0.075
-0.101 0.962 -0.254
1.970 0.260 -2.023
1.132 -0.190 -2.330
-0.423 0.893 -0.155
-1.102 0.203 0.656
-1.649 0.182 -0.181
-0.011 1.000 -0.017
-1.740 0.124 1.366
-1.269 0.242 0.492
-0.056 0.993 0.104
2.736 0.157 -0.404
1.841 0.074 -0.843
-0.074 0.997 -0.036
0.088 0.361 -2.692
-0.113 0.550 -1.731
0.039 0.982 -0.185
1.429 0.365 0.196
0.704 0.544 -0.469
0.132 0.984 0.121
-1.980 0.297 -2.616
-1.193 -0.217 -2.276
0.472 0.857 0.204
1.783 0.285 -0.265
0.809 0.488 -0.365
0.202 0.979 0.021
1.732 0.038 -1.123
0.783 0.225 -0.871
0.181 0.982 -0.048
3.163 0.176 0.260
2.323 0.414 -0.227
0.206 0.971 0.120
