1387
0.835 0.008 0.037
1.770 -0.345 0.042
0.353 0.935 0.028
0.986 0.016 0.131
1.921 -0.335 0.168
0.350 0.936 0.022
1.512 -0.063 0.237
1.909 -0.540 -0.547
0.095 0.871 -0.481
1.789 0.249 0.315
1.297 0.269 -0.555
-0.035 0.998 0.043
1.629 -0.032 0.458
1.763 -0.505 -0.412
-0.097 0.868 -0.487
1.719 -0.024 -0.454
1.233 -0.476 -1.202
-0.216 0.891 -0.398
1.824 0.185 -0.661
1.397 0.202 -1.565
-0.066 0.997 0.050
1.697 -0.003 -0.702
2.202 -0.491 -1.414
0.221 0.870 -0.440
1.661 -0.047 -1.250
1.148 -0.719 -1.785
-0.564 0.733 -0.380
1.330 -0.047 -2.406
0.869 -0.823 -1.976
-0.334 0.602 0.726
1.323 0.061 -2.733
2.143 -0.458 -2.493
0.481 0.853 0.203
1.271 0.245 -2.673
2.166 0.223 -2.227
-0.025 0.995 0.099
1.460 0.057 -2.577
1.372 -0.506 -1.755
-0.085 0.826 0.557
1.494 -0.020 -2.341
1.688 -0.695 -1.629
0.079 0.734 0.674
1.760 -0.052 -0.773
1.672 -0.721 -0.036
-0.033 0.742 0.669
1.789 -0.017 0.461
2.189 -0.499 1.241
0.175 0.875 0.451
1.664 0.139 0.714
1.962 -0.281 1.571
0.059 0.905 0.422
1.840 -0.082 1.206
1.603 -0.715 1.944
-0.239 0.774 0.586
1.812 0.047 1.513
1.423 -0.370 2.334
-0.201 0.908 0.367
1.545 -0.139 2.110
0.932 -0.926 2.179
-0.790 0.613 -0.020
