19
1.352 0.173 -0.462
0.610 -0.469 -0.269
-0.622 0.766 0.162
0.330 0.336 -0.243
-0.141 -0.467 0.122
-0.635 0.596 0.492
0.444 0.445 0.316
-0.003 -0.224 -0.278
-0.402 0.743 -0.535
-0.735 0.402 0.066
-0.009 -0.174 -0.311
0.511 0.818 -0.266
1.134 0.373 -0.998
0.560 -0.139 -0.359
-0.342 0.859 0.381
-0.206 0.165 -0.968
0.357 -0.447 -0.413
0.436 0.791 0.429
-0.245 0.422 0.522
0.203 -0.153 -0.163
0.315 0.819 -0.480
-0.468 0.419 -0.600
0.267 -0.237 -0.424
0.637 0.756 0.152
0.971 0.177 -0.987
0.622 -0.405 -0.252
-0.249 0.814 0.525
-0.737 0.224 0.803
-0.439 -0.157 -0.072
0.123 0.925 -0.361
0.373 0.208 0.539
0.133 -0.490 -0.136
-0.234 0.716 -0.658
0.918 0.387 0.798
0.101 -0.148 0.584
-0.518 0.844 -0.135
0.248 0.379 -0.208
0.782 -0.452 -0.364
0.797 0.557 -0.234
-0.122 0.143 0.896
-0.134 -0.360 0.031
-0.007 0.865 -0.502
-0.785 0.099 0.626
-0.064 -0.180 -0.009
0.209 0.960 -0.184
-0.611 0.312 -0.282
-0.095 -0.286 0.332
0.385 0.801 0.458
0.914 0.178 0.353
0.466 -0.274 -0.419
-0.226 0.892 -0.391
-0.503 0.341 0.113
0.167 -0.311 0.469
0.575 0.759 0.306
-0.572 0.144 -0.141
0.066 -0.411 0.392
0.426 0.832 0.356
