14
1.530 0.713 -1.283
0.826 0.117 -0.897
-0.523 0.803 0.287
1.502 0.382 -1.063
0.736 -0.151 -0.703
-0.483 0.846 0.227
0.227 0.415 -2.081
-0.506 0.095 -1.479
-0.247 0.948 0.203
0.692 0.621 -0.066
-0.180 0.412 -0.508
-0.187 0.978 -0.095
0.964 0.545 1.765
0.730 0.246 0.840
-0.073 0.954 -0.290
0.139 0.577 -1.390
-0.208 -0.104 -0.745
-0.323 0.732 0.600
0.606 0.730 1.324
0.059 0.244 0.643
-0.305 0.874 -0.379
1.427 0.542 -1.416
0.551 0.180 -1.734
-0.340 0.932 -0.123
-1.132 0.583 -2.438
-0.605 0.288 -1.642
0.163 0.956 0.246
-1.188 0.514 -1.999
-1.127 0.269 -1.031
0.015 0.970 0.244
-0.687 0.384 0.345
-0.292 -0.029 -0.474
0.180 0.910 -0.373
-0.840 0.384 -1.086
-0.348 -0.296 -0.543
0.457 0.733 0.504
0.960 0.398 1.810
1.121 -0.111 0.964
0.095 0.861 -0.500
-1.071 0.354 -1.116
-0.203 -0.132 -1.011
0.482 0.874 0.059
