19
2.313 0.438 -2.387
2.671 0.489 -1.455
-0.018 0.999 -0.048
-2.306 0.467 0.696
-1.357 0.291 0.435
0.170 0.984 -0.047
-2.919 0.446 2.115
-2.195 0.461 1.426
-0.011 1.000 0.011
-1.037 0.338 -1.506
-0.130 -0.082 -1.473
0.420 0.907 0.015
1.179 0.663 -2.191
1.468 0.409 -1.269
0.076 0.967 0.242
2.337 0.495 -2.325
1.990 0.045 -1.502
-0.175 0.893 0.414
-1.341 0.369 -0.195
-0.570 -0.227 0.031
0.571 0.803 0.168
-1.903 0.699 1.105
-1.044 0.193 1.022
0.503 0.863 -0.049
-1.236 0.647 -1.434
-0.693 0.160 -0.749
0.302 0.874 0.382
3.077 0.500 0.605
2.213 0.060 0.360
-0.423 0.898 -0.120
1.472 0.571 -1.417
1.169 -0.058 -0.701
-0.244 0.778 0.579
2.359 0.668 -2.266
1.974 0.420 -1.377
-0.098 0.969 0.227
-0.909 0.574 -1.320
-0.416 0.165 -0.551
0.220 0.913 0.344
-0.993 0.556 -0.320
-0.400 -0.004 0.258
0.401 0.829 0.391
-1.972 0.688 1.394
-1.578 0.332 0.547
0.151 0.934 -0.323
-1.781 0.615 1.946
-1.618 0.192 1.054
0.076 0.906 -0.416
2.376 0.563 0.133
1.500 0.118 -0.058
-0.434 0.896 -0.095
-2.196 0.722 0.653
-1.488 0.073 0.374
0.604 0.761 -0.237
-0.670 0.718 1.702
-0.566 0.375 0.768
0.038 0.939 -0.341
