649
2.138 0.327 -0.639
1.433 -0.057 -1.234
-0.358 0.918 -0.168
1.983 0.244 -0.294
1.758 -0.352 -1.065
-0.292 0.796 -0.530
2.190 0.307 -0.143
2.135 -0.181 -1.014
-0.287 0.843 -0.454
1.369 0.347 0.045
1.735 0.121 -0.858
0.051 0.974 -0.223
0.944 0.239 -0.037
1.816 -0.223 -0.201
0.456 0.887 -0.073
1.741 0.053 -0.249
2.350 -0.737 -0.177
0.788 0.614 0.057
1.710 0.101 -0.204
2.383 -0.615 -0.019
0.704 0.697 0.140
0.757 0.436 -0.078
1.481 0.321 0.603
0.074 0.993 0.090
0.386 0.161 -0.463
0.764 -0.381 0.287
0.289 0.839 0.461
0.109 0.353 -0.866
0.233 0.097 0.092
-0.042 0.964 0.263
0.214 0.224 0.019
-0.256 -0.229 0.776
-0.207 0.891 0.404
-1.000 0.220 0.798
-0.838 -0.366 1.592
0.111 0.810 0.576
-0.252 0.214 0.930
-1.050 -0.389 0.953
-0.597 0.794 0.117
0.379 0.331 0.433
-0.400 0.047 -0.126
-0.206 0.958 -0.200
0.784 0.168 0.490
0.386 -0.417 -0.216
-0.314 0.810 -0.495
1.061 0.315 0.135
1.041 0.084 -0.838
-0.028 0.973 -0.230
1.512 0.263 -0.085
1.483 -0.130 -1.004
0.017 0.919 -0.394
0.796 0.130 0.380
0.370 -0.539 -0.229
-0.425 0.742 -0.518
-0.039 0.224 0.553
-0.875 -0.271 0.792
-0.448 0.865 0.225
-0.498 0.238 0.862
-1.306 -0.346 0.778
-0.584 0.811 -0.029
