39
0.001 0.536 -0.181
-0.179 0.469 0.801
-0.012 0.998 0.065
1.081 0.646 -0.231
0.406 0.320 0.431
-0.233 0.945 0.228
0.005 0.527 -0.883
-0.147 0.119 0.017
-0.068 0.913 0.403
1.353 0.528 -0.665
0.614 0.263 -0.045
-0.203 0.964 0.170
0.591 0.679 -0.488
-0.022 0.352 0.232
-0.212 0.945 0.249
0.810 0.692 -0.080
0.154 0.145 0.440
-0.429 0.837 0.340
-0.622 0.418 0.399
0.194 0.447 0.976
-0.023 1.000 -0.017
-0.796 0.546 0.660
0.131 0.379 0.995
0.157 0.986 0.057
1.353 0.643 -0.549
0.576 0.293 -0.025
-0.290 0.937 0.195
-0.266 0.548 -0.617
0.191 0.433 0.265
0.053 0.993 0.103
1.354 0.353 -0.816
0.553 0.411 -0.220
0.047 0.998 -0.035
0.706 0.578 -0.488
0.236 0.059 0.226
-0.285 0.855 0.433
1.082 0.601 -0.355
0.267 0.558 0.223
-0.035 0.999 0.025
-0.539 0.562 -0.025
-0.233 -0.075 0.682
0.253 0.771 0.585
0.274 0.634 -0.664
-0.237 0.167 0.058
-0.270 0.884 0.381
1.082 0.654 -0.409
0.284 0.281 0.064
-0.321 0.928 0.190
0.812 0.363 -0.462
0.771 0.198 0.524
-0.007 0.986 0.165
0.275 0.611 -0.915
0.514 0.656 0.055
-0.011 0.999 -0.044
1.048 0.372 -0.758
0.262 0.172 -0.174
-0.161 0.980 0.119
-0.268 0.630 -0.263
-0.495 -0.040 0.444
-0.205 0.742 0.638
0.151 0.537 0.321
-0.349 -0.307 0.516
-0.787 0.536 0.306
-0.442 0.526 -0.337
0.250 0.524 0.386
0.002 1.000 0.002
0.271 0.475 -0.223
-0.366 0.325 0.533
-0.097 0.989 0.115
0.242 0.366 0.126
0.526 0.041 1.029
0.097 0.946 0.309
-0.796 0.595 0.359
-0.624 0.508 1.340
0.015 0.996 0.086
0.004 0.610 -0.717
-0.386 -0.021 -0.047
-0.317 0.776 0.545
0.834 0.415 0.861
-0.037 -0.067 0.772
-0.480 0.876 -0.049
0.540 0.487 0.008
0.258 -0.241 0.634
-0.299 0.686 0.664
0.096 0.341 -0.218
-0.518 -0.329 0.197
-0.556 0.742 0.376
0.815 0.501 -0.857
0.930 0.543 0.136
-0.005 0.999 -0.042
-0.796 0.633 0.748
-0.422 0.378 1.640
0.099 0.967 0.236
0.334 0.454 1.131
-0.625 0.176 1.190
-0.277 0.961 0.017
-0.268 0.511 -0.261
0.115 -0.180 0.352
0.366 0.723 0.586
0.265 0.364 0.591
-0.348 -0.424 0.643
-0.785 0.615 0.066
-0.538 0.437 -0.304
-0.651 -0.133 0.510
-0.078 0.822 0.564
0.358 0.395 0.591
-0.349 -0.312 0.564
-0.706 0.707 -0.028
0.546 0.599 -1.090
-0.117 0.260 -0.422
-0.239 0.941 0.240
0.759 0.349 0.321
-0.064 -0.206 0.442
-0.549 0.832 0.081
0.267 0.638 -1.297
-0.212 0.082 -0.618
-0.320 0.831 0.454
