19
-1.549 0.684 -2.863
-2.205 0.620 -2.111
-0.042 0.998 0.048
1.983 0.524 -0.213
1.002 0.674 -0.331
0.149 0.989 0.018
0.529 0.650 3.058
0.154 0.378 2.172
-0.106 0.962 -0.251
1.279 0.502 0.842
0.320 0.724 0.666
0.219 0.975 0.040
0.777 0.379 1.930
-0.052 0.500 1.383
0.101 0.993 0.067
2.738 0.614 -2.312
1.836 0.738 -1.898
0.113 0.992 -0.052
1.731 0.645 -2.590
0.924 0.645 -1.999
0.000 1.000 -0.000
1.828 0.479 -0.238
0.841 0.370 -0.117
-0.108 0.994 0.013
2.037 0.323 -2.541
1.319 0.388 -1.848
0.047 0.998 -0.045
-1.299 0.589 -2.850
-1.920 0.204 -2.167
-0.258 0.923 0.285
1.646 0.346 -1.435
0.700 0.330 -1.759
-0.015 1.000 -0.005
-2.084 0.407 -0.380
-1.910 0.132 -1.325
0.050 0.961 -0.271
-1.061 0.478 -2.606
-1.473 0.186 -1.743
-0.126 0.956 0.264
-1.693 0.415 2.055
-1.126 0.312 1.238
0.058 0.995 -0.084
1.180 0.687 3.163
0.316 0.707 2.660
0.017 1.000 0.010
2.172 0.430 -2.519
1.433 0.036 -1.972
-0.316 0.919 0.234
1.766 0.378 2.270
1.242 0.052 1.484
-0.181 0.945 -0.272
-0.601 0.383 2.635
-0.597 0.137 1.665
0.001 0.969 -0.246
-1.873 0.362 0.086
-1.029 0.132 -0.400
0.199 0.973 -0.115
