13
1.087 0.625 0.617
0.428 -0.059 0.305
-0.618 0.729 -0.293
0.665 0.407 -0.231
-0.203 -0.089 -0.248
-0.496 0.868 -0.010
1.126 0.568 -0.692
0.490 -0.039 -0.215
-0.486 0.794 0.365
0.517 0.390 -0.357
-0.405 0.014 -0.445
-0.374 0.927 -0.036
-1.171 0.285 0.897
-0.456 -0.320 0.546
0.543 0.796 -0.266
-1.542 0.602 -0.679
-0.921 0.064 -0.109
0.396 0.843 0.363
-2.047 0.576 -0.767
-1.234 0.040 -0.537
0.515 0.844 0.146
-0.291 0.432 0.282
-0.756 -0.197 -0.341
-0.376 0.777 -0.504
-1.461 0.365 0.006
-0.970 -0.260 0.612
0.394 0.780 0.485
0.303 0.303 -0.124
-0.558 0.105 0.345
-0.173 0.980 0.094
-1.129 0.346 0.696
-1.283 -0.180 -0.141
-0.095 0.850 -0.517
-0.349 0.427 -0.167
-0.695 -0.454 -0.491
-0.643 0.474 -0.601
0.294 0.358 -1.084
-0.173 0.095 -0.240
-0.127 0.965 0.230
