32
0.328 0.208 -0.288
-0.671 0.250 -0.281
0.043 0.999 -0.000
1.040 0.156 -0.755
0.181 0.106 -0.246
-0.043 0.999 0.026
1.450 0.326 -0.524
1.476 -0.033 0.409
0.010 0.933 0.359
0.485 0.345 -1.081
-0.476 0.198 -0.846
-0.143 0.989 0.035
0.013 0.122 0.195
-0.896 0.017 -0.207
-0.096 0.994 -0.042
-0.219 0.440 -0.166
-1.127 0.046 -0.309
-0.389 0.919 -0.061
0.726 0.138 -0.929
-0.273 0.161 -0.966
0.022 1.000 0.001
0.218 0.418 0.563
-0.552 -0.150 0.272
-0.532 0.823 -0.201
0.310 0.295 -0.411
-0.639 0.180 -0.704
-0.110 0.993 -0.034
0.958 0.409 -0.329
0.178 -0.113 0.016
-0.478 0.853 0.211
0.678 0.355 -0.506
-0.116 -0.172 -0.201
-0.492 0.850 0.189
0.882 0.458 -1.283
0.136 -0.017 -0.816
-0.402 0.880 0.252
-0.031 0.197 -0.500
-0.900 -0.297 -0.503
-0.494 0.869 -0.001
-0.045 0.365 -0.193
-0.835 -0.219 -0.379
-0.568 0.812 -0.134
0.019 0.192 0.437
-0.523 -0.316 -0.232
-0.320 0.861 -0.395
0.035 0.347 -0.005
-0.674 -0.332 -0.194
-0.657 0.734 -0.174
0.383 0.171 0.214
-0.349 -0.482 0.015
-0.630 0.758 -0.171
0.606 0.379 -1.005
-0.094 -0.237 -0.644
-0.548 0.787 0.283
-0.074 0.339 -0.366
-0.465 -0.397 0.186
-0.426 0.676 0.601
-0.612 0.465 1.204
-0.150 -0.208 0.627
0.421 0.739 -0.525
-1.953 0.383 0.088
-1.147 -0.191 0.237
0.564 0.819 0.105
-0.034 0.218 0.013
-0.481 -0.565 0.445
-0.563 0.622 0.544
1.058 0.177 -1.172
0.285 -0.339 -0.804
-0.466 0.856 0.222
-1.479 0.163 0.578
-0.855 -0.441 0.083
0.474 0.796 -0.376
0.939 0.351 -0.341
0.197 -0.262 -0.611
-0.577 0.790 -0.210
-1.495 0.418 0.470
-0.885 -0.070 -0.154
0.342 0.873 -0.349
-1.562 0.142 0.140
-0.934 -0.529 0.535
0.568 0.742 0.357
-0.798 0.218 1.224
-0.148 -0.364 0.736
0.466 0.813 -0.349
-1.545 0.233 0.147
-0.723 -0.336 0.172
0.569 0.822 0.017
-1.066 0.391 0.751
-0.849 -0.049 -0.120
0.106 0.898 -0.427
0.336 0.105 -0.137
-0.113 -0.457 0.558
-0.305 0.827 0.472
-1.326 0.218 0.509
-0.657 -0.379 0.067
0.498 0.802 -0.329
