1083
0.879 0.023 -0.249
0.506 -0.746 0.269
-0.586 0.629 0.512
1.027 0.010 0.066
0.654 -0.677 0.690
-0.503 0.714 0.486
0.363 0.063 0.081
0.541 -0.751 0.633
0.265 0.581 0.770
0.659 0.095 0.087
0.364 -0.620 0.720
-0.480 0.684 0.550
0.810 0.143 -0.190
0.112 -0.356 0.325
-0.461 0.862 0.209
0.652 0.115 -0.171
0.046 -0.524 0.303
-0.572 0.764 0.299
-0.317 0.111 -0.195
-0.572 -0.610 0.450
-0.292 0.693 0.659
-1.566 0.115 0.205
-1.539 -0.563 0.939
0.008 0.734 0.679
-1.598 -0.092 -0.197
-0.939 -0.681 0.270
0.498 0.807 0.316
-1.528 -0.592 -0.238
-0.970 -1.117 0.405
0.292 0.849 0.440
-1.421 0.393 0.592
-1.013 -0.368 1.098
0.273 0.630 0.727
-1.453 0.254 0.221
-0.577 0.083 0.671
0.167 0.985 0.049
-1.153 0.063 0.111
-0.471 -0.665 0.044
0.730 0.684 -0.002
-1.726 0.107 0.102
-1.658 -0.697 -0.489
0.188 0.592 -0.784
-1.651 0.189 0.087
-1.068 -0.166 -0.645
0.243 0.935 -0.260
-1.585 0.025 0.104
-1.558 -0.805 -0.454
0.312 0.537 -0.784
-1.079 0.204 0.073
-0.820 -0.115 -0.839
0.123 0.947 -0.296
-0.485 0.070 -0.128
-0.153 -0.603 -0.790
0.350 0.739 -0.576
-0.574 0.175 -0.014
-1.214 -0.302 -0.616
-0.336 0.878 -0.340
-0.526 0.251 0.133
-1.524 0.244 0.074
-0.004 0.999 -0.048
