32
0.879 0.023 -0.249
0.506 -0.746 0.269
-0.586 0.629 0.512
1.027 0.010 0.066
0.654 -0.677 0.690
-0.503 0.714 0.486
0.363 0.063 0.081
0.541 -0.751 0.633
0.265 0.581 0.770
0.659 0.095 0.087
0.364 -0.620 0.720
-0.480 0.684 0.550
0.810 0.143 -0.190
0.112 -0.356 0.325
-0.461 0.862 0.209
0.652 0.115 -0.171
0.046 -0.524 0.303
-0.572 0.764 0.299
-0.317 0.111 -0.195
-0.572 -0.610 0.450
-0.292 0.693 0.659
-1.566 0.115 0.205
-1.539 -0.563 0.939
0.008 0.734 0.679
-1.598 -0.092 -0.197
-0.939 -0.681 0.270
0.498 0.807 0.316
-1.528 -0.592 -0.238
-0.970 -1.117 0.405
0.292 0.849 0.440
-1.421 0.393 0.592
-1.013 -0.368 1.098
0.273 0.630 0.727
-1.453 0.254 0.221
-0.577 0.083 0.671
0.167 0.985 0.049
-1.153 0.063 0.111
-0.471 -0.665 0.044
0.730 0.684 -0.002
-1.726 0.107 0.102
-1.658 -0.697 -0.489
0.188 0.592 -0.784
-1.651 0.189 0.087
-1.068 -0.166 -0.645
0.243 0.935 -0.260
-1.585 0.025 0.104
-1.558 -0.805 -0.454
0.312 0.537 -0.784
-1.079 0.204 0.073
-0.820 -0.115 -0.839
0.123 0.947 -0.296
-0.485 0.070 -0.128
-0.153 -0.603 -0.790
0.350 0.739 -0.576
-0.574 0.175 -0.014
-1.214 -0.302 -0.616
-0.336 0.878 -0.340
-0.526 0.251 0.133
-1.524 0.244 0.074
-0.004 0.999 -0.048
-0.428 -0.035 -0.066
-0.701 -0.886 -0.514
-0.343 0.521 -0.782
0.220 0.233 -0.423
-0.590 -0.040 -0.941
-0.251 0.961 -0.115
-0.070 -0.092 -0.434
-0.100 -0.917 -1.000
-0.102 0.565 -0.819
0.535 0.137 -0.600
0.664 -0.663 -1.187
0.389 0.585 -0.712
0.401 0.090 -0.590
0.483 -0.760 -1.109
0.280 0.520 -0.807
0.359 -0.089 -0.239
-0.346 -0.787 -0.355
-0.691 0.715 -0.103
0.549 -0.667 -0.135
0.009 -1.240 0.481
-0.516 0.805 0.295
0.329 0.130 -0.182
-0.413 -0.320 -0.679
-0.383 0.893 -0.237
0.434 0.123 0.029
0.491 -0.399 -0.822
0.088 0.852 -0.516
0.724 0.264 -0.467
1.518 0.266 -1.075
0.008 1.000 0.014
0.256 0.174 -0.291
0.940 -0.193 -0.922
0.331 0.926 -0.181
-0.118 0.114 -0.685
0.582 -0.534 -0.988
0.642 0.755 -0.131
0.711 0.135 -0.441
1.490 -0.226 -0.954
0.273 0.931 -0.242
