15
-3.395 0.193 -2.109
-2.652 0.276 -1.445
-0.062 0.997 -0.056
-3.461 0.422 -2.102
-2.750 0.334 -1.404
0.063 0.996 0.062
-3.531 0.336 -0.525
-2.627 0.406 -0.104
-0.064 0.998 -0.030
1.661 0.341 1.329
1.372 -0.050 0.455
-0.123 0.920 -0.372
-2.729 0.187 -2.110
-2.047 -0.109 -1.441
0.211 0.955 0.207
-3.576 0.355 1.050
-2.622 0.560 1.270
-0.200 0.979 -0.046
-2.676 0.204 -1.702
-1.904 -0.121 -1.155
0.265 0.946 0.188
0.142 0.151 2.097
0.336 -0.019 1.131
0.033 0.985 -0.167
1.384 0.128 1.908
0.413 0.129 1.668
0.001 1.000 0.000
-4.236 0.227 -1.596
-3.677 0.340 -0.774
-0.064 0.994 -0.094
1.391 0.153 1.907
0.678 -0.254 1.335
-0.317 0.914 -0.255
0.111 0.282 1.570
-0.551 0.375 0.826
0.062 0.996 0.069
1.681 0.456 1.676
1.285 0.711 0.794
0.105 0.967 0.233
1.666 0.119 1.430
0.833 -0.304 1.075
-0.390 0.906 -0.166
-2.969 0.191 2.351
-2.833 0.109 1.364
0.011 0.997 -0.081
