15
0.633 0.126 1.343
0.762 -0.292 0.444
0.119 0.907 -0.405
0.721 0.120 0.723
0.502 -0.263 -0.175
-0.112 0.923 -0.367
0.907 0.110 -0.561
0.337 -0.288 -1.279
-0.223 0.917 -0.331
1.046 0.112 -0.554
0.085 -0.164 -0.559
-0.276 0.961 0.003
0.392 0.089 -0.918
-0.323 -0.245 -0.306
-0.242 0.942 0.232
-0.109 0.114 -1.454
-0.353 -0.277 -0.567
-0.110 0.920 0.376
0.098 0.115 -1.375
0.245 -0.324 -0.489
0.106 0.898 0.426
0.869 0.056 0.060
0.867 -0.379 0.960
-0.022 0.900 0.435
0.620 0.092 1.712
1.296 -0.526 2.112
0.548 0.786 0.288
0.668 0.094 1.802
0.930 -0.332 0.937
0.122 0.904 -0.409
0.506 0.122 1.598
0.086 -0.426 0.874
-0.317 0.835 -0.450
0.763 0.407 1.909
-0.232 0.314 1.862
-0.090 0.994 -0.056
0.844 0.156 1.709
0.245 -0.262 1.026
-0.223 0.906 -0.359
1.171 0.262 1.897
0.229 0.003 2.112
-0.277 0.959 -0.059
1.191 0.287 2.162
0.228 0.032 2.256
-0.255 0.967 0.008
0.942 0.316 1.920
-0.013 0.108 1.711
-0.184 0.975 -0.127
