14
1.561 0.045 -0.576
0.882 -0.088 0.146
-0.091 0.991 0.097
1.841 0.232 -0.497
1.004 -0.055 -0.032
-0.251 0.958 0.139
1.778 0.238 -0.224
1.049 0.066 0.439
-0.127 0.985 0.116
0.808 0.111 0.534
-0.047 -0.296 0.213
-0.382 0.913 -0.143
0.577 0.093 -0.815
-0.317 -0.346 -0.901
-0.437 0.898 -0.042
-0.749 0.160 -0.544
-0.281 -0.196 0.265
0.179 0.934 0.309
0.752 0.164 -0.285
0.242 -0.404 0.360
-0.353 0.823 0.446
-1.073 -0.015 -1.381
-1.065 -0.229 -0.404
0.002 0.977 0.214
0.922 -0.050 -1.015
0.492 -0.583 -0.287
-0.271 0.846 0.459
0.639 0.223 1.285
-0.014 -0.419 0.882
-0.547 0.766 -0.337
0.889 0.101 -0.739
-0.077 -0.032 -0.516
-0.130 0.991 0.030
-0.247 0.253 -0.460
-0.107 -0.393 0.291
0.119 0.764 0.635
0.791 -0.029 0.611
-0.027 -0.548 0.363
-0.497 0.855 -0.151
0.640 0.012 0.243
-0.076 0.157 0.926
0.105 0.990 -0.100
