18
-1.443 0.164 1.246
-2.306 0.027 0.760
-0.120 0.990 -0.068
1.212 0.017 0.233
0.234 -0.118 0.074
-0.134 0.991 -0.022
1.187 0.231 -1.720
0.382 0.067 -1.149
-0.134 0.986 0.095
-0.807 0.026 1.174
-1.555 0.295 0.567
0.209 0.963 0.169
0.891 0.041 -0.656
-0.017 -0.366 -0.562
-0.405 0.913 0.042
-2.345 0.117 -0.452
-1.668 -0.485 -0.029
0.511 0.798 0.320
-2.627 0.264 0.762
-1.864 -0.173 0.286
0.371 0.900 -0.231
1.197 0.329 0.156
0.734 -0.365 -0.395
-0.446 0.720 -0.531
-0.626 0.109 0.445
0.107 -0.497 0.135
0.558 0.796 -0.236
-2.422 0.050 -0.442
-1.540 -0.394 -0.601
0.437 0.896 -0.079
-2.501 0.034 -0.431
-1.583 -0.211 -0.120
0.233 0.969 0.079
-2.065 0.056 0.532
-1.135 -0.302 0.454
0.357 0.934 -0.030
-2.654 0.067 0.554
-1.702 0.119 0.254
-0.050 0.999 0.016
-1.567 0.210 1.074
-0.881 -0.369 0.633
0.487 0.815 -0.313
1.186 0.188 0.098
0.402 -0.375 -0.163
-0.534 0.826 -0.178
-1.764 0.376 -0.889
-1.382 -0.208 -0.174
0.275 0.811 0.516
-0.651 0.360 0.249
-0.016 0.075 -0.470
0.188 0.959 -0.213
0.906 0.258 -0.658
0.282 0.012 0.083
-0.158 0.969 0.188
