11
-4.620 0.652 1.935
-3.991 0.099 1.389
0.417 0.833 -0.362
-3.931 0.574 0.981
-3.017 0.352 0.641
0.209 0.975 -0.077
-4.065 0.597 1.000
-3.171 0.201 0.790
0.386 0.918 -0.090
-4.688 0.659 -1.443
-3.907 0.631 -0.819
0.022 1.000 0.017
-4.140 0.729 1.010
-3.160 0.557 0.909
0.171 0.985 -0.018
2.897 0.440 -1.465
1.923 0.474 -1.242
0.034 0.999 -0.008
1.256 0.573 1.343
0.573 0.058 0.824
-0.410 0.857 -0.312
3.351 0.579 -2.324
2.563 0.263 -1.797
-0.263 0.949 0.176
3.065 0.810 1.038
2.212 0.289 1.002
-0.520 0.854 -0.022
1.221 0.583 0.995
0.367 0.614 0.475
0.027 1.000 0.016
-4.352 0.643 -1.491
-3.627 0.074 -1.103
0.502 0.822 0.268
