19
-0.735 0.151 0.282
0.104 0.097 0.823
0.045 0.999 0.029
1.210 0.180 -0.563
0.721 -0.368 0.116
-0.320 0.837 0.444
-0.095 0.090 -1.336
0.605 -0.108 -0.649
0.141 0.980 0.138
1.299 0.069 -0.558
0.704 -0.535 -0.027
-0.450 0.797 0.402
1.193 -0.071 -0.463
0.654 -0.549 0.231
-0.293 0.879 0.377
0.416 0.170 -0.993
0.558 -0.238 -0.091
0.064 0.913 0.403
-0.170 0.113 -1.351
0.428 -0.369 -0.710
0.329 0.876 0.352
-0.402 -0.170 -1.287
-0.709 -0.559 -0.418
-0.130 0.921 0.366
-0.321 0.179 0.363
0.609 -0.146 0.194
0.320 0.946 -0.058
0.416 -0.072 -0.996
-0.077 0.037 -0.133
0.054 0.994 -0.094
-0.752 -0.184 -0.594
-0.034 -0.671 -0.097
0.401 0.873 0.277
-0.568 -0.175 -0.557
0.414 -0.298 -0.413
0.121 0.992 0.018
-0.971 0.109 1.187
-0.352 -0.526 0.726
0.509 0.773 -0.379
-0.993 0.003 1.301
-0.115 0.162 0.850
-0.142 0.987 0.073
1.123 0.141 1.154
0.370 -0.437 0.842
-0.535 0.816 -0.221
1.587 -0.179 0.377
0.662 -0.215 0.754
-0.033 0.999 0.013
-1.225 -0.075 1.057
-0.359 -0.096 0.556
0.017 1.000 -0.010
-1.461 -0.109 1.882
-0.588 -0.567 1.714
0.450 0.889 -0.086
1.154 -0.091 -0.588
0.211 -0.374 -0.413
-0.278 0.959 0.052
