19
-0.041 -0.341 0.419
0.432 -0.862 1.130
0.286 0.854 0.435
-0.107 -0.296 0.587
0.013 -0.729 1.480
0.124 0.899 0.419
-0.402 -0.300 1.229
0.466 -0.605 1.620
0.271 0.952 0.140
-0.492 -0.119 1.304
0.440 0.017 1.642
-0.097 0.987 -0.129
-0.045 -0.301 0.885
0.343 -0.701 1.715
0.203 0.916 0.346
0.253 -0.347 1.100
-0.420 -0.687 1.757
-0.137 0.930 0.341
0.171 -0.062 0.530
-0.139 -0.010 1.480
0.012 0.999 -0.051
0.142 -0.282 0.505
-0.066 -0.656 1.409
-0.115 0.927 0.357
0.080 0.043 0.742
-0.760 0.133 1.278
0.113 0.994 0.011
0.171 0.051 0.589
-0.801 0.151 0.802
0.108 0.994 0.028
0.025 -0.245 0.234
-0.738 -0.847 0.472
-0.551 0.796 0.248
0.419 -0.197 0.050
-0.475 -0.643 -0.005
-0.444 0.895 -0.039
0.490 0.035 0.042
-0.466 -0.032 -0.244
-0.068 0.998 -0.003
0.552 -0.178 -0.226
-0.253 -0.683 -0.537
-0.480 0.862 -0.161
-0.176 0.148 0.234
-0.400 0.378 -0.713
-0.055 0.967 0.247
-0.016 -0.170 0.541
0.475 -0.356 -0.310
0.145 0.981 -0.131
-0.403 -0.332 0.516
0.096 -0.668 -0.283
0.091 0.937 -0.337
-0.114 0.076 0.173
0.706 0.178 -0.392
-0.056 0.994 0.098
0.233 -0.333 -0.317
1.069 -0.847 -0.126
0.505 0.858 0.099
0.103 -0.232 0.047
0.618 -0.403 0.887
0.054 0.984 0.167
