11
0.534 0.571 0.164
0.694 0.258 -0.772
0.069 0.950 -0.306
0.450 0.519 -0.324
0.885 0.124 -1.132
0.268 0.914 -0.303
1.072 0.507 -0.465
1.989 0.126 -0.585
0.387 0.921 0.036
0.796 0.450 -0.593
1.385 -0.080 0.017
0.320 0.847 0.426
0.831 0.443 0.373
0.585 -0.090 1.182
-0.182 0.846 0.502
0.604 0.461 0.919
-0.201 0.064 1.359
-0.365 0.917 0.162
-0.011 0.460 0.993
-0.896 0.120 0.673
-0.289 0.937 -0.196
-0.207 0.501 1.009
-0.667 0.192 0.177
-0.098 0.949 -0.299
0.236 0.411 0.259
0.310 -0.076 -0.611
0.121 0.871 -0.476
0.927 0.455 -0.479
0.695 -0.058 -1.306
-0.111 0.858 -0.502
0.743 0.517 0.125
1.576 0.155 -0.295
0.359 0.929 -0.089
0.478 0.432 0.105
0.891 -0.177 0.782
0.225 0.789 0.572
