14
0.783 0.527 -0.065
0.441 -0.067 0.663
-0.253 0.804 0.538
0.110 0.408 0.182
-0.431 -0.291 0.650
-0.529 0.715 0.458
0.732 0.533 -0.522
0.015 0.120 0.039
-0.325 0.911 0.255
0.070 0.453 -0.169
-0.201 -0.252 0.487
-0.270 0.709 0.651
0.576 0.264 -0.610
-0.232 -0.226 -0.938
-0.454 0.872 -0.184
-0.867 0.610 -0.195
0.079 0.289 -0.136
0.320 0.947 0.020
-1.372 0.290 -0.521
-0.831 -0.177 0.179
0.286 0.884 0.369
0.612 0.394 0.737
1.243 -0.160 0.194
0.420 0.832 -0.361
-0.367 0.278 0.459
0.513 -0.193 0.410
0.471 0.882 -0.027
0.961 0.494 -0.338
-0.018 0.287 -0.347
-0.206 0.979 -0.002
1.287 0.247 -0.520
0.423 -0.090 -0.895
-0.308 0.942 -0.134
-0.426 0.289 -0.935
0.330 0.193 -0.288
0.072 0.995 0.062
-0.553 0.385 -0.224
0.299 0.376 0.299
0.008 1.000 0.005
-1.378 0.413 0.016
-0.627 0.390 -0.643
0.017 1.000 -0.015
