13
-0.071 0.122 -0.328
0.835 -0.256 -0.521
0.374 0.926 -0.053
0.067 0.045 -0.689
0.788 -0.448 -0.202
0.391 0.869 0.303
0.677 0.025 -0.561
0.927 -0.589 0.187
0.070 0.782 0.619
0.679 0.234 -0.539
0.881 0.002 0.412
-0.067 0.966 0.250
0.455 0.136 -0.558
-0.030 -0.276 0.214
-0.306 0.906 0.292
0.584 0.147 -0.271
-0.153 -0.348 0.190
-0.411 0.869 0.275
0.435 0.231 0.104
-0.544 0.114 -0.065
-0.124 0.992 0.036
0.269 0.230 0.328
-0.405 0.066 -0.391
-0.122 0.986 -0.111
0.275 0.083 0.290
-0.179 -0.418 -0.447
-0.206 0.864 -0.460
0.339 0.086 0.238
-0.042 -0.422 -0.534
-0.158 0.859 -0.487
-0.434 0.034 0.023
-0.206 -0.662 -0.658
0.171 0.717 -0.676
-0.836 0.172 0.244
-0.231 -0.133 -0.491
0.202 0.952 -0.229
-0.909 0.146 0.118
-0.272 -0.377 -0.449
0.434 0.850 -0.298
-0.163 0.088 -0.534
0.640 -0.458 -0.296
0.507 0.837 0.206
