20
1.338 0.342 2.830
1.099 0.274 1.861
-0.016 0.998 -0.066
1.059 0.343 2.960
0.899 0.370 1.973
0.004 1.000 0.026
0.743 0.443 1.850
0.097 0.237 1.115
-0.136 0.979 -0.155
1.011 0.551 2.933
0.867 0.311 1.973
-0.036 0.971 -0.238
1.541 0.196 0.532
0.565 -0.007 0.615
-0.202 0.979 0.017
1.900 0.319 0.626
0.914 0.231 0.769
-0.087 0.996 0.013
1.095 0.348 2.046
0.609 -0.154 1.330
-0.281 0.865 -0.415
-0.026 0.398 1.913
0.396 -0.013 1.105
0.190 0.912 -0.364
0.947 0.427 2.898
0.240 0.162 2.241
-0.194 0.964 -0.180
1.512 0.575 1.344
0.639 0.119 1.166
-0.446 0.890 -0.091
2.298 0.437 0.849
1.771 -0.121 0.208
-0.355 0.830 -0.431
1.616 0.262 0.468
0.687 0.023 0.187
-0.229 0.971 -0.069
1.467 0.210 2.577
1.290 -0.246 1.704
-0.091 0.890 -0.446
1.873 0.233 0.130
0.963 0.186 0.540
-0.043 0.999 0.020
0.247 0.496 1.377
0.692 0.029 0.613
0.235 0.884 -0.404
1.475 0.212 2.561
1.231 -0.288 1.731
-0.141 0.866 -0.480
1.029 0.292 1.640
0.963 -0.342 0.869
-0.054 0.774 -0.631
-1.153 0.454 1.288
-0.203 0.300 1.018
0.149 0.988 -0.042
-1.329 0.424 0.877
-0.455 0.498 0.396
-0.065 0.997 0.036
0.808 0.215 2.073
0.798 0.195 1.073
-0.000 1.000 -0.019
