9
-0.783 0.587 0.878
-0.028 0.676 0.228
-0.067 0.996 0.058
1.061 0.897 0.767
0.491 0.836 -0.052
-0.035 0.998 -0.050
1.394 0.776 -0.842
0.420 0.556 -0.901
-0.219 0.976 -0.013
0.755 0.649 1.350
0.362 0.399 0.465
-0.101 0.968 -0.229
-1.535 0.681 -1.442
-1.241 0.354 -0.544
0.102 0.945 0.310
1.125 0.886 0.343
0.172 0.591 0.405
-0.294 0.956 0.019
-1.324 0.876 -1.869
-1.299 0.287 -1.061
0.018 0.808 0.588
-0.191 0.800 1.219
0.788 0.670 1.371
0.129 0.991 0.020
1.123 0.949 0.603
0.591 0.419 -0.058
-0.332 0.848 -0.413
