16
1.863 0.284 0.373
0.957 -0.094 0.185
-0.370 0.926 -0.077
1.551 0.171 -0.634
0.643 -0.200 -0.439
-0.362 0.929 0.078
1.901 0.384 0.357
1.064 -0.149 0.232
-0.527 0.846 -0.079
-0.573 0.242 -0.107
-0.984 -0.478 0.453
-0.425 0.695 0.580
1.535 0.204 -0.777
0.636 -0.226 -0.689
-0.428 0.903 0.042
-1.686 0.143 0.012
-0.884 -0.436 0.161
0.569 0.816 0.105
-1.773 0.252 0.823
-0.951 -0.318 0.785
0.569 0.822 -0.027
-1.456 0.128 1.837
-0.695 -0.212 1.285
0.275 0.940 -0.200
-1.763 0.336 -0.144
-1.014 -0.225 0.209
0.508 0.828 0.239
-0.894 0.233 1.474
-0.817 -0.249 0.601
0.043 0.876 -0.481
2.070 0.140 -0.849
1.211 0.288 -0.359
0.128 0.989 -0.073
1.886 0.410 -0.021
1.266 -0.111 -0.607
-0.379 0.853 -0.358
-1.024 0.281 1.194
-0.635 -0.081 0.347
0.151 0.932 -0.329
1.221 0.328 -1.218
0.901 -0.204 -0.434
-0.201 0.847 0.493
-0.967 0.380 1.317
-0.833 -0.132 0.468
0.080 0.859 -0.506
-0.985 0.315 1.609
-0.805 -0.011 0.681
0.062 0.946 -0.319
