10
0.298 0.368 1.130
-0.424 0.031 0.526
-0.258 0.942 -0.216
2.396 0.399 -0.491
1.455 0.612 -0.229
0.206 0.977 -0.057
2.002 0.341 0.867
1.255 0.136 0.235
-0.157 0.979 -0.133
-2.467 0.233 -1.051
-2.569 -0.132 -0.126
-0.040 0.931 0.362
-0.861 0.375 -0.772
-0.616 -0.077 0.086
0.124 0.892 0.435
1.825 0.128 -0.818
0.875 0.353 -1.033
0.220 0.974 0.050
2.363 0.126 -0.280
1.696 0.069 0.463
-0.038 0.998 0.042
2.011 0.256 0.678
1.225 -0.176 0.235
-0.376 0.902 -0.212
0.756 0.400 -0.556
0.534 -0.005 0.330
-0.098 0.914 0.393
0.455 0.052 0.049
-0.351 0.238 -0.514
0.152 0.983 0.106
