11
1.503 0.782 -2.232
1.238 0.470 -1.319
-0.087 0.950 0.299
1.893 0.837 -0.151
1.367 0.359 0.553
-0.286 0.879 0.383
-0.290 0.712 -1.917
0.222 0.087 -1.329
0.411 0.780 0.472
-1.547 0.891 -0.847
-0.653 0.580 -0.524
0.292 0.951 0.106
1.495 0.814 -1.517
0.943 0.910 -0.689
0.053 0.995 -0.080
-0.287 0.575 -2.164
0.122 0.059 -1.411
0.246 0.857 0.453
-1.475 0.704 -0.848
-0.836 0.142 -0.323
0.434 0.827 0.357
1.502 0.612 -2.181
1.392 0.798 -1.205
0.021 0.983 -0.184
1.365 0.723 -1.561
0.694 0.275 -0.971
-0.337 0.894 0.296
-1.466 0.667 -2.639
-0.551 0.662 -2.236
0.005 1.000 0.002
-1.438 0.783 2.364
-0.762 0.645 1.641
0.095 0.990 -0.101
