11
0.850 0.302 0.276
0.505 0.015 1.170
-0.104 0.958 0.268
-0.384 0.409 0.398
-0.167 -0.430 0.897
0.334 0.544 0.770
0.421 0.566 0.581
1.308 0.301 0.202
0.244 0.964 -0.104
-0.523 0.613 -0.635
0.028 0.044 -0.025
0.382 0.822 0.423
0.272 0.345 -0.650
0.861 -0.084 0.036
0.279 0.904 0.325
0.233 0.301 0.386
0.121 -0.560 0.882
-0.189 0.508 0.840
-0.833 0.604 -0.540
-0.653 -0.108 -1.218
0.183 0.702 -0.688
0.413 0.525 -0.035
0.929 -0.320 0.107
0.815 0.535 0.224
-0.158 0.557 -0.642
0.194 -0.191 -0.079
0.396 0.664 0.634
-0.833 0.618 -0.551
-0.348 0.053 -1.218
0.332 0.825 -0.457
0.463 0.358 -0.659
-0.010 -0.355 -0.142
-0.482 0.701 0.526
