547
0.963 0.062 -1.180
1.780 -0.450 -0.915
0.490 0.859 0.149
1.189 0.308 -1.115
1.958 0.225 -0.481
0.053 0.996 0.067
1.367 0.056 -1.521
1.533 -0.464 -0.683
-0.011 0.848 0.529
0.616 0.203 -0.956
0.882 0.008 -0.011
-0.039 0.976 0.212
0.349 0.101 -0.879
0.393 -0.251 0.056
0.004 0.936 0.352
0.575 0.269 -0.757
0.432 0.091 0.216
-0.055 0.984 0.172
-0.554 0.237 -0.281
-0.517 0.060 0.702
-0.013 0.984 0.177
-0.877 0.174 -0.095
-0.764 -0.104 0.859
0.022 0.961 0.277
-1.183 0.216 0.293
-1.229 -0.054 1.255
-0.062 0.962 0.267
-0.803 0.307 0.571
-1.643 0.282 1.113
-0.014 1.000 0.024
-0.857 0.239 1.145
-1.843 0.130 1.019
-0.111 0.994 0.005
-0.401 0.070 0.871
-1.245 -0.291 0.477
-0.340 0.932 -0.127
-0.137 0.204 0.387
-1.056 0.011 0.042
-0.176 0.981 -0.080
0.558 0.227 -0.284
-0.321 0.056 -0.728
-0.144 0.985 -0.093
0.579 0.089 -0.650
0.509 -0.389 -1.525
0.005 0.878 -0.479
0.314 0.136 -0.832
1.000 -0.238 -1.456
0.267 0.927 -0.262
0.707 0.217 -1.149
1.621 -0.007 -0.810
0.213 0.975 0.071
