9
-0.505 0.656 2.280
0.080 0.309 1.547
0.217 0.938 -0.272
0.319 0.794 -1.375
0.579 0.203 -0.611
0.191 0.807 0.559
2.528 0.687 -1.346
1.790 0.182 -0.899
-0.433 0.863 0.262
3.431 0.857 -2.716
2.759 0.671 -2.000
-0.127 0.983 0.135
-0.945 0.845 1.829
-0.459 0.331 1.122
0.291 0.858 -0.424
3.495 0.797 -1.168
2.598 0.446 -0.900
-0.337 0.936 0.100
-1.212 0.731 -0.370
-0.436 0.278 0.068
0.394 0.892 0.222
-1.689 0.705 -0.716
-1.029 0.566 0.023
0.093 0.990 0.104
-0.956 0.673 2.153
-0.061 0.274 1.950
0.389 0.917 -0.088
