499
-0.187 0.163 1.000
-0.491 -0.483 0.300
-0.255 0.763 -0.594
-0.305 0.236 0.978
-0.409 -0.300 0.140
-0.100 0.844 -0.528
-0.127 0.350 0.941
-0.291 -0.008 0.021
0.005 0.932 -0.363
0.173 0.138 0.799
-0.292 -0.526 0.213
-0.431 0.747 -0.506
0.016 0.204 0.562
-0.176 -0.368 -0.235
-0.228 0.816 -0.531
-0.313 0.197 0.527
0.281 -0.327 -0.083
0.340 0.851 -0.401
-0.170 0.122 0.323
0.577 -0.500 0.089
0.577 0.782 -0.236
-0.131 0.186 0.273
0.673 -0.358 0.033
0.508 0.838 -0.200
-0.384 0.149 0.814
0.316 -0.565 0.798
0.709 0.697 -0.110
0.071 0.222 0.185
0.528 -0.340 0.874
0.253 0.825 0.505
0.244 0.226 0.052
0.235 -0.270 0.920
-0.044 0.868 0.495
0.187 0.260 0.110
-0.151 -0.163 0.950
-0.174 0.906 0.387
0.177 0.246 0.138
-0.274 -0.006 0.994
-0.118 0.968 0.223
0.193 0.101 0.171
-0.106 -0.653 0.755
-0.426 0.654 0.625
0.075 0.228 0.937
-0.645 -0.369 0.583
-0.518 0.802 -0.297
