736
-0.783 0.130 -0.194
0.055 -0.311 0.126
0.395 0.897 0.201
-0.526 0.364 -0.161
0.388 0.335 0.243
0.025 1.000 0.013
-0.174 0.176 -0.208
0.336 -0.156 0.586
0.182 0.943 0.277
-0.197 0.029 -0.088
-0.268 -0.488 0.765
-0.108 0.855 0.508
-0.197 0.364 -0.110
-0.398 0.474 0.864
-0.033 0.992 -0.119
-0.234 0.310 0.289
-0.837 0.269 1.086
-0.056 0.998 0.008
-0.059 0.007 0.438
-0.839 -0.554 0.711
-0.543 0.827 0.146
-0.226 0.141 0.604
-1.148 -0.156 0.854
-0.290 0.955 0.063
-0.439 0.354 0.637
-1.405 0.458 0.872
0.105 0.994 -0.007
-0.679 0.342 0.799
-1.670 0.455 0.727
0.108 0.992 0.060
-0.722 0.103 0.828
-1.519 -0.226 0.321
-0.281 0.944 -0.171
-0.593 0.050 0.698
-1.189 -0.376 0.017
-0.238 0.903 -0.357
-0.635 0.330 0.683
-1.214 0.322 -0.132
0.019 1.000 -0.023
-0.564 0.301 0.360
-0.878 0.262 -0.589
-0.023 0.999 -0.033
-0.706 0.062 0.397
-0.702 -0.329 -0.524
-0.015 0.920 -0.391
-0.584 -0.045 0.127
-0.070 -0.664 -0.465
0.437 0.784 -0.441
-0.510 0.121 -0.127
0.205 -0.292 -0.691
0.311 0.911 -0.272
-0.776 0.377 -0.511
0.215 0.295 -0.614
0.085 0.996 0.028
-0.799 0.316 -0.439
0.188 0.174 -0.359
0.142 0.990 0.015
-0.421 -0.063 -0.106
0.240 -0.704 -0.496
0.504 0.765 -0.402
