22
0.358 0.505 -1.767
-0.337 0.241 -1.098
-0.190 0.965 0.183
0.595 0.380 0.433
-0.363 0.446 0.155
0.063 0.998 0.018
0.836 0.486 0.450
-0.157 0.366 0.469
-0.120 0.993 0.002
0.637 0.454 -1.019
-0.315 0.151 -0.967
-0.302 0.953 0.017
1.293 0.521 1.174
0.455 0.558 0.630
0.031 0.999 0.020
1.280 0.542 -0.887
0.490 0.464 -0.278
-0.062 0.997 0.048
1.295 0.330 -1.133
0.447 0.015 -0.708
-0.282 0.949 0.141
1.002 0.278 1.190
0.326 0.357 0.458
0.054 0.997 0.058
0.248 0.547 -1.775
-0.643 0.094 -1.729
-0.452 0.892 0.023
0.397 0.436 -0.309
-0.457 -0.067 -0.176
-0.497 0.864 0.078
0.596 0.449 -1.571
0.187 0.344 -0.664
-0.043 0.994 0.096
1.319 0.393 -1.517
0.849 0.517 -0.644
0.059 0.992 -0.109
0.292 0.505 -0.317
-0.492 -0.047 -0.599
-0.520 0.834 -0.187
0.905 0.526 -0.999
-0.041 0.643 -1.301
0.112 0.993 0.036
-2.332 0.496 1.027
-2.071 0.607 0.068
-0.029 0.994 0.107
-0.861 0.409 0.636
-1.033 -0.194 -0.143
-0.130 0.798 -0.588
-1.968 0.464 -1.931
-1.293 0.286 -1.215
0.122 0.984 0.129
0.711 0.245 -1.741
0.020 -0.161 -1.144
-0.307 0.914 0.266
-1.625 0.494 -0.950
-1.050 0.217 -0.180
0.166 0.961 0.222
-2.342 0.319 -1.096
-1.504 0.524 -0.591
-0.176 0.979 -0.106
0.531 0.319 -0.539
0.097 0.120 0.340
-0.088 0.980 0.179
-0.895 0.280 -0.994
-0.320 0.195 -0.180
0.049 0.996 0.070
