33
0.623 -0.569 -0.584
0.532 -1.358 0.023
-0.321 0.601 0.732
0.660 -0.347 -0.530
0.283 -0.333 0.396
0.013 1.000 -0.010
0.360 -0.470 -0.591
-0.221 -1.164 -0.166
-0.587 0.719 0.372
0.333 -0.751 -0.260
-0.325 -1.455 -0.525
-0.661 0.710 -0.244
-0.253 -0.479 -0.378
-0.787 -1.195 -0.827
-0.637 0.690 -0.343
-0.048 -0.285 -0.656
-0.442 -0.453 -1.560
-0.059 0.986 -0.157
0.231 -0.325 -0.693
-0.293 -0.598 -1.499
-0.094 0.960 -0.264
0.383 -0.701 -0.880
-0.269 -1.449 -1.006
-0.750 0.660 -0.037
0.293 -0.818 -0.450
-0.120 -1.515 -1.036
-0.342 0.716 -0.609
-0.049 -0.572 -0.676
0.343 -1.441 -0.980
0.490 0.476 -0.730
0.135 -0.344 -0.834
1.083 -0.532 -0.577
0.170 0.981 0.089
0.788 -0.601 -0.635
0.807 -1.388 -0.018
0.015 0.617 0.787
0.355 -0.568 -0.534
0.768 -1.208 0.114
0.326 0.768 0.551
0.672 -0.568 0.182
0.146 -1.395 0.378
-0.647 0.539 0.539
0.620 -0.596 0.149
0.423 -1.540 0.415
-0.572 0.331 0.751
0.410 -0.614 0.504
0.478 -1.308 1.221
-0.042 0.716 0.697
0.252 -0.554 0.837
0.383 -1.277 1.515
-0.516 0.535 0.669
0.372 -0.142 0.730
0.650 -0.770 1.457
0.115 0.773 0.624
0.256 -0.079 0.745
1.084 0.105 1.275
-0.141 0.983 -0.121
0.191 -0.157 1.112
0.666 -0.062 0.237
0.031 0.992 0.125
0.027 -0.315 1.088
-0.110 -0.928 0.309
-0.043 0.789 -0.613
0.144 -0.406 1.004
0.124 -0.961 0.172
0.168 0.818 -0.550
0.328 -0.467 0.190
0.170 -1.075 -0.588
-0.149 0.794 -0.590
0.336 -0.446 0.012
-0.262 -1.156 -0.359
-0.564 0.702 -0.434
0.009 -0.548 -0.054
-0.551 -1.243 0.396
-0.408 0.704 0.581
-0.575 -0.699 0.379
-0.823 -1.531 0.875
-0.313 0.553 0.772
-0.174 -0.714 0.076
-0.952 -1.290 0.326
-0.439 0.783 0.440
-0.641 -0.370 0.304
-1.419 -0.969 0.112
-0.608 0.794 -0.012
-0.459 -0.504 0.211
-1.053 -1.006 -0.418
-0.430 0.858 -0.279
-0.487 -0.412 0.141
-1.008 -1.256 0.015
-0.682 0.501 -0.534
-0.578 -0.460 0.278
-0.598 -1.275 0.857
0.076 0.576 0.814
-0.671 -0.436 0.234
-0.451 -1.375 0.500
0.454 0.339 0.824
-0.644 -0.281 0.144
0.346 -0.392 0.057
0.117 0.992 0.056
-0.269 -0.362 -0.152
0.270 -0.699 -0.924
0.254 0.939 -0.233
