1293
0.323 -0.231 0.529
0.920 -0.495 1.286
0.140 0.964 0.226
0.521 -0.320 0.267
1.079 -0.620 1.040
0.093 0.949 0.301
1.275 -0.222 0.549
1.882 -0.451 1.310
0.185 0.972 0.145
-0.005 -0.250 1.147
0.700 -0.600 1.764
0.257 0.937 0.237
-0.487 -0.175 1.321
0.447 -0.530 1.351
0.356 0.934 -0.014
0.051 -0.181 1.338
0.832 -0.553 0.835
0.301 0.928 -0.218
0.896 -0.168 1.584
1.640 -0.635 1.107
0.362 0.883 -0.301
1.196 -0.249 1.381
1.329 -0.710 0.504
0.088 0.887 -0.453
0.769 -0.214 1.419
1.110 -0.667 0.595
0.126 0.890 -0.437
0.017 -0.156 1.048
0.787 -0.424 0.471
0.221 0.963 -0.153
-0.497 -0.283 0.986
0.327 -0.797 0.749
0.488 0.858 -0.164
-0.382 -0.325 0.290
0.229 -0.778 -0.360
0.289 0.891 -0.350
-0.389 -0.377 -0.278
0.217 -0.754 -0.978
0.262 0.926 -0.272
0.306 -0.272 -0.420
0.864 -0.606 -1.179
0.222 0.942 -0.252
0.122 -0.291 -0.800
1.014 -0.674 -1.040
0.362 0.923 -0.128
-0.055 -0.204 -1.039
0.858 -0.500 -0.757
0.282 0.955 0.088
0.360 -0.218 -1.368
1.113 -0.561 -0.806
0.300 0.938 0.172
-0.209 -0.366 -0.942
0.564 -0.952 -1.184
0.585 0.807 -0.083
-0.436 -0.239 -0.809
-0.183 -0.596 -1.708
0.150 0.933 -0.328
-0.546 -0.099 -0.989
-0.406 -0.158 -1.978
0.058 0.997 -0.052
