21
1.538 0.366 -2.337
1.207 0.015 -1.461
-0.124 0.937 0.328
-4.540 0.331 0.817
-3.572 0.162 1.006
0.166 0.986 0.032
-5.212 0.392 1.063
-4.222 0.254 1.052
0.137 0.991 -0.002
1.499 0.573 -2.441
0.954 0.204 -1.688
-0.216 0.929 0.299
-3.805 0.294 3.797
-3.209 -0.243 3.199
0.379 0.844 -0.380
-1.044 0.350 3.755
-1.487 -0.006 2.932
-0.169 0.934 -0.314
-4.860 0.574 -0.690
-3.952 0.488 -0.280
0.078 0.996 0.035
-4.393 0.509 2.388
-3.535 0.006 2.495
0.500 0.864 0.062
-3.524 0.589 3.694
-2.667 0.291 3.273
0.267 0.955 -0.132
-1.244 0.568 -1.069
-1.366 0.176 -0.157
-0.052 0.920 0.389
-2.556 0.312 4.051
-2.317 0.187 3.088
0.030 0.992 -0.122
3.739 0.336 0.778
2.821 -0.026 0.614
-0.356 0.932 -0.064
2.791 0.588 -3.339
2.819 0.123 -2.454
0.015 0.885 0.465
-5.824 0.517 -0.240
-4.914 0.537 0.175
-0.018 1.000 -0.008
-2.631 0.585 -0.423
-1.723 0.311 -0.107
0.258 0.962 0.090
3.197 0.543 2.014
2.777 0.160 1.192
-0.174 0.923 -0.342
3.397 0.477 -0.714
2.521 0.395 -0.239
-0.072 0.997 0.039
-4.129 0.505 2.291
-3.468 0.063 1.684
0.325 0.897 -0.299
-0.120 0.606 -2.409
-0.293 0.274 -1.482
-0.061 0.943 0.326
-1.149 0.443 3.452
-0.714 0.250 2.572
0.085 0.981 -0.173
-2.744 0.571 3.508
-2.932 -0.081 2.774
-0.162 0.758 -0.632
