23
-0.249 0.491 0.514
-0.521 -0.297 -0.039
-0.347 0.616 -0.707
-1.307 0.430 0.501
-0.749 -0.161 -0.083
0.408 0.807 -0.427
-0.774 0.490 0.403
-0.639 -0.113 -0.383
0.102 0.797 -0.595
0.557 0.272 -0.900
-0.229 -0.344 -0.956
-0.614 0.788 -0.044
-0.840 0.327 1.005
-0.322 -0.226 0.352
0.344 0.833 -0.433
-1.200 0.415 1.410
-0.669 0.057 0.642
0.203 0.934 -0.294
-1.042 0.413 -0.140
-0.221 -0.146 -0.252
0.554 0.829 -0.076
1.376 0.243 -1.298
0.612 -0.401 -1.331
-0.643 0.765 -0.028
0.166 0.404 1.356
0.290 -0.143 0.528
0.081 0.837 -0.541
-0.307 0.601 0.447
0.208 -0.011 -0.153
0.399 0.791 -0.464
-0.381 0.291 -0.602
0.390 -0.342 -0.666
0.631 0.774 -0.052
-0.739 0.212 0.470
-1.096 -0.498 -0.137
-0.359 0.705 -0.612
-0.095 0.565 0.987
0.300 0.079 0.207
0.219 0.874 -0.433
-0.327 0.324 1.087
-0.646 0.105 0.164
-0.071 0.976 -0.207
-0.614 0.429 -1.144
0.006 -0.128 -0.590
0.415 0.831 0.371
-1.126 0.414 0.374
-0.292 0.106 -0.084
0.270 0.951 -0.149
-0.952 0.320 -0.070
-1.190 -0.433 -0.684
-0.272 0.658 -0.702
-0.833 0.384 0.937
-0.962 0.011 0.019
-0.052 0.928 -0.370
0.875 0.427 -1.099
0.480 -0.269 -0.499
-0.383 0.718 0.581
-0.296 0.538 -0.533
-0.636 -0.309 -0.123
-0.541 0.532 0.651
0.832 0.270 -1.398
0.347 -0.226 -0.677
-0.277 0.869 0.411
-1.040 0.397 1.486
-1.184 -0.237 0.727
-0.118 0.773 -0.623
-0.041 0.502 -0.510
-0.810 -0.136 -0.556
-0.637 0.770 -0.038
