38
-0.464 -0.338 -0.410
0.043 -0.364 0.451
0.013 1.000 0.022
-0.005 -0.431 -1.571
0.579 -0.473 -0.760
0.025 0.999 0.034
-0.173 -0.178 -1.057
0.125 -0.469 -0.148
0.091 0.957 0.276
-0.858 -0.232 0.425
0.140 -0.201 0.370
-0.031 1.000 0.002
0.205 -0.327 -1.052
0.349 -0.555 -0.089
0.034 0.974 0.226
-0.758 -0.199 1.237
0.182 -0.422 1.495
0.215 0.975 0.059
-0.661 -0.191 0.579
0.288 -0.403 0.348
0.206 0.977 -0.050
1.495 -0.107 -0.252
1.045 -0.688 0.427
-0.321 0.814 0.484
0.144 -0.420 -0.725
0.717 -0.013 -0.013
-0.255 0.914 -0.317
1.275 -0.260 -0.465
0.977 -0.756 0.351
-0.170 0.868 0.466
-1.191 -0.073 0.562
-0.197 0.027 0.504
-0.100 0.995 0.006
-0.669 -0.113 -0.554
0.123 -0.553 -0.131
0.388 0.898 0.207
-0.776 -0.163 0.112
-0.063 -0.130 0.812
-0.024 0.999 -0.023
-0.704 -0.340 -0.208
0.150 -0.730 0.135
0.361 0.921 0.145
0.252 -0.119 -0.648
0.585 0.068 0.276
-0.063 0.982 -0.176
0.505 -0.297 -1.212
0.871 -0.780 -0.416
0.202 0.876 0.438
-0.182 -0.456 -0.582
0.107 -0.892 0.270
0.140 0.900 0.412
-0.134 -0.425 -0.178
0.220 -0.182 0.725
-0.089 0.970 -0.226
0.192 -0.417 -1.061
0.369 -0.836 -0.171
0.082 0.908 0.411
0.148 -0.221 -0.981
0.133 -0.698 -0.102
-0.008 0.879 0.477
-1.373 -0.349 0.805
-0.527 -0.590 1.280
0.210 0.970 0.118
-0.760 -0.430 0.123
0.203 -0.583 -0.098
0.149 0.988 -0.034
-0.767 -0.158 0.490
0.182 0.150 0.559
-0.308 0.951 -0.023
-0.803 -0.146 -0.278
0.033 -0.646 -0.051
0.482 0.866 0.131
-1.356 -0.175 0.446
-0.584 -0.771 0.665
0.574 0.803 0.163
0.006 -0.423 -0.789
0.021 -0.826 0.126
0.006 0.915 0.403
-1.416 -0.082 0.070
-0.448 -0.145 -0.172
0.061 0.998 -0.015
1.524 -0.425 0.219
0.916 -0.719 0.957
-0.187 0.956 0.227
-0.897 -0.197 -0.149
-0.033 -0.695 -0.073
0.496 0.867 0.044
0.650 -0.082 -1.110
1.343 -0.473 -0.505
0.294 0.921 0.257
1.675 -0.316 0.015
0.923 -0.339 0.674
-0.017 1.000 0.015
-1.120 -0.213 0.241
-0.204 0.165 0.372
-0.374 0.926 -0.054
-1.351 -0.155 0.512
-0.749 -0.765 -0.003
0.464 0.792 -0.396
-0.209 -0.108 -0.079
0.670 -0.558 -0.236
0.443 0.893 -0.079
-0.278 -0.181 -1.021
0.339 0.206 -0.336
-0.259 0.922 -0.288
-1.323 -0.209 0.471
-0.620 -0.746 0.006
0.449 0.843 -0.296
-1.070 -0.094 0.639
-0.312 -0.688 0.370
0.559 0.805 -0.198
0.212 -0.258 -0.306
0.145 -0.276 0.692
-0.001 1.000 0.018
