14
-3.321 0.213 -1.981
-2.405 0.107 -1.595
0.099 0.994 0.042
0.753 0.212 -3.687
0.541 -0.182 -2.793
-0.091 0.919 0.384
-3.586 0.135 -2.940
-2.760 -0.303 -2.585
0.402 0.899 0.173
1.148 0.431 -2.603
0.455 -0.070 -2.085
-0.402 0.865 0.300
-1.624 0.197 -3.903
-0.906 0.189 -3.207
0.006 1.000 0.006
-1.882 0.293 -0.196
-1.193 -0.290 -0.627
0.494 0.813 -0.309
2.827 0.396 1.407
1.895 0.363 1.044
-0.031 0.999 -0.012
0.635 0.371 -4.724
0.041 -0.138 -4.101
-0.351 0.861 0.368
-1.541 0.246 -3.668
-1.059 0.512 -2.833
-0.133 0.964 -0.231
1.518 0.441 4.326
1.546 0.412 3.326
0.001 1.000 -0.029
-2.231 0.274 -0.768
-1.363 0.014 -1.190
0.234 0.966 -0.114
-1.662 0.271 -4.012
-1.935 0.078 -3.070
-0.054 0.981 0.186
0.708 0.310 -3.814
0.871 -0.167 -2.951
0.089 0.879 0.469
-1.933 0.376 -0.177
-1.200 -0.305 -0.175
0.680 0.733 0.002
