17
-0.042 0.270 -1.130
-0.460 0.406 -0.233
0.058 0.991 -0.124
-0.283 0.554 -0.714
-0.804 0.453 0.133
-0.053 0.995 0.086
-0.197 0.500 -0.288
-0.989 0.570 0.320
0.056 0.998 -0.043
0.399 0.309 0.618
-0.551 0.174 0.900
-0.130 0.991 0.038
0.952 0.379 0.851
-0.011 0.160 1.007
-0.216 0.976 0.035
0.284 0.413 -0.269
-0.646 0.148 -0.017
-0.256 0.964 0.069
0.529 0.336 2.323
-0.421 0.031 2.389
-0.304 0.952 0.021
0.535 0.252 0.002
0.045 0.026 0.843
-0.114 0.974 0.195
-0.516 0.308 -1.149
-1.113 0.126 -0.368
-0.111 0.983 0.145
-1.810 0.440 1.779
-1.870 0.091 0.844
-0.022 0.937 -0.348
0.915 0.305 1.409
0.091 -0.157 1.739
-0.428 0.887 0.171
0.359 0.438 1.466
-0.571 0.153 1.699
-0.277 0.958 0.070
0.040 0.499 2.300
-0.822 -0.008 2.325
-0.507 0.862 0.015
0.193 0.410 0.609
-0.475 -0.313 0.783
-0.700 0.691 0.183
-1.147 0.393 1.231
-0.447 -0.259 0.939
0.602 0.758 -0.251
0.242 0.415 -1.119
-0.689 0.161 -0.859
-0.245 0.967 0.068
-1.999 0.358 -0.287
-1.221 0.195 0.320
0.128 0.987 0.100
