10
0.534 -0.035 -0.443
0.044 -0.549 -1.146
-0.327 0.857 -0.399
0.540 0.204 -0.423
-0.138 0.265 -1.155
0.023 0.998 0.061
0.195 0.085 -0.588
0.396 -0.188 -1.529
0.056 0.962 -0.267
0.405 -0.095 -0.543
1.169 -0.710 -0.738
0.597 0.788 -0.151
-0.343 0.030 -0.679
0.469 -0.320 -0.211
0.286 0.936 0.203
-0.190 -0.075 -0.751
0.239 -0.670 -0.071
0.303 0.804 0.512
0.563 -0.041 -0.287
-0.051 -0.673 0.185
-0.570 0.769 0.288
0.624 0.121 -0.226
-0.128 -0.165 0.369
-0.290 0.953 0.091
0.668 -0.075 -0.394
-0.023 -0.741 -0.674
-0.614 0.745 -0.261
0.576 -0.013 -0.605
-0.098 -0.488 -1.170
-0.405 0.878 -0.255
0.943 -0.027 -0.601
0.738 -0.628 -1.374
-0.272 0.793 -0.545
