12
-1.012 0.345 0.683
-0.614 -0.340 0.073
0.375 0.728 -0.573
-1.009 0.477 0.581
-0.720 -0.248 -0.045
0.304 0.689 -0.658
-1.371 0.626 0.386
-0.842 -0.090 -0.069
0.543 0.698 -0.467
-1.235 0.313 0.397
-0.477 -0.247 0.062
0.512 0.829 -0.226
-0.261 0.345 0.629
-0.395 -0.146 -0.231
-0.075 0.871 -0.486
-1.549 0.442 1.123
-1.095 0.065 0.316
0.185 0.926 -0.329
-1.761 0.455 0.681
-1.108 -0.125 0.195
0.465 0.815 -0.346
-0.244 0.441 0.159
-0.279 -0.106 -0.677
-0.023 0.837 -0.547
-0.667 0.356 -0.190
-0.668 -0.375 0.493
-0.001 0.683 0.730
-0.661 0.361 -0.379
-0.568 -0.264 0.397
0.074 0.781 0.620
-1.576 0.434 1.121
-0.772 -0.150 1.005
0.578 0.812 -0.083
0.078 0.602 -0.062
-0.224 -0.120 0.560
-0.316 0.692 0.649
