16
2.921 -0.314 3.278
2.446 -0.535 2.426
-0.108 0.975 -0.194
1.874 -0.428 2.509
1.557 -0.735 1.611
-0.102 0.952 -0.289
-1.499 -0.436 2.739
-1.044 -0.286 1.861
-0.069 0.989 0.133
-2.435 -0.377 -0.471
-1.641 -0.108 -1.015
-0.223 0.963 0.153
-3.164 -0.177 2.525
-2.410 -0.191 1.868
0.010 1.000 -0.009
2.437 -0.519 -0.088
1.587 -0.622 -0.604
-0.089 0.995 -0.054
0.228 -0.171 2.010
-0.238 0.041 1.151
0.101 0.977 0.186
2.003 -0.148 -1.777
1.066 -0.077 -1.434
0.067 0.997 -0.024
-3.166 -0.253 2.553
-2.485 -0.556 1.886
0.216 0.953 -0.212
-1.141 -0.205 -2.979
-0.156 -0.087 -2.855
-0.117 0.993 -0.015
-1.920 -0.301 -2.528
-1.664 -0.312 -1.561
0.003 1.000 0.010
-1.461 -0.347 2.160
-0.755 -0.339 1.452
-0.006 1.000 0.006
0.212 -0.176 2.248
0.592 -0.262 1.327
0.033 0.996 -0.079
-2.949 -0.240 1.170
-2.313 -0.643 0.512
0.280 0.915 -0.290
2.234 -0.421 1.582
1.707 -0.833 0.838
-0.238 0.911 -0.336
2.953 -0.274 -1.749
2.112 -0.711 -1.431
-0.409 0.899 0.155
