12
-1.204 0.712 -0.263
-0.578 0.535 0.497
0.113 0.984 0.137
-1.224 0.446 0.876
-1.596 0.065 0.029
-0.153 0.925 -0.348
-1.237 0.466 0.874
-1.450 0.147 -0.050
-0.072 0.948 -0.311
-1.554 0.401 0.723
-0.734 0.245 0.172
0.129 0.988 -0.087
-1.372 0.581 1.045
-0.793 0.215 0.316
0.227 0.931 -0.286
-1.517 0.507 1.017
-0.935 0.105 0.310
0.255 0.916 -0.310
-0.841 0.593 0.521
-0.359 0.237 -0.279
0.184 0.934 -0.306
0.020 0.383 0.200
-0.784 0.311 0.791
-0.058 0.997 0.043
-1.768 0.372 0.297
-0.769 0.385 0.338
-0.013 1.000 -0.001
-2.163 0.615 0.417
-1.617 0.450 -0.404
0.092 0.986 -0.138
-1.517 0.419 0.541
-1.356 0.135 -0.404
0.048 0.959 -0.280
-0.944 0.510 0.934
-1.834 0.223 0.581
-0.267 0.958 -0.106
