9
1.605 0.361 1.918
0.794 -0.094 2.288
-0.414 0.891 0.189
2.099 0.370 1.452
1.234 -0.008 1.782
-0.353 0.926 0.135
1.628 0.152 -0.486
1.197 0.087 0.413
-0.028 0.998 0.059
-0.007 0.189 0.835
0.458 0.281 -0.046
-0.043 0.996 0.081
0.601 0.479 -2.041
0.625 0.298 -1.058
0.004 0.983 0.181
-0.101 0.390 0.954
0.276 -0.078 0.155
0.200 0.884 -0.423
0.068 0.215 0.741
0.883 0.353 0.178
-0.114 0.990 0.079
0.866 0.310 1.467
0.781 -0.157 0.587
-0.045 0.884 -0.465
2.304 0.155 1.260
1.445 -0.199 0.888
-0.325 0.935 -0.141
