13
-0.951 -0.140 0.372
-0.304 -0.303 -0.373
0.107 0.987 -0.123
-0.908 0.204 2.179
-0.641 -0.137 1.278
0.097 0.940 -0.327
0.682 0.067 0.246
0.295 -0.133 -0.654
-0.079 0.980 -0.184
-0.730 -0.010 1.796
-0.572 -0.255 0.840
0.040 0.970 -0.241
-0.859 0.008 1.904
-0.788 -0.171 0.923
0.013 0.984 -0.179
-2.221 -0.047 0.105
-1.276 -0.346 -0.024
0.296 0.954 -0.040
-1.021 -0.005 0.430
-0.686 -0.552 -0.337
0.219 0.837 -0.502
-0.389 -0.126 0.893
-0.101 0.099 -0.038
-0.066 0.974 0.215
-0.824 -0.124 1.875
-0.454 -0.623 1.092
0.213 0.867 -0.451
-2.037 0.008 -0.327
-1.127 -0.406 -0.357
0.414 0.910 -0.013
0.917 0.006 0.517
0.384 0.087 -0.325
0.044 0.997 0.069
-2.140 -0.013 -0.241
-1.232 -0.366 -0.015
0.343 0.936 0.085
0.540 0.083 -1.790
-0.368 -0.117 -1.424
-0.185 0.980 0.075
