14
-1.750 0.549 -0.102
-0.841 0.275 -0.417
0.259 0.962 -0.090
0.600 0.716 -0.034
-0.084 0.049 -0.329
-0.612 0.745 -0.264
-1.177 0.714 -0.397
-0.526 0.123 0.080
0.477 0.807 0.349
1.182 0.688 -0.267
0.452 0.146 -0.683
-0.471 0.840 -0.268
1.310 0.642 -0.092
0.349 0.419 -0.252
-0.220 0.975 -0.037
-0.211 0.461 0.550
0.194 0.150 -0.310
0.132 0.950 -0.281
-3.196 0.510 0.180
-2.304 0.396 -0.256
0.103 0.993 -0.050
1.279 0.801 0.713
0.508 0.474 0.166
-0.267 0.945 -0.189
-3.803 0.484 1.243
-3.116 0.110 0.621
0.278 0.927 -0.251
-1.213 0.722 -0.872
-0.365 0.376 -0.470
0.313 0.938 0.148
1.694 0.574 -1.349
1.240 -0.064 -0.727
-0.375 0.771 0.515
1.188 0.569 -0.211
0.499 0.041 -0.707
-0.429 0.849 -0.309
-0.246 0.762 0.196
-0.271 -0.058 -0.376
-0.035 0.573 -0.819
-1.183 0.611 -0.483
-0.902 0.057 0.301
0.187 0.833 0.521
