23
4.275 0.004 -0.948
3.798 0.019 -0.069
0.007 1.000 -0.013
-3.044 0.000 -0.272
-2.081 -0.261 -0.333
0.260 0.965 -0.017
-2.672 0.046 -1.586
-1.692 -0.147 -1.649
0.192 0.981 -0.012
-3.846 -0.087 0.094
-2.860 -0.127 -0.066
0.039 0.999 -0.006
0.677 -0.150 -2.606
0.923 -0.376 -1.663
0.057 0.974 0.218
-2.494 -0.084 -1.470
-1.698 -0.448 -0.986
0.311 0.931 0.189
-3.820 0.042 0.780
-2.829 -0.062 0.865
0.104 0.995 0.009
4.138 0.090 0.288
3.544 -0.521 0.810
-0.460 0.791 0.404
-1.168 0.034 3.175
-0.423 -0.324 2.612
0.286 0.934 -0.216
-1.228 -0.147 -3.758
-1.016 -0.596 -2.890
0.107 0.893 0.437
1.099 -0.083 -3.236
1.283 -0.465 -2.330
0.076 0.924 0.375
-0.531 -0.150 -3.303
-0.189 -0.659 -2.513
0.202 0.861 0.468
-2.632 -0.163 -1.560
-1.740 -0.545 -1.317
0.368 0.924 0.100
3.018 0.164 -1.414
2.144 -0.195 -1.086
-0.336 0.934 0.126
3.485 -0.131 -2.112
3.219 -0.515 -1.228
-0.111 0.923 0.367
1.774 -0.169 -1.901
1.261 -0.637 -1.182
-0.272 0.884 0.381
1.009 0.011 -3.102
0.770 -0.492 -2.272
-0.139 0.864 0.484
-0.776 0.042 2.558
-0.092 0.033 1.829
0.006 1.000 -0.006
3.598 -0.047 -1.216
2.616 -0.089 -1.032
-0.041 0.999 0.008
2.338 0.057 -2.742
2.197 -0.375 -1.852
-0.068 0.902 0.427
2.306 -0.017 -2.695
2.146 -0.239 -1.733
-0.036 0.975 0.219
0.459 0.034 4.312
0.634 -0.168 3.349
0.036 0.979 -0.198
1.103 0.140 4.464
1.304 0.164 3.485
-0.005 1.000 0.024
