19
-0.067 0.560 0.377
-0.468 -0.268 -0.015
-0.592 0.561 -0.579
-1.978 0.381 0.928
-1.352 -0.288 1.329
0.564 0.743 0.360
-1.290 0.567 0.967
-0.858 -0.157 1.505
0.454 0.689 0.564
-0.092 0.523 1.011
-0.715 -0.164 0.638
-0.590 0.726 -0.353
-1.534 0.365 -0.994
-1.397 -0.035 -0.088
0.060 0.916 0.396
-1.607 0.214 -0.042
-1.476 -0.221 0.849
0.063 0.900 0.430
-1.554 0.482 -0.734
-1.336 0.002 0.116
0.119 0.878 0.464
0.057 0.203 -0.539
-0.381 -0.382 0.144
-0.316 0.811 0.493
-0.751 0.314 -0.608
-0.652 0.512 0.367
-0.020 0.980 -0.197
-0.069 0.346 0.429
-0.783 -0.313 0.193
-0.626 0.752 -0.207
-0.814 0.284 -0.445
-1.320 -0.359 0.130
-0.425 0.766 0.483
-0.283 0.462 -0.424
-0.763 -0.099 0.250
-0.325 0.828 0.457
-0.425 0.500 -1.241
-0.837 -0.119 -0.573
-0.325 0.785 0.527
-0.774 0.511 -0.308
-1.305 0.123 0.446
-0.223 0.922 0.317
-0.835 0.422 1.177
-1.322 -0.450 1.232
-0.867 0.489 0.098
-0.747 0.481 -0.655
-0.629 0.005 0.216
0.064 0.879 0.472
-0.312 0.377 2.269
-0.827 -0.145 1.590
-0.316 0.853 -0.417
-2.399 0.389 -0.317
-2.226 0.628 0.639
-0.043 0.971 -0.235
-2.407 0.586 -0.212
-1.780 0.152 0.435
0.302 0.901 0.312
