19
-1.185 0.124 -0.773
-0.450 -0.388 -0.330
0.449 0.858 0.248
-1.188 0.116 -0.771
-0.583 -0.429 -0.191
0.364 0.838 0.408
-1.725 0.064 -0.401
-0.950 -0.568 -0.407
0.632 0.775 -0.003
-1.284 0.294 -0.364
-0.537 0.034 -0.976
0.205 0.966 -0.160
-1.218 0.120 -0.282
-0.744 -0.448 -0.954
0.280 0.821 -0.497
-1.495 0.137 -0.334
-1.211 -0.440 -1.100
0.128 0.815 -0.565
-1.953 0.131 -0.618
-1.172 -0.410 -0.307
0.471 0.838 0.275
-2.124 0.132 0.000
-1.621 -0.395 0.684
0.305 0.849 0.431
-2.112 0.133 0.481
-1.370 -0.357 0.936
0.399 0.871 0.287
-2.058 0.224 0.842
-1.089 -0.015 0.908
0.241 0.970 -0.026
-2.277 0.208 0.674
-1.491 -0.082 0.128
0.216 0.956 -0.197
-2.239 0.135 0.801
-1.649 -0.413 1.394
0.329 0.834 0.443
-2.134 0.164 1.811
-1.521 -0.331 2.427
0.347 0.869 0.353
-2.151 0.316 2.415
-1.177 0.106 2.323
0.202 0.976 -0.084
-1.873 0.091 1.822
-1.488 -0.450 2.570
0.134 0.834 0.535
-1.614 0.012 2.536
-1.946 -0.679 3.178
-0.352 0.722 0.595
-1.100 0.026 2.707
-1.773 -0.712 2.657
-0.735 0.675 -0.065
-1.656 0.084 2.896
-1.819 -0.554 2.144
-0.134 0.770 -0.624
-2.216 0.102 2.561
-1.541 -0.500 2.136
0.529 0.798 -0.289
-2.286 0.111 1.494
-1.714 -0.268 0.766
0.281 0.924 -0.260
