1019
-0.565 -0.003 0.381
-1.517 -0.307 0.417
-0.303 0.953 0.023
-0.477 -0.022 0.399
-1.302 -0.362 -0.053
-0.320 0.939 -0.123
-0.672 0.042 0.458
-1.363 -0.082 -0.254
-0.115 0.992 -0.061
-0.556 -0.157 0.625
-0.617 -0.709 -0.207
-0.033 0.834 -0.550
-0.643 -0.170 0.018
0.015 -0.754 -0.457
0.495 0.811 -0.311
-0.432 -0.059 -0.228
0.364 -0.419 0.259
0.280 0.932 0.231
-0.242 -0.044 -0.049
-0.217 -0.467 0.856
-0.065 0.903 0.424
-0.105 -0.015 0.018
-0.305 -0.347 0.940
0.015 0.940 0.341
-0.054 -0.018 0.084
-0.460 -0.406 0.912
-0.199 0.922 0.333
0.005 0.044 0.233
-0.854 -0.219 0.670
-0.249 0.964 0.091
-0.515 -0.002 0.023
-1.421 -0.301 0.324
-0.269 0.953 0.137
-0.256 0.214 0.214
-1.220 0.432 0.059
0.208 0.975 0.077
-0.605 0.009 0.575
-1.033 -0.217 -0.300
-0.158 0.972 -0.175
-0.363 0.198 0.634
-0.584 0.369 -0.326
0.028 0.985 0.169
-0.574 0.163 0.517
-0.179 0.312 -0.389
-0.157 0.983 0.094
-0.669 0.249 0.198
0.306 0.414 0.047
-0.163 0.986 0.028
-0.431 0.024 -0.096
0.327 -0.151 0.532
0.104 0.983 0.149
-0.497 0.178 -0.129
-0.124 0.361 0.781
-0.138 0.980 -0.141
-0.331 0.211 0.089
-0.714 0.366 1.000
0.056 0.988 -0.144
-0.156 0.171 -0.166
-1.065 0.310 0.226
0.138 0.990 -0.032
