19
0.483 0.144 0.383
1.258 -0.342 0.787
0.410 0.874 0.261
0.973 0.156 0.164
1.787 -0.284 0.542
0.384 0.898 0.217
1.198 0.126 -0.116
1.911 -0.355 0.394
0.397 0.877 0.272
1.654 0.022 -0.140
2.403 -0.623 0.014
0.629 0.764 0.145
1.944 0.002 -0.315
2.598 -0.644 -0.709
0.551 0.763 -0.337
1.895 0.140 -0.463
2.089 -0.246 -1.365
0.083 0.922 -0.377
1.896 0.274 -0.460
1.627 0.153 -1.416
-0.000 0.992 -0.125
1.796 0.034 -0.412
1.016 -0.528 -0.687
-0.533 0.827 -0.178
0.996 0.023 0.034
0.260 -0.580 -0.273
-0.524 0.795 -0.305
0.082 0.018 0.214
-0.577 -0.530 -0.301
-0.431 0.836 -0.339
-0.463 0.179 0.012
-0.608 -0.027 -0.955
0.005 0.978 -0.210
-0.104 0.005 -0.234
0.560 -0.633 -0.624
0.579 0.769 -0.271
0.368 0.192 0.078
1.197 -0.126 0.538
0.254 0.947 0.196
0.501 0.275 0.151
0.560 0.117 1.137
-0.021 0.987 0.160
0.358 -0.003 0.278
0.314 -0.669 1.022
-0.063 0.746 0.663
-0.204 0.088 0.419
-0.946 -0.401 0.875
-0.424 0.872 0.246
0.108 0.278 0.320
-0.744 0.205 -0.200
-0.066 0.997 -0.031
0.231 0.191 -0.111
-0.369 -0.009 -0.886
-0.102 0.980 -0.173
0.547 0.165 0.127
-0.197 -0.141 0.721
-0.202 0.950 0.237
0.525 0.309 0.137
0.395 0.284 1.128
-0.003 1.000 0.025
