12
-0.725 0.559 -0.267
0.268 0.447 -0.219
0.112 0.994 0.005
-0.956 0.358 -1.275
-0.321 -0.045 -0.616
0.280 0.915 0.291
-1.449 0.520 0.159
-0.935 0.014 -0.533
0.302 0.863 -0.406
-1.340 0.546 0.951
-0.737 0.062 0.317
0.334 0.875 -0.351
0.720 0.575 -1.239
0.208 -0.046 -0.646
-0.406 0.783 0.471
0.654 0.352 0.313
0.445 -0.171 -0.513
-0.128 0.852 -0.507
-0.440 0.524 0.734
0.410 0.019 0.584
0.497 0.864 -0.087
0.705 0.216 -0.197
-0.148 -0.210 -0.497
-0.402 0.904 -0.142
-1.634 0.405 -0.654
-0.950 -0.228 -0.292
0.560 0.774 0.296
1.193 0.400 -0.261
0.420 -0.210 -0.438
-0.594 0.793 -0.136
0.611 0.392 0.007
-0.116 0.054 -0.591
-0.261 0.941 -0.214
0.531 0.551 -1.214
0.160 -0.025 -0.485
-0.261 0.818 0.513
