39
-0.369 0.420 -0.325
-0.310 -0.348 0.314
0.070 0.641 0.764
-0.261 0.413 -0.730
-0.265 -0.291 -0.019
-0.005 0.711 0.703
0.467 0.385 1.477
0.114 -0.169 0.722
-0.235 0.833 -0.501
-0.139 0.384 -0.935
-0.084 -0.285 -0.193
0.049 0.744 0.667
-0.242 0.311 -0.420
-0.048 -0.112 0.465
0.091 0.906 0.414
-0.602 0.288 -1.131
-0.061 -0.383 -0.625
0.491 0.741 0.459
0.063 0.198 0.602
-0.275 -0.479 -0.052
-0.311 0.737 -0.601
1.495 0.180 0.606
0.820 -0.378 0.123
-0.454 0.830 -0.324
0.983 0.288 0.846
0.329 -0.324 0.400
-0.506 0.791 -0.344
-0.105 0.172 1.786
-0.334 -0.420 1.013
-0.168 0.806 -0.567
0.291 0.173 -0.803
0.193 -0.287 0.079
-0.051 0.888 0.458
1.257 0.206 0.864
0.564 -0.270 0.322
-0.375 0.879 -0.293
-0.831 0.277 -0.891
-0.173 -0.237 -0.340
0.393 0.858 0.330
-0.843 0.343 -0.168
-0.550 -0.175 0.636
0.177 0.855 0.487
0.664 0.264 1.128
0.506 -0.346 0.352
-0.122 0.792 -0.598
-0.571 0.240 -0.657
0.155 -0.182 -0.114
0.338 0.906 0.253
-0.029 0.297 -1.191
-0.207 -0.372 -0.469
-0.160 0.743 0.649
-0.314 0.139 -1.418
-0.996 -0.369 -0.891
-0.402 0.861 0.311
1.108 0.222 0.433
0.355 -0.435 0.408
-0.658 0.753 -0.022
0.500 0.219 0.773
-0.054 -0.257 0.089
-0.299 0.880 -0.369
-0.062 0.355 -1.503
0.285 -0.323 -0.855
0.320 0.735 0.597
1.606 0.295 0.844
0.797 -0.092 0.400
-0.339 0.922 -0.186
-0.282 0.369 -0.438
0.385 -0.285 -0.079
0.575 0.757 0.310
-0.570 0.246 -0.348
0.166 -0.391 -0.120
0.608 0.771 0.189
-0.133 0.403 0.213
0.172 -0.379 -0.332
0.382 0.624 -0.682
-1.590 0.397 -0.927
-0.731 0.064 -0.538
0.304 0.943 0.137
0.185 0.241 -0.575
-0.009 -0.376 0.188
-0.152 0.787 0.598
-0.439 0.245 -1.006
-0.477 -0.348 -0.201
-0.028 0.805 0.592
-1.411 0.145 -1.328
-0.618 -0.194 -0.822
0.285 0.941 0.182
0.784 0.340 -0.490
0.063 -0.244 -0.116
-0.518 0.812 0.268
1.292 0.046 0.940
0.459 -0.454 0.702
-0.480 0.866 -0.137
-0.672 0.124 1.332
-0.385 -0.227 0.441
0.108 0.936 -0.334
0.730 0.410 -1.375
0.819 -0.161 -0.558
0.062 0.821 0.567
0.038 0.191 1.321
0.100 -0.213 0.409
0.028 0.914 -0.404
0.003 0.201 0.507
0.317 -0.467 -0.167
0.282 0.744 -0.606
-0.843 0.271 -1.535
-1.407 -0.244 -0.891
-0.339 0.857 0.388
-0.259 0.177 -1.172
-0.201 -0.158 -0.232
0.021 0.942 0.335
0.246 0.287 0.466
-0.622 -0.210 0.472
-0.497 0.868 0.004
0.629 0.220 0.649
-0.061 -0.486 0.491
-0.688 0.708 -0.157
