14
-4.072 0.075 2.499
-3.196 -0.034 2.029
0.095 0.994 -0.051
3.296 0.091 1.286
2.511 -0.324 0.827
-0.359 0.909 -0.210
3.179 0.249 -2.361
2.551 0.166 -1.588
-0.053 0.997 0.065
3.568 0.067 1.250
2.753 -0.490 1.404
-0.547 0.830 0.104
-4.983 0.090 0.507
-4.103 -0.331 0.728
0.408 0.907 0.102
1.031 -0.027 -2.949
0.367 0.007 -2.202
0.023 0.999 -0.026
3.584 0.210 1.264
2.843 -0.339 0.877
-0.487 0.836 -0.254
1.327 0.187 -2.179
0.546 0.329 -1.571
0.112 0.990 -0.087
-4.030 0.007 -1.637
-3.440 -0.328 -0.902
0.209 0.942 0.261
3.328 -0.106 1.281
2.334 -0.019 1.223
0.087 0.996 0.005
-4.829 0.137 2.300
-4.189 0.208 1.535
-0.046 0.997 0.055
-4.151 0.245 2.513
-3.293 -0.257 2.621
0.498 0.865 0.063
-4.000 0.028 -1.373
-3.161 -0.201 -0.879
0.197 0.973 0.116
1.362 0.252 0.659
0.568 0.185 0.055
-0.053 0.998 -0.040
