23
-2.040 0.760 -2.732
-1.306 0.359 -2.184
0.321 0.916 0.240
-2.494 0.703 -2.529
-1.926 0.398 -1.765
0.182 0.952 0.245
2.409 0.652 2.039
1.969 0.286 1.219
-0.173 0.931 -0.323
1.323 0.484 2.625
0.705 0.229 1.882
-0.163 0.967 -0.196
-2.795 0.736 -1.297
-2.162 0.129 -0.816
0.484 0.795 0.367
1.758 0.626 1.724
1.216 0.137 1.041
-0.304 0.872 -0.383
-2.897 0.528 -0.121
-2.153 -0.068 -0.423
0.553 0.802 -0.225
2.527 0.602 1.793
1.815 0.414 1.117
-0.137 0.982 -0.130
2.400 0.631 2.136
1.954 0.444 1.261
-0.085 0.982 -0.167
-2.241 0.600 -1.472
-1.584 -0.081 -1.148
0.610 0.733 0.301
-2.681 0.693 -1.511
-2.215 0.116 -0.840
0.329 0.817 0.473
1.843 0.768 2.767
1.017 0.391 2.348
-0.336 0.926 -0.170
-1.028 0.800 -2.320
-0.866 0.145 -1.582
0.141 0.755 0.640
-2.167 0.668 2.495
-1.557 0.031 2.023
0.503 0.771 -0.390
-2.688 0.538 -0.477
-1.802 0.151 -0.219
0.372 0.922 0.108
2.060 0.846 -2.129
1.614 0.150 -1.567
-0.433 0.718 0.545
2.390 0.592 -2.359
1.616 0.593 -1.725
0.000 1.000 -0.000
2.311 0.627 0.739
1.434 0.267 0.420
-0.338 0.933 -0.123
0.323 0.660 2.229
-0.230 0.248 1.505
-0.250 0.911 -0.327
1.883 0.660 2.770
1.053 0.631 2.213
-0.024 1.000 -0.016
1.397 0.600 1.771
0.923 0.084 1.058
-0.286 0.857 -0.430
-2.060 0.579 -2.354
-2.028 0.150 -1.452
0.015 0.903 0.429
-2.773 0.672 -1.557
-2.230 0.014 -1.034
0.474 0.753 0.457
