22
1.619 0.277 0.852
0.903 -0.093 0.260
-0.286 0.929 -0.236
1.380 0.420 0.587
0.607 0.136 0.019
-0.229 0.959 -0.168
-0.338 0.403 1.453
0.092 -0.130 0.724
0.270 0.846 -0.459
-0.096 0.567 1.954
-0.088 0.312 0.987
0.002 0.967 -0.255
0.406 0.321 0.759
0.306 0.011 -0.186
-0.033 0.951 -0.309
-1.387 0.455 -1.235
-0.559 -0.084 -1.080
0.530 0.842 0.099
-1.355 0.250 -1.265
-0.557 -0.349 -1.336
0.596 0.801 -0.053
-1.210 0.447 -0.484
-0.432 -0.178 -0.534
0.624 0.780 -0.040
-0.133 0.239 -1.799
-0.175 -0.194 -0.899
-0.020 0.901 0.433
-0.115 0.483 -0.910
-0.786 -0.214 -0.658
-0.653 0.717 0.245
-1.167 0.483 -1.486
-0.451 0.092 -0.908
0.304 0.920 0.245
0.380 0.342 0.480
-0.362 -0.249 0.161
-0.543 0.807 -0.233
-1.287 0.516 -1.656
-1.394 -0.073 -0.855
-0.078 0.808 0.584
0.647 0.406 1.451
1.014 0.060 0.587
0.135 0.938 -0.319
0.895 0.181 1.219
1.404 -0.389 0.574
0.352 0.822 -0.448
-1.585 0.566 -1.050
-0.659 0.277 -0.807
0.279 0.957 0.073
-1.619 0.536 -0.102
-0.663 0.244 -0.129
0.292 0.956 -0.008
-1.021 0.509 -1.155
-0.594 -0.231 -0.634
0.469 0.673 0.572
1.214 0.238 0.601
0.374 -0.294 0.713
-0.527 0.847 0.071
1.114 0.532 1.293
0.371 0.538 0.623
0.005 1.000 0.005
-2.094 0.328 -0.013
-1.196 -0.105 0.063
0.431 0.901 0.037
-0.183 0.276 1.308
0.407 -0.309 0.751
0.425 0.811 -0.402
