10
-2.580 0.090 0.444
-1.637 -0.025 0.130
0.109 0.993 -0.036
-0.891 0.178 3.045
-0.400 0.176 2.174
0.001 1.000 -0.002
1.575 0.055 -3.760
1.301 -0.225 -2.840
-0.080 0.960 0.268
-2.982 0.186 0.268
-2.130 0.087 0.782
0.085 0.995 0.051
-2.086 0.238 -2.762
-1.473 -0.090 -2.043
0.213 0.945 0.249
1.885 -0.040 -4.379
1.323 0.227 -3.597
0.156 0.964 -0.217
-3.535 0.182 1.337
-2.802 0.030 0.674
0.113 0.988 -0.102
-0.337 -0.058 -5.420
0.273 -0.149 -4.633
0.055 0.996 0.072
4.383 0.074 -2.364
4.102 -0.127 -1.426
-0.058 0.980 0.192
-3.547 0.300 1.359
-3.010 -0.102 0.617
0.236 0.915 -0.326
