9
-1.418 0.007 -1.662
-0.536 -0.450 -1.774
0.464 0.885 0.047
0.258 0.041 -0.272
1.151 -0.392 -0.398
0.430 0.901 -0.049
0.112 0.346 -0.503
0.766 0.245 0.247
0.036 0.994 0.103
1.728 0.013 0.321
1.367 -0.255 1.215
-0.120 0.963 0.241
1.768 0.083 2.073
0.912 -0.298 2.422
-0.378 0.922 0.081
0.554 0.212 0.317
-0.174 -0.113 0.920
-0.270 0.945 0.183
-0.664 0.249 0.014
-0.909 -0.140 0.902
-0.052 0.920 0.389
0.289 0.482 0.451
-0.707 0.409 0.406
-0.072 0.997 -0.017
-0.931 0.090 0.237
-1.229 -0.132 -0.692
-0.032 0.974 -0.223
-1.770 0.019 -1.111
-1.030 -0.405 -1.634
0.376 0.904 -0.201
