1000
-0.341 0.142 -0.275
-0.916 -0.204 0.466
-0.205 0.938 0.278
-0.345 0.147 -0.252
-1.010 -0.177 0.420
-0.201 0.945 0.257
-0.278 0.173 -0.262
-0.700 -0.036 0.620
-0.105 0.978 0.182
-0.103 0.150 -0.288
-0.135 -0.044 0.693
-0.044 0.980 0.193
-0.075 -0.064 -0.258
-0.128 -0.617 0.573
-0.045 0.833 0.552
-0.301 -0.035 -0.272
-0.865 -0.600 0.331
-0.336 0.824 0.457
-0.057 -0.084 -0.275
-0.108 -0.673 0.531
-0.076 0.807 0.585
0.021 0.110 -0.305
0.176 -0.020 0.674
-0.008 0.991 0.132
0.299 -0.077 -0.317
0.483 -0.613 0.507
0.081 0.844 0.531
0.472 -0.207 -0.342
0.792 -1.037 0.116
0.389 0.556 0.735
0.627 0.106 -0.279
1.198 -0.155 0.499
0.098 0.963 0.251
0.755 0.208 -0.401
1.589 0.208 0.151
-0.047 0.996 0.071
0.797 -0.115 -0.448
1.669 -0.556 -0.234
0.424 0.898 0.121
0.794 -0.090 -0.594
1.651 -0.498 -0.910
0.352 0.909 -0.221
0.787 0.284 -0.355
1.707 0.455 -0.003
-0.163 0.985 -0.054
0.908 -0.029 -0.321
1.566 -0.541 0.231
0.342 0.856 0.387
0.830 0.045 -0.569
1.658 -0.111 -1.106
0.116 0.987 -0.108
1.209 0.184 -0.422
1.345 0.091 -1.408
0.137 0.988 -0.075
0.896 0.003 -0.428
0.610 -0.511 -1.236
-0.263 0.853 -0.450
0.732 0.291 -0.364
-0.064 0.425 -0.953
0.083 0.990 0.113
