425
1.937 0.313 -0.967
1.807 -0.157 -0.094
-0.099 0.882 0.461
1.795 0.487 -0.800
1.128 0.295 -0.080
-0.120 0.981 0.151
1.622 0.356 -0.921
0.747 0.029 -0.565
-0.294 0.945 0.147
1.582 0.328 0.468
0.685 -0.088 0.611
-0.410 0.909 0.076
0.270 0.270 1.152
-0.153 -0.061 0.309
-0.252 0.937 -0.242
-1.222 0.338 1.143
-1.325 -0.067 0.235
-0.133 0.911 -0.391
-2.417 0.334 1.184
-2.081 -0.091 0.343
0.138 0.905 -0.403
-3.150 0.349 0.811
-2.373 -0.108 0.376
0.385 0.889 -0.247
-2.619 0.406 -0.857
-1.782 0.092 -0.410
0.277 0.950 0.148
-2.067 0.272 -0.854
-1.523 -0.099 -0.101
0.281 0.926 0.253
-0.036 0.222 -1.046
0.794 -0.308 -0.874
0.518 0.848 0.113
1.708 0.274 -0.422
1.523 -0.176 0.452
-0.070 0.893 0.445
1.738 0.263 -0.518
0.903 -0.172 -0.179
-0.369 0.898 0.241
