18
1.138 0.396 -1.075
0.435 -0.260 -0.799
-0.611 0.755 0.240
0.139 0.353 -1.418
-0.425 -0.389 -1.057
-0.625 0.670 0.400
0.476 0.635 -0.101
-0.087 -0.118 -0.442
-0.644 0.658 -0.389
0.324 0.353 -0.098
-0.250 -0.335 -0.542
-0.544 0.726 -0.421
0.491 0.516 -0.983
-0.058 -0.245 -0.637
-0.644 0.649 0.406
0.625 0.263 -0.872
-0.052 -0.443 -1.081
-0.675 0.708 -0.208
0.051 0.378 -0.535
-0.440 -0.441 -0.832
-0.700 0.574 -0.424
0.625 0.449 -0.736
0.229 -0.321 -1.236
-0.479 0.638 -0.603
0.135 0.470 -0.977
-0.439 -0.349 -0.954
-0.818 0.574 0.032
-0.561 0.578 -0.991
0.067 -0.188 -1.127
0.749 0.643 -0.162
0.361 0.295 -0.981
-0.369 -0.362 -0.793
-0.636 0.754 0.164
1.067 0.613 -0.584
0.385 0.138 -1.140
-0.368 0.880 -0.300
0.183 0.304 -1.400
-0.301 -0.546 -1.609
-0.780 0.527 -0.338
0.184 0.326 -0.733
-0.294 -0.427 -1.186
-0.547 0.658 -0.517
0.257 0.527 -0.945
0.037 -0.263 -0.373
-0.284 0.612 0.738
-0.623 0.431 -0.661
-0.009 -0.289 -0.339
0.638 0.693 0.335
-0.257 0.296 -0.888
-0.119 -0.396 -1.596
0.132 0.722 -0.680
0.259 0.474 -0.696
-0.102 -0.337 -0.235
-0.500 0.585 0.638
