18
-0.624 0.561 -1.130
-0.700 0.342 -0.157
-0.017 0.976 0.218
-1.545 0.477 -1.620
-0.966 0.616 -0.817
-0.081 0.990 -0.113
0.986 0.460 -1.239
0.048 0.411 -1.583
-0.045 0.999 -0.017
2.067 0.758 0.545
1.304 0.214 0.195
-0.495 0.839 -0.227
1.368 0.449 0.558
0.501 -0.012 0.371
-0.451 0.887 -0.097
1.157 0.793 -1.755
0.428 0.410 -1.189
-0.303 0.923 0.235
-1.896 0.771 0.793
-0.904 0.805 0.672
-0.034 0.999 0.004
1.283 0.781 -2.146
0.470 0.201 -2.101
-0.580 0.814 0.032
-2.414 0.584 -0.750
-1.728 0.437 -0.037
0.102 0.989 0.106
0.359 0.639 -0.083
0.086 0.341 -0.998
-0.085 0.955 -0.285
-1.526 0.601 0.782
-0.822 0.433 0.092
0.120 0.986 -0.117
-1.949 0.761 -0.107
-1.024 0.473 0.141
0.279 0.957 0.075
1.387 0.453 -2.148
0.473 0.611 -1.776
0.147 0.987 -0.060
-2.441 0.753 -1.448
-1.858 0.546 -0.662
0.123 0.978 0.166
1.168 0.713 -1.460
0.710 0.677 -0.572
-0.016 0.999 0.032
2.091 0.753 -0.921
1.481 0.869 -0.137
0.071 0.993 -0.091
-1.435 0.570 0.258
-0.782 0.342 -0.465
0.152 0.974 -0.169
2.084 0.657 -1.123
1.618 0.359 -0.290
-0.145 0.955 0.260
