16
2.428 0.187 0.119
1.503 -0.147 0.298
-0.328 0.943 0.064
0.729 0.330 -2.042
-0.076 0.008 -1.545
-0.274 0.947 0.170
2.782 0.165 0.134
1.879 -0.247 0.258
-0.408 0.911 0.056
3.097 0.265 0.951
2.194 0.030 0.593
-0.219 0.972 -0.086
-2.329 0.387 1.840
-1.477 -0.016 1.506
0.375 0.915 -0.147
2.293 0.371 1.617
1.540 0.042 1.048
-0.262 0.944 -0.198
2.764 0.370 0.133
1.790 0.144 0.156
-0.226 0.974 0.005
-2.990 0.349 1.325
-2.134 0.076 0.886
0.243 0.962 -0.125
2.618 0.421 1.631
1.872 -0.108 1.228
-0.466 0.848 -0.252
2.836 0.389 1.641
2.041 0.439 1.037
0.040 0.999 0.031
-1.383 0.457 -1.378
-0.738 -0.026 -0.786
0.356 0.876 0.327
0.583 0.175 0.918
-0.372 -0.115 0.989
-0.290 0.957 0.022
-1.927 0.332 1.862
-1.286 -0.296 1.421
0.517 0.778 -0.356
1.600 0.423 0.688
0.762 0.173 0.203
-0.216 0.968 -0.125
0.774 0.206 -2.040
-0.019 -0.351 -1.792
-0.532 0.830 0.166
0.607 0.274 -2.050
0.111 -0.251 -1.359
-0.306 0.851 0.427
