9
1.183 1.148 -1.486
0.971 0.456 -0.795
-0.202 0.722 0.661
1.232 0.887 -0.613
0.594 0.187 -0.292
-0.625 0.714 0.315
0.034 1.089 -1.080
0.464 0.451 -0.441
0.357 0.770 0.529
-0.109 0.834 -1.132
0.015 0.182 -0.384
0.107 0.758 0.644
1.513 0.862 -0.801
0.692 0.293 -0.750
-0.568 0.822 0.035
1.047 0.976 -0.534
0.758 0.103 -0.927
-0.516 0.488 -0.704
0.475 0.813 -1.521
0.003 0.072 -1.043
-0.521 0.672 0.527
0.230 1.094 -0.798
0.398 0.460 -0.043
0.137 0.774 0.619
0.182 1.080 0.285
0.085 0.386 -0.428
-0.093 0.720 -0.688
