9
1.270 0.594 0.616
0.675 0.088 1.240
-0.274 0.858 0.434
1.255 0.639 0.577
0.373 0.171 0.514
-0.470 0.883 0.021
1.119 0.612 0.384
0.293 0.114 0.121
-0.489 0.866 -0.103
0.723 0.612 -0.210
-0.006 0.129 -0.694
-0.355 0.872 -0.336
0.564 0.550 -0.399
0.513 -0.101 -1.157
-0.102 0.758 -0.644
0.572 0.554 -0.548
1.063 0.009 -1.228
0.217 0.832 -0.511
0.304 0.532 -0.821
0.983 -0.188 -0.677
0.719 0.692 0.068
0.512 0.627 -0.724
1.194 0.154 -0.166
0.441 0.874 0.202
0.883 0.610 -0.207
0.850 0.094 0.649
0.142 0.845 0.515
0.931 0.579 0.384
0.175 -0.041 0.595
-0.588 0.785 0.197
