537
1.303 0.244 1.480
0.890 -0.202 0.686
-0.185 0.895 -0.407
1.584 0.213 -0.181
1.438 -0.219 -1.071
-0.106 0.901 -0.420
1.013 0.292 -1.113
0.104 -0.115 -1.197
-0.410 0.912 0.011
0.048 0.280 -1.157
-0.446 -0.032 -0.345
-0.142 0.950 0.279
-1.260 0.148 -0.686
-1.010 -0.300 0.173
0.172 0.893 0.416
-1.372 0.219 -0.490
-0.575 -0.180 -0.945
0.329 0.917 -0.226
-1.197 0.151 -0.360
-0.774 -0.354 0.393
0.215 0.863 0.457
-1.119 0.256 -0.185
-1.299 -0.138 0.716
-0.068 0.919 0.389
-0.897 0.242 0.051
-0.481 -0.145 0.873
0.199 0.921 0.334
-0.679 0.308 1.148
0.263 -0.024 1.111
0.330 0.942 -0.053
-0.742 0.276 1.534
-0.348 -0.153 0.722
0.147 0.902 -0.405
0.902 0.228 1.175
0.994 -0.278 0.317
0.042 0.863 -0.504
1.239 0.275 -0.182
0.792 0.031 -1.042
-0.197 0.965 -0.172
0.236 0.129 -0.042
-0.225 -0.105 -0.898
-0.158 0.971 -0.180
0.997 0.300 -0.318
0.045 0.010 -0.413
-0.289 0.957 -0.034
0.823 0.125 -1.099
0.173 -0.492 -0.656
-0.487 0.786 0.381
-0.219 0.264 -0.813
0.320 -0.150 -0.080
0.282 0.909 0.306
