25
0.568 0.164 1.560
0.180 -0.445 0.868
-0.298 0.793 -0.531
-1.047 0.265 -1.723
-1.061 -0.236 -0.858
-0.008 0.865 0.501
-0.075 0.206 1.761
-0.507 -0.144 0.930
-0.162 0.937 -0.311
0.195 0.346 1.429
-0.296 -0.280 0.822
-0.394 0.780 -0.486
-0.989 0.285 -1.737
-1.048 -0.077 -0.807
-0.023 0.932 0.362
-1.303 0.515 2.447
-0.909 0.172 1.594
0.144 0.939 -0.312
-0.039 0.262 1.935
-0.652 0.046 1.175
-0.136 0.976 -0.168
-1.078 0.403 -2.406
-1.473 -0.184 -1.700
-0.287 0.809 0.512
0.612 0.280 1.327
-0.057 0.013 0.634
-0.185 0.964 -0.192
-0.008 0.405 2.275
0.064 -0.109 1.420
0.043 0.858 -0.512
0.048 0.465 2.346
0.139 -0.133 1.550
0.068 0.801 -0.595
0.724 0.209 1.990
-0.040 0.193 1.345
-0.012 1.000 -0.010
-0.344 0.475 2.367
-0.072 -0.081 1.581
0.182 0.831 -0.525
-0.563 0.469 2.703
-0.328 -0.128 1.935
0.174 0.803 -0.570
0.563 0.441 1.537
0.433 -0.179 0.762
-0.102 0.785 -0.611
-0.788 0.142 1.635
-0.749 -0.528 0.893
0.035 0.742 -0.669
-2.238 0.465 -0.874
-1.747 0.118 -0.075
0.182 0.938 0.295
-1.600 0.302 -2.161
-1.028 -0.133 -1.466
0.277 0.900 0.337
-1.698 0.414 -1.423
-1.811 -0.205 -0.646
-0.089 0.786 0.612
-2.344 0.529 -1.240
-1.937 0.150 -0.409
0.167 0.925 0.340
-0.510 0.194 -2.544
-0.687 0.034 -1.573
-0.029 0.987 0.157
0.115 0.361 -2.402
-0.177 -0.254 -1.670
-0.228 0.788 0.572
-0.447 0.430 -0.487
-1.237 -0.175 -0.385
-0.600 0.796 0.078
-0.506 0.404 -2.131
-0.313 0.020 -1.228
0.080 0.923 0.376
-1.761 0.300 -2.117
-1.066 -0.245 -1.649
0.452 0.838 0.304
