599
0.154 0.194 -0.296
0.900 -0.116 -0.886
0.257 0.950 -0.175
-0.007 0.180 -0.450
0.856 -0.301 -0.607
0.471 0.877 -0.097
-0.131 0.144 -0.205
0.601 -0.104 -0.840
0.229 0.967 -0.113
-0.045 0.218 -1.239
0.870 -0.155 -1.084
0.370 0.928 0.050
0.363 0.206 -0.709
1.152 -0.185 -0.235
0.322 0.920 0.223
1.903 0.039 -0.348
2.133 -0.355 0.542
0.077 0.919 0.387
2.352 0.114 -0.461
1.614 -0.237 0.115
-0.270 0.936 0.225
1.166 0.193 -0.283
0.378 -0.068 0.275
-0.252 0.963 0.095
-0.101 0.194 -0.884
-0.078 -0.172 0.046
0.034 0.930 0.365
-0.161 0.144 -0.900
0.325 -0.305 -0.151
0.306 0.891 0.335
-0.345 0.243 -0.822
0.573 0.003 -1.137
0.250 0.968 -0.010
-0.167 0.081 0.447
-0.116 -0.287 -0.482
0.028 0.930 -0.368
-0.005 0.116 -0.112
-0.308 -0.295 -0.972
-0.078 0.910 -0.407
0.450 0.118 -0.435
-0.412 -0.383 -0.356
-0.501 0.865 0.022
0.417 0.152 -0.224
-0.276 -0.284 0.350
-0.322 0.900 0.293
-0.188 0.141 -0.923
-1.012 -0.409 -0.787
-0.539 0.835 0.111
-0.538 0.217 -0.471
-1.320 -0.163 -0.967
-0.310 0.925 -0.221
-0.103 0.160 0.095
-0.274 -0.081 -0.861
0.002 0.970 -0.244
