29
1.300 -0.111 1.701
0.444 -0.169 1.188
-0.049 0.998 -0.030
0.867 -0.015 2.572
0.147 -0.203 1.904
-0.138 0.982 -0.128
0.890 0.049 1.668
0.015 -0.135 1.220
-0.164 0.983 -0.084
2.159 0.003 0.589
1.175 -0.126 0.466
-0.128 0.992 -0.016
1.579 0.117 1.133
0.613 -0.015 0.911
-0.128 0.991 -0.029
-0.318 -0.142 0.292
0.541 -0.025 0.790
-0.101 0.993 -0.058
-1.397 0.119 1.273
-0.405 0.099 1.156
0.019 1.000 -0.002
-0.624 0.166 1.412
0.338 0.275 1.161
-0.106 0.994 0.028
-1.609 -0.020 1.843
-0.694 0.046 1.444
-0.060 0.998 0.026
-1.761 -0.064 0.989
-1.441 -0.228 0.056
0.053 0.986 -0.155
-1.776 -0.024 1.118
-1.416 -0.087 0.188
0.023 0.998 -0.059
1.671 -0.037 0.550
0.731 -0.361 0.441
-0.322 0.946 -0.037
-1.625 0.158 -0.529
-0.765 0.090 -0.024
0.059 0.998 0.035
-2.467 0.123 1.974
-1.844 -0.158 1.243
0.182 0.960 -0.214
-1.837 0.109 1.648
-1.281 0.015 0.822
0.053 0.996 -0.078
1.122 -0.109 1.692
0.587 -0.209 0.853
-0.054 0.995 -0.084
1.199 0.161 2.284
0.734 0.160 1.399
-0.000 1.000 -0.001
-1.247 0.115 1.290
-0.318 0.105 0.921
0.009 1.000 -0.004
-1.544 0.138 -1.112
-0.841 0.086 -0.403
0.036 0.999 0.037
0.348 -0.029 -0.410
0.930 0.242 0.356
-0.164 0.963 -0.216
-0.253 -0.024 -0.332
0.386 -0.196 0.418
0.112 0.985 0.131
-1.569 0.068 -1.115
-0.827 0.101 -0.445
-0.025 0.999 -0.023
-1.117 -0.011 0.711
-0.163 0.268 0.820
-0.277 0.960 -0.032
0.819 -0.067 2.565
0.477 -0.269 1.648
-0.070 0.979 -0.189
0.285 0.146 0.188
0.917 -0.040 0.940
0.119 0.983 0.142
-1.054 0.184 -1.059
-0.534 0.143 -0.206
0.021 0.999 0.035
1.949 0.006 2.345
1.480 -0.111 1.469
-0.055 0.993 -0.103
-2.051 0.191 1.794
-1.178 -0.180 1.480
0.349 0.928 -0.126
-1.489 -0.137 -0.514
-0.773 -0.414 0.126
0.206 0.961 0.184
