996
0.038 0.027 1.100
0.767 -0.022 0.417
0.046 0.999 -0.023
0.556 -0.070 0.933
1.028 -0.209 0.062
0.059 0.990 -0.126
0.868 -0.105 0.773
1.112 -0.335 -0.169
0.021 0.973 -0.232
0.909 -0.049 0.693
0.632 -0.230 -0.251
-0.045 0.984 -0.175
0.819 -0.121 0.861
0.484 -0.380 -0.045
-0.097 0.966 -0.240
-0.120 0.042 1.046
-0.115 0.155 0.053
-0.027 0.993 0.113
-1.259 -0.209 0.668
-0.715 -0.417 -0.144
0.099 0.978 -0.184
-1.438 -0.211 0.386
-0.642 -0.318 -0.210
0.028 0.990 -0.140
-1.296 -0.242 0.626
-0.883 -0.577 -0.221
0.090 0.940 -0.328
-0.402 -0.252 0.817
-0.805 -0.688 0.012
-0.208 0.900 -0.383
-1.071 -0.220 0.835
-1.212 -0.571 -0.091
0.026 0.933 -0.358
-1.290 -0.331 0.714
-1.302 -0.868 -0.129
0.012 0.843 -0.537
0.088 -0.267 0.426
-0.741 -0.769 0.179
-0.481 0.865 -0.142
0.184 -0.239 0.693
-0.723 -0.634 0.546
-0.384 0.918 -0.098
-0.647 -0.404 1.538
-1.430 -0.875 1.133
-0.477 0.874 -0.093
0.075 -0.186 0.810
-0.795 -0.375 1.266
-0.187 0.981 0.052
-0.023 -0.131 0.488
-0.690 -0.207 1.228
-0.079 0.996 0.030
-0.756 -0.221 0.279
-1.022 -0.451 1.215
-0.081 0.973 0.216
-0.816 -0.226 0.170
-0.637 -0.308 1.151
0.034 0.996 0.077
-0.014 -0.081 0.473
0.131 -0.052 1.462
-0.045 0.999 -0.023
