29
0.038 0.027 1.100
0.767 -0.022 0.417
0.046 0.999 -0.023
0.556 -0.070 0.933
1.028 -0.209 0.062
0.059 0.990 -0.126
0.868 -0.105 0.773
1.112 -0.335 -0.169
0.021 0.973 -0.232
0.909 -0.049 0.693
0.632 -0.230 -0.251
-0.045 0.984 -0.175
0.819 -0.121 0.861
0.484 -0.380 -0.045
-0.097 0.966 -0.240
-0.120 0.042 1.046
-0.115 0.155 0.053
-0.027 0.993 0.113
-1.259 -0.209 0.668
-0.715 -0.417 -0.144
0.099 0.978 -0.184
-1.438 -0.211 0.386
-0.642 -0.318 -0.210
0.028 0.990 -0.140
-1.296 -0.242 0.626
-0.883 -0.577 -0.221
0.090 0.940 -0.328
-0.402 -0.252 0.817
-0.805 -0.688 0.012
-0.208 0.900 -0.383
-1.071 -0.220 0.835
-1.212 -0.571 -0.091
0.026 0.933 -0.358
-1.290 -0.331 0.714
-1.302 -0.868 -0.129
0.012 0.843 -0.537
0.088 -0.267 0.426
-0.741 -0.769 0.179
-0.481 0.865 -0.142
0.184 -0.239 0.693
-0.723 -0.634 0.546
-0.384 0.918 -0.098
-0.647 -0.404 1.538
-1.430 -0.875 1.133
-0.477 0.874 -0.093
0.075 -0.186 0.810
-0.795 -0.375 1.266
-0.187 0.981 0.052
-0.023 -0.131 0.488
-0.690 -0.207 1.228
-0.079 0.996 0.030
-0.756 -0.221 0.279
-1.022 -0.451 1.215
-0.081 0.973 0.216
-0.816 -0.226 0.170
-0.637 -0.308 1.151
0.034 0.996 0.077
-0.014 -0.081 0.473
0.131 -0.052 1.462
-0.045 0.999 -0.023
-0.381 -0.163 0.607
-0.043 -0.377 1.524
-0.004 0.974 0.228
-0.141 -0.202 1.166
0.229 -0.635 1.988
0.229 0.900 0.371
-0.563 -0.105 0.966
0.293 -0.350 1.422
0.205 0.969 0.136
-0.147 -0.144 1.791
0.820 -0.398 1.805
0.254 0.967 -0.033
-0.123 -0.097 1.655
0.847 -0.318 1.552
0.222 0.975 0.004
-0.049 -0.302 0.760
0.895 -0.627 0.814
0.325 0.945 0.024
0.267 -0.323 0.495
1.198 -0.593 0.739
0.233 0.957 0.170
0.076 -0.242 0.517
1.019 -0.460 0.770
0.196 0.974 0.112
0.792 -0.162 -0.056
1.390 -0.386 0.713
0.102 0.974 0.204
0.260 -0.167 0.329
1.191 -0.502 0.188
0.343 0.939 0.030
