34
1.784 0.649 1.464
1.273 0.365 0.653
-0.151 0.959 -0.240
1.167 0.616 1.727
0.837 0.347 0.822
-0.092 0.963 -0.252
1.944 0.337 -0.288
1.096 0.402 -0.813
0.056 0.998 0.035
1.838 0.274 -0.311
1.000 0.133 -0.838
-0.119 0.990 -0.075
-2.130 0.513 1.256
-1.383 0.429 0.596
0.063 0.997 -0.055
1.256 0.456 1.275
0.626 0.450 0.498
-0.004 1.000 -0.005
1.511 0.266 2.454
0.899 0.234 1.664
-0.020 0.999 -0.025
1.500 0.593 0.750
0.755 0.695 0.090
0.076 0.995 0.068
-2.557 0.643 0.556
-1.842 0.308 -0.058
0.254 0.942 -0.218
1.651 0.583 0.783
0.858 0.604 0.173
0.017 1.000 0.013
0.069 0.385 1.565
0.125 0.439 0.568
-0.003 0.999 0.053
-1.983 0.428 0.508
-1.535 0.431 -0.387
-0.001 1.000 0.002
-2.334 0.348 0.343
-1.463 0.337 -0.149
0.010 1.000 -0.005
-0.348 0.597 0.813
0.045 0.440 -0.093
0.063 0.987 -0.145
2.418 0.285 -0.752
1.443 0.206 -0.957
-0.077 0.997 -0.016
1.715 0.474 1.816
0.959 0.552 1.165
0.059 0.997 0.051
2.605 0.401 -0.428
1.921 -0.047 0.148
-0.343 0.894 0.288
-2.050 0.263 0.851
-1.107 0.281 0.520
-0.017 1.000 0.006
-1.155 0.627 -0.019
-0.243 0.411 -0.368
0.202 0.976 -0.077
-1.077 0.354 1.648
-0.895 -0.031 0.743
0.076 0.923 -0.378
-1.597 0.583 1.592
-0.767 0.346 1.087
0.202 0.972 -0.123
-1.646 0.382 1.584
-0.770 0.094 1.198
0.263 0.958 -0.116
-1.466 0.616 0.754
-0.571 0.565 0.311
0.046 0.999 -0.023
-2.013 0.419 1.522
-1.303 -0.235 1.263
0.615 0.756 -0.224
2.692 0.613 -0.852
2.029 0.027 -0.387
-0.480 0.810 0.337
-1.128 0.651 -1.542
-0.580 0.061 -0.949
0.400 0.807 0.434
-2.079 0.435 -0.176
-1.203 0.031 0.089
0.386 0.915 0.117
-0.941 0.554 0.958
-0.989 0.043 0.100
-0.028 0.859 -0.511
1.649 0.379 -1.288
0.800 0.035 -0.886
-0.311 0.939 0.147
-1.172 0.291 -1.324
-0.636 -0.088 -0.570
0.220 0.925 0.309
1.285 0.603 1.127
0.640 0.107 0.546
-0.369 0.868 -0.332
-1.578 0.271 0.471
-0.665 -0.038 0.205
0.297 0.951 -0.086
-1.802 0.441 -1.816
-1.013 0.240 -1.235
0.162 0.979 0.120
-2.332 0.331 -1.187
-1.781 -0.288 -0.628
0.434 0.786 0.441
