9
-1.980 0.566 2.727
-1.701 0.184 1.846
0.115 0.924 -0.364
-1.800 0.555 2.588
-1.452 -0.011 1.840
0.238 0.825 -0.513
3.181 0.648 0.340
2.207 0.500 0.513
-0.145 0.989 0.026
0.479 0.629 -2.163
-0.235 -0.030 -1.928
-0.626 0.752 0.206
-1.423 0.696 2.296
-0.840 0.578 1.492
0.069 0.993 -0.095
-4.129 0.431 -0.212
-3.264 -0.017 -0.439
0.434 0.894 -0.114
1.780 0.617 1.115
1.199 0.531 0.305
-0.050 0.996 -0.070
-5.662 0.442 -3.627
-4.758 0.552 -3.215
-0.099 0.994 -0.045
-6.308 0.411 -3.127
-5.320 0.501 -3.007
-0.090 0.996 -0.011
