42
-1.230 -0.272 -0.575
-1.544 -0.590 0.319
-0.116 0.948 0.296
-2.060 -0.332 -0.588
-2.086 -0.797 0.296
0.009 0.885 0.466
-1.419 -0.341 -0.151
-1.307 -0.871 0.689
0.238 0.835 0.496
-1.056 -0.240 -0.877
-1.586 -0.383 -0.041
-0.071 0.990 0.125
-0.945 -0.031 -0.568
-1.914 0.156 -0.410
0.196 0.979 0.045
-0.605 -0.218 0.090
-1.483 -0.264 -0.387
-0.023 0.998 -0.054
-1.039 -0.304 -0.059
-1.493 -0.553 -0.915
-0.089 0.968 -0.233
-1.405 -0.012 -0.154
-1.541 0.049 -1.143
0.109 0.993 0.045
-0.837 -0.387 -0.425
-0.944 -0.704 -1.368
0.041 0.945 -0.323
-1.264 -0.425 -0.526
-0.853 -0.858 -1.328
0.303 0.895 -0.327
-1.534 -0.364 -0.466
-0.765 -0.812 -0.924
0.433 0.890 -0.142
-1.445 -0.204 -0.848
-0.478 -0.404 -1.003
0.212 0.975 0.062
-1.092 -0.366 -1.466
-0.185 -0.785 -1.427
0.416 0.907 0.061
-1.377 -0.344 0.128
-0.502 -0.734 -0.159
0.418 0.907 0.040
-1.137 -0.241 0.118
-0.197 -0.369 -0.197
0.146 0.989 0.034
-0.362 -0.395 0.327
0.531 -0.837 0.242
0.440 0.897 -0.044
0.648 -0.320 1.290
1.074 -0.787 0.515
0.208 0.884 -0.418
1.353 -0.210 0.809
1.288 -0.526 -0.137
-0.029 0.949 -0.315
1.818 -0.242 0.193
1.434 -0.540 -0.681
-0.183 0.952 -0.245
0.762 -0.334 0.753
1.382 -0.762 0.096
0.211 0.898 -0.386
0.656 -0.284 0.314
1.572 -0.621 0.528
0.321 0.941 0.109
1.396 -0.274 -0.107
2.312 -0.520 0.210
0.248 0.968 0.034
0.308 -0.272 0.318
1.027 -0.598 0.931
0.214 0.944 0.251
0.023 -0.199 -0.008
0.662 -0.237 0.760
0.013 0.999 0.039
0.727 -0.342 0.610
0.889 -0.610 1.560
0.056 0.963 0.262
0.147 -0.286 1.209
0.689 -0.519 2.017
0.100 0.972 0.214
1.031 -0.294 0.967
0.626 -0.711 1.781
-0.258 0.906 0.335
1.460 -0.239 1.509
0.569 -0.680 1.612
-0.446 0.894 -0.030
1.062 -0.309 0.686
0.152 -0.665 0.901
-0.369 0.929 -0.025
0.183 -0.348 0.183
-0.794 -0.552 0.117
-0.204 0.979 -0.002
-0.885 -0.331 -0.731
-1.471 -0.715 -0.017
-0.222 0.923 0.314
-0.724 0.077 -0.869
-1.451 0.389 -0.256
0.220 0.950 -0.221
-0.568 0.171 -0.437
-1.454 0.597 -0.622
0.432 0.902 0.006
-0.594 0.070 0.313
-0.800 0.401 -0.608
0.241 0.929 0.281
-0.575 -0.337 0.114
-1.298 -0.638 -0.509
-0.208 0.953 -0.219
-0.926 -0.177 -0.487
-1.425 -0.223 0.378
0.012 0.998 0.060
-0.676 0.156 -0.810
-0.675 0.604 0.083
0.180 0.879 -0.441
-0.474 0.139 -0.559
0.079 0.651 0.098
-0.065 0.812 -0.579
-0.796 -0.284 -0.139
0.125 -0.338 0.248
0.031 0.997 0.066
-0.805 0.159 0.264
0.071 0.642 0.241
-0.465 0.854 0.232
-0.907 -0.377 -0.160
-0.005 -0.803 -0.227
0.428 0.903 0.029
-1.561 -0.299 -0.772
-1.335 -0.701 0.116
0.122 0.916 0.383
-1.574 -0.363 -1.148
-1.078 -0.862 -0.437
0.286 0.867 0.409
