19
2.731 0.578 -2.791
2.014 0.230 -2.187
-0.266 0.937 0.224
2.965 0.733 -2.769
2.083 0.622 -2.311
-0.098 0.994 0.051
3.302 0.564 -1.882
2.518 0.231 -1.359
-0.277 0.943 0.185
3.300 0.760 -2.739
2.496 0.754 -2.143
-0.005 1.000 0.004
2.489 0.719 -1.424
1.870 0.126 -0.909
-0.456 0.805 0.379
2.180 0.856 2.080
1.515 0.472 1.441
-0.277 0.923 -0.266
-2.698 0.896 -3.429
-2.000 0.624 -2.767
0.198 0.962 0.187
-0.598 0.719 2.073
-0.302 0.739 1.119
-0.006 1.000 0.019
-0.839 0.808 -2.165
-0.292 0.307 -1.495
0.317 0.865 0.388
-2.181 0.579 -0.614
-1.210 0.388 -0.471
0.189 0.982 0.028
-1.876 0.644 -1.978
-0.941 0.386 -1.734
0.250 0.966 0.065
-2.179 0.648 0.773
-1.373 0.308 0.290
0.292 0.940 -0.175
1.926 0.707 -2.038
1.415 0.066 -1.465
-0.426 0.768 0.479
0.618 0.696 -3.163
0.957 0.647 -2.223
0.017 0.999 0.046
-2.177 0.628 -2.868
-1.458 0.342 -2.235
0.215 0.958 0.189
3.361 0.904 -2.731
2.791 0.390 -2.090
-0.342 0.858 0.384
-1.997 0.916 2.172
-1.312 0.380 1.679
0.435 0.844 -0.313
0.844 0.600 1.514
0.244 0.252 0.794
-0.223 0.937 -0.267
2.305 0.625 1.338
1.407 0.706 0.905
0.073 0.997 0.035
