542
2.324 0.601 0.366
2.104 0.237 1.271
-0.154 0.929 0.335
2.075 0.573 1.107
1.446 0.192 1.784
-0.308 0.922 0.233
1.887 0.618 1.352
0.934 0.331 1.443
-0.286 0.958 0.022
1.578 0.554 1.834
0.718 0.156 1.516
-0.365 0.917 -0.160
1.246 0.637 2.618
0.697 0.306 1.851
-0.185 0.944 -0.275
0.665 0.548 2.039
0.421 0.136 1.161
-0.135 0.911 -0.390
-0.116 0.693 1.678
-0.462 0.361 0.801
-0.066 0.942 -0.330
-0.336 0.579 1.026
0.023 0.207 0.170
0.193 0.927 -0.321
-0.254 0.565 -0.540
0.608 0.211 -0.903
0.340 0.935 -0.103
-0.501 0.507 -0.335
0.247 0.014 0.110
0.427 0.870 0.247
0.073 0.536 0.599
0.681 0.125 1.279
0.346 0.907 0.239
1.184 0.506 -0.482
1.481 0.138 0.399
0.230 0.923 0.308
2.320 0.605 -0.010
1.672 0.382 0.718
-0.130 0.974 0.183
2.152 0.590 -0.206
1.411 0.275 -0.798
-0.277 0.948 -0.158
2.342 0.605 -0.048
1.508 0.284 -0.496
-0.313 0.945 -0.095
0.462 0.532 -0.470
-0.281 0.201 -1.051
-0.263 0.944 -0.202
-0.422 0.519 -1.063
-1.285 0.067 -1.287
-0.430 0.891 -0.144
