25
-1.403 0.252 -1.844
-0.709 -0.024 -1.179
0.199 0.961 0.191
-1.957 0.166 -2.413
-1.064 0.085 -1.969
0.072 0.997 0.036
-1.315 0.255 -1.753
-0.739 0.148 -0.942
0.062 0.994 0.087
-1.874 0.120 -0.478
-0.920 -0.119 -0.295
0.235 0.971 0.045
-3.660 0.124 -0.331
-2.698 0.219 -0.076
-0.092 0.995 -0.024
-3.693 0.246 -1.189
-2.782 -0.037 -0.890
0.269 0.959 0.088
-2.154 0.211 -1.338
-1.226 -0.083 -1.112
0.286 0.956 0.070
-0.882 0.031 -2.586
-0.136 0.252 -1.959
-0.169 0.975 -0.143
-2.942 0.166 -0.870
-2.158 -0.154 -0.339
0.265 0.947 0.179
-0.520 0.175 -3.252
-0.424 -0.116 -2.300
0.029 0.957 0.289
2.651 0.210 1.116
2.100 -0.381 1.705
-0.404 0.806 0.432
-3.165 0.301 -1.708
-2.170 0.223 -1.645
0.078 0.997 0.005
-3.796 0.095 -0.471
-3.035 -0.218 0.098
0.250 0.950 0.187
-0.853 0.188 -2.556
-0.500 -0.408 -1.835
0.262 0.803 0.535
-0.222 0.131 -2.302
-0.247 -0.176 -1.351
-0.008 0.952 0.307
-2.549 0.363 -1.744
-2.225 0.292 -0.801
0.023 0.997 0.068
-3.287 0.282 -1.225
-2.524 0.532 -0.629
-0.197 0.968 -0.154
-0.609 0.350 2.653
-0.819 0.364 1.675
0.003 1.000 0.013
-3.899 0.302 -0.576
-3.003 -0.139 -0.625
0.440 0.898 -0.024
-1.921 0.059 -0.432
-0.968 -0.241 -0.484
0.300 0.954 -0.017
-3.303 0.139 -1.573
-2.349 0.373 -1.381
-0.229 0.972 -0.046
-1.553 0.086 0.456
-0.682 -0.098 -0.000
0.163 0.983 -0.085
1.324 0.133 0.806
1.038 -0.381 -0.003
-0.171 0.858 -0.485
-3.248 0.187 -0.377
-2.285 0.432 -0.263
-0.243 0.969 -0.029
0.444 0.171 3.491
0.531 0.156 2.495
0.001 1.000 -0.014
