37
1.517 0.491 -0.948
1.158 -0.164 -0.283
-0.311 0.756 0.576
0.448 0.614 1.396
0.761 -0.101 0.771
0.321 0.699 -0.640
1.591 0.386 -0.618
1.238 -0.123 0.167
-0.208 0.861 0.464
1.740 0.250 1.335
1.380 -0.285 0.571
-0.228 0.845 -0.484
1.369 0.253 1.143
0.745 -0.325 0.618
-0.443 0.816 -0.372
1.609 0.423 0.080
1.075 -0.273 0.561
-0.517 0.718 0.466
1.497 0.540 0.611
0.878 -0.244 0.551
-0.780 0.622 -0.075
1.653 0.557 0.195
1.102 -0.193 0.562
-0.624 0.662 0.416
1.194 0.426 -0.137
0.660 -0.359 0.176
-0.677 0.619 0.397
0.796 0.494 -0.856
0.859 -0.055 -0.022
0.042 0.836 0.547
1.987 0.523 1.214
1.541 -0.151 0.626
-0.407 0.739 -0.537
1.271 0.599 0.374
0.654 -0.111 0.034
-0.621 0.705 -0.342
0.442 0.407 1.338
0.754 -0.160 0.576
0.215 0.823 -0.526
1.119 0.595 0.357
0.956 -0.209 -0.214
-0.221 0.594 -0.774
0.958 0.460 0.665
0.434 -0.349 0.400
-0.723 0.587 -0.365
1.138 0.523 1.426
0.763 -0.184 0.826
-0.375 0.708 -0.599
0.361 0.507 -0.087
1.010 -0.191 0.214
0.634 0.715 0.294
1.331 0.519 -0.629
1.227 0.075 0.260
-0.052 0.896 0.442
0.568 0.467 -0.451
0.520 -0.184 0.307
-0.040 0.760 0.649
0.487 0.344 0.938
0.985 -0.367 0.442
0.504 0.702 -0.502
1.050 0.480 -0.921
0.762 0.001 -0.092
-0.157 0.878 0.452
1.026 0.334 -0.899
0.492 -0.135 -0.195
-0.283 0.883 0.373
0.666 0.371 -0.637
1.168 -0.259 -0.045
0.407 0.776 0.481
0.600 0.509 0.352
0.803 -0.287 -0.219
0.267 0.605 -0.750
1.054 0.398 -0.123
0.695 -0.276 0.522
-0.328 0.739 0.589
1.643 0.593 0.066
0.951 -0.002 0.475
-0.512 0.804 0.303
0.593 0.420 0.293
0.940 -0.404 -0.156
0.503 0.567 -0.652
0.430 0.413 1.223
0.388 -0.190 0.426
-0.032 0.798 -0.602
0.836 0.243 -0.325
1.083 -0.121 0.573
0.096 0.932 0.350
0.805 0.419 -0.730
0.793 0.081 0.211
-0.004 0.941 0.338
1.334 0.320 -1.224
1.789 -0.224 -0.519
0.295 0.839 0.457
1.095 0.287 -0.333
1.374 -0.143 0.526
0.133 0.903 0.409
0.761 0.552 -1.132
0.230 -0.184 -0.711
-0.577 0.677 0.457
1.709 0.472 1.034
0.926 0.118 0.522
-0.296 0.935 -0.193
1.222 0.374 -0.175
1.542 -0.269 0.522
0.268 0.766 0.584
1.594 0.517 1.380
0.882 0.133 0.792
-0.296 0.923 -0.244
1.356 0.285 -0.302
0.853 -0.138 0.452
-0.235 0.906 0.352
