12
2.362 -0.069 0.151
1.419 -0.323 -0.063
-0.247 0.967 -0.056
0.449 -0.061 0.745
-0.384 -0.365 0.284
-0.266 0.953 -0.147
-1.282 0.213 -2.201
-1.876 -0.049 -1.441
-0.161 0.965 0.206
1.141 -0.005 -0.627
0.154 0.128 -0.536
0.132 0.991 -0.012
1.351 -0.078 -0.839
0.394 -0.237 -0.597
-0.154 0.987 0.039
-0.418 0.072 1.313
-0.283 -0.492 0.498
0.092 0.826 -0.556
-0.222 -0.081 -2.785
-0.141 -0.595 -1.932
0.049 0.857 0.512
1.328 0.049 -0.816
0.427 -0.155 -0.432
-0.187 0.979 0.080
-1.364 -0.044 0.260
-0.783 -0.641 -0.294
0.432 0.802 -0.412
1.329 -0.059 -0.366
0.626 -0.609 -0.816
-0.464 0.835 -0.296
-0.128 0.014 1.065
0.165 -0.535 0.283
0.193 0.836 -0.514
-0.609 0.082 -2.883
-0.744 -0.470 -2.060
-0.090 0.833 0.546
