336
0.600 0.162 -1.379
-0.035 -0.288 -0.751
-0.261 0.890 0.373
0.545 0.122 -1.434
0.333 -0.429 -0.627
-0.182 0.834 0.522
-0.085 0.280 -0.854
0.761 0.140 -0.339
0.108 0.990 0.092
-0.115 0.036 -0.956
0.401 -0.663 -0.460
0.449 0.713 0.538
-0.110 0.270 -0.963
-0.526 0.026 -0.088
0.066 0.953 0.297
0.256 0.182 -0.948
-0.686 -0.099 -0.764
-0.275 0.960 0.055
0.301 0.251 -0.975
-0.397 -0.074 -0.337
-0.231 0.946 0.229
1.005 0.026 -1.906
0.327 -0.672 -1.676
-0.563 0.695 0.448
0.953 0.244 -1.915
0.302 0.018 -1.191
-0.083 0.970 0.229
-0.291 0.389 -0.666
0.650 0.462 -0.334
-0.020 0.987 -0.162
-0.387 0.206 -0.607
-1.213 -0.109 -0.140
-0.239 0.947 0.216
