43
0.816 0.030 0.520
0.406 -0.577 -0.161
-0.314 0.795 -0.520
1.103 0.036 -0.079
0.320 -0.587 -0.067
-0.623 0.782 0.009
-0.693 0.215 -0.519
0.074 -0.427 -0.520
0.642 0.767 -0.001
0.446 0.285 -0.592
-0.141 -0.409 -0.176
-0.566 0.720 0.402
1.440 0.100 -0.833
0.522 -0.289 -0.752
-0.387 0.921 0.034
1.076 0.085 -0.091
0.308 -0.428 -0.473
-0.459 0.859 -0.229
0.553 0.060 0.991
0.451 -0.579 0.228
-0.084 0.769 -0.634
0.958 0.329 -0.896
0.100 -0.181 -0.958
-0.508 0.860 -0.037
-1.167 0.116 -0.853
-0.447 -0.404 -0.394
0.439 0.854 0.280
0.894 0.178 -0.769
-0.026 -0.214 -0.756
-0.392 0.920 0.005
1.066 0.159 -0.902
0.162 -0.258 -0.989
-0.416 0.909 -0.040
-0.184 0.172 -0.834
0.587 -0.415 -0.586
0.559 0.810 0.180
0.332 0.284 0.636
0.280 -0.434 -0.057
-0.054 0.696 -0.716
1.185 0.145 -0.519
0.282 -0.285 -0.487
-0.429 0.903 0.015
0.305 0.015 0.240
-0.322 -0.622 -0.208
-0.518 0.770 -0.371
-0.882 0.113 -0.528
0.001 -0.356 -0.514
0.468 0.884 0.007
0.866 0.160 0.432
0.324 -0.344 -0.240
-0.317 0.863 -0.393
-1.095 0.364 -0.586
-0.332 -0.236 -0.345
0.572 0.800 0.181
-0.359 0.245 -0.955
0.495 -0.204 -0.693
0.429 0.894 0.131
-1.207 0.284 -0.719
-0.444 -0.361 -0.691
0.645 0.764 0.024
0.710 0.070 0.192
0.731 -0.557 -0.587
0.018 0.779 -0.627
1.341 0.289 -0.642
0.491 -0.066 -0.253
-0.322 0.935 0.148
-0.535 0.046 -1.051
0.305 -0.464 -0.866
0.498 0.860 0.110
1.309 0.133 -0.915
0.833 -0.470 -0.275
-0.360 0.798 0.484
-0.644 0.392 -0.178
0.222 -0.051 -0.410
0.428 0.897 -0.114
1.069 0.192 -1.177
0.194 -0.038 -0.752
-0.207 0.973 0.101
-1.166 0.049 -0.825
-0.523 -0.350 -0.172
0.280 0.917 0.284
0.482 0.220 -0.044
-0.127 -0.508 0.271
-0.646 0.686 0.335
-0.100 0.022 -1.204
0.857 -0.167 -1.425
0.184 0.982 -0.042
0.666 0.017 0.667
0.894 -0.385 -0.220
0.100 0.916 -0.389
-0.900 0.318 -0.787
0.033 -0.039 -0.755
0.357 0.934 0.012
0.751 0.344 0.992
0.424 -0.011 0.116
-0.124 0.935 -0.332
-0.074 0.176 -0.069
0.386 -0.443 -0.707
0.362 0.786 -0.501
0.485 0.185 -0.744
0.093 -0.318 0.026
-0.228 0.864 0.448
0.434 0.113 -0.317
-0.310 -0.454 0.035
-0.513 0.823 0.243
1.199 0.105 -0.634
0.209 0.042 -0.510
-0.062 0.998 0.008
1.188 0.158 -0.470
0.194 0.132 -0.578
-0.026 1.000 -0.003
-0.122 0.131 -0.321
0.818 -0.210 -0.285
0.341 0.940 0.013
-0.446 0.116 -0.694
0.503 -0.097 -0.464
0.207 0.977 0.050
0.594 0.322 0.307
1.040 -0.486 0.693
0.611 0.589 0.529
0.476 0.009 -1.000
0.774 -0.320 -0.104
0.104 0.944 0.313
0.212 0.162 -0.707
0.471 -0.257 0.164
0.120 0.908 0.401
0.391 0.323 0.260
1.160 -0.315 0.289
0.638 0.769 0.024
