13
-0.019 0.415 0.346
0.558 0.043 -0.381
0.262 0.927 -0.267
0.472 0.285 0.173
1.091 -0.260 -0.392
0.382 0.838 -0.390
0.160 0.347 -0.047
0.996 -0.154 0.175
0.498 0.864 0.074
0.603 0.220 -0.200
1.310 -0.305 0.274
0.471 0.849 0.238
-0.034 0.365 0.099
0.682 0.022 0.707
0.303 0.937 0.173
-0.361 0.270 -0.286
-0.129 -0.207 0.562
0.149 0.879 0.453
-0.340 0.301 -0.275
-0.066 -0.155 0.571
0.165 0.890 0.426
-0.572 0.445 0.844
0.331 0.095 1.095
0.321 0.935 0.151
-0.151 0.297 -0.044
-0.237 -0.205 0.817
-0.116 0.863 0.492
0.671 0.343 0.004
-0.163 -0.148 0.256
-0.506 0.863 0.006
0.468 0.476 0.442
-0.185 0.167 -0.251
-0.147 0.947 -0.284
0.543 0.419 0.270
0.690 0.071 -0.656
0.148 0.933 -0.327
-0.261 0.383 -0.094
0.229 -0.024 -0.865
0.218 0.914 -0.344
0.208 0.417 0.130
-0.679 0.095 -0.203
-0.294 0.947 -0.132
