9
-2.803 -0.010 -1.204
-2.060 -0.032 -0.536
0.016 1.000 0.014
-0.226 0.023 -1.206
-0.383 -0.185 -0.241
-0.033 0.978 0.205
-2.999 0.239 -2.443
-2.347 0.249 -1.684
-0.006 1.000 -0.008
-3.127 0.182 -2.034
-2.372 0.260 -1.383
-0.059 0.997 -0.051
1.399 0.288 -2.051
1.241 0.197 -1.068
-0.014 0.996 0.090
2.873 0.095 -1.385
1.890 0.027 -1.554
-0.067 0.998 -0.012
0.067 0.323 -2.141
-0.216 0.539 -1.207
0.062 0.977 -0.206
3.061 0.082 -1.321
2.126 0.226 -0.998
0.137 0.989 -0.047
2.416 -0.021 2.437
1.718 -0.114 1.726
-0.066 0.996 -0.067
