11
-0.333 0.540 0.252
0.279 0.127 0.927
0.277 0.911 0.306
0.311 0.241 -0.687
0.887 -0.014 0.090
0.152 0.967 0.205
-0.211 0.546 -0.009
0.376 0.006 -0.612
0.376 0.842 -0.387
0.422 0.272 0.209
-0.461 0.284 -0.260
0.011 1.000 0.006
0.248 0.553 -0.724
-0.434 0.491 0.005
-0.042 0.998 0.045
-0.818 0.336 0.159
-0.643 -0.127 -0.710
0.091 0.886 -0.454
-0.350 0.301 -0.018
0.627 0.276 -0.228
0.024 1.000 -0.005
0.902 0.287 0.241
0.105 0.376 0.838
0.071 0.996 -0.053
0.384 0.330 -0.349
-0.190 -0.406 -0.709
-0.624 0.677 -0.391
0.514 0.281 0.502
-0.169 -0.240 -0.011
-0.416 0.854 -0.313
-0.387 0.561 0.603
0.308 0.327 -0.076
0.168 0.972 -0.164
