14
-1.351 0.025 0.555
-0.471 -0.405 0.754
0.427 0.902 0.061
-0.708 0.130 0.781
0.257 -0.127 0.744
0.256 0.966 -0.037
0.354 0.025 0.991
0.998 -0.385 0.345
0.293 0.912 -0.286
1.461 0.065 0.665
1.336 -0.259 -0.273
-0.077 0.946 -0.316
1.578 0.200 0.481
1.064 0.147 -0.375
-0.048 0.998 -0.033
1.552 -0.022 -0.230
0.760 -0.508 -0.599
-0.444 0.874 -0.196
1.023 0.083 -0.777
0.095 -0.212 -0.547
-0.285 0.955 0.077
-0.527 0.001 -1.036
-0.853 -0.383 -0.172
-0.117 0.923 0.366
-1.332 0.109 -0.859
-0.542 -0.172 -0.315
0.240 0.959 0.148
-1.357 -0.207 -0.975
-0.601 -0.737 -0.590
0.460 0.848 0.264
-1.453 -0.185 -0.275
-0.615 -0.623 0.051
0.410 0.899 0.154
-1.322 -0.010 -0.551
-0.408 -0.376 -0.721
0.359 0.931 -0.071
-1.297 0.123 0.139
-0.805 -0.207 -0.666
0.241 0.941 -0.238
-0.262 0.207 0.556
-0.263 0.284 -0.441
-0.016 0.997 0.077
0.717 0.277 0.809
-0.173 0.211 0.357
-0.043 0.997 -0.060
