13
1.140 0.310 -1.884
0.777 0.156 -0.966
-0.057 0.988 0.143
-1.647 0.477 -1.112
-1.577 0.336 -0.125
0.010 0.990 0.141
-0.245 0.371 -1.556
-0.195 0.358 -0.558
0.001 1.000 0.013
1.080 0.426 -1.893
0.372 0.290 -1.201
-0.097 0.991 0.095
1.457 0.484 1.795
0.566 0.186 1.451
-0.278 0.955 -0.107
1.139 0.566 -1.819
1.059 0.454 -0.829
-0.009 0.994 0.112
1.930 0.370 1.807
1.312 0.101 1.068
-0.172 0.963 -0.206
0.679 0.560 1.607
0.155 0.023 0.946
-0.334 0.843 -0.421
-1.171 0.262 -1.370
-0.454 0.048 -0.708
0.157 0.977 0.145
2.021 0.278 -0.929
1.043 0.299 -0.721
0.020 1.000 -0.004
1.642 0.544 -0.960
0.828 0.051 -0.653
-0.461 0.870 0.174
1.084 0.527 0.405
0.119 0.324 0.567
-0.201 0.979 0.034
-1.693 0.454 1.393
-0.771 0.073 1.332
0.380 0.925 -0.025
