455
-2.122 0.103 0.156
-1.649 -0.394 -0.572
0.430 0.851 -0.303
-1.957 0.259 -0.119
-1.159 -0.105 -0.601
0.334 0.931 -0.149
-1.466 0.225 -0.116
-0.669 -0.138 0.367
0.311 0.932 0.187
-0.769 0.214 -0.403
-0.800 -0.129 0.536
-0.008 0.940 0.342
0.370 0.173 -0.766
-0.384 -0.251 -0.263
-0.348 0.906 0.243
0.748 0.236 -0.205
-0.199 0.001 -0.427
-0.234 0.972 -0.031
0.796 0.254 0.145
0.850 0.021 -0.826
0.029 0.972 -0.231
0.813 0.196 -0.083
1.418 -0.256 -0.738
0.289 0.892 -0.349
0.308 0.103 -1.133
1.077 -0.448 -0.809
0.472 0.831 0.294
-0.283 0.164 -1.112
-0.309 -0.494 -0.360
-0.071 0.752 0.655
-1.150 0.155 -0.798
-1.206 -0.381 0.045
0.132 0.833 0.537
-1.456 0.190 0.374
-0.661 -0.224 0.817
0.391 0.909 0.147
-1.032 0.206 0.516
-0.103 -0.157 0.444
0.363 0.932 -0.018
-1.025 0.249 0.418
-0.256 -0.045 -0.149
0.267 0.954 -0.134
