12
0.726 0.134 1.578
0.218 -0.107 0.750
-0.126 0.971 -0.205
-0.434 0.060 -2.187
-1.250 -0.300 -1.734
-0.315 0.933 0.175
0.600 0.192 0.346
-0.196 0.166 -0.259
-0.020 1.000 -0.016
0.865 0.201 0.250
-0.073 -0.042 0.003
-0.235 0.970 -0.062
-0.841 0.086 1.218
-1.035 0.095 0.237
0.002 1.000 0.008
0.676 0.153 -1.136
-0.312 0.257 -1.020
0.104 0.995 -0.012
-0.609 -0.008 1.899
-0.544 -0.017 0.901
0.001 1.000 -0.008
0.194 -0.128 -0.961
-0.642 -0.610 -0.697
-0.459 0.876 0.145
1.705 0.233 0.215
0.847 -0.250 0.041
-0.473 0.876 -0.096
-0.295 0.189 2.182
-0.197 -0.152 1.247
0.035 0.940 -0.339
1.325 -0.103 1.537
0.465 -0.401 1.122
-0.268 0.955 -0.130
1.202 -0.144 1.581
0.304 -0.185 1.142
-0.037 0.999 -0.018
