34
0.541 0.615 2.038
0.195 0.568 1.101
-0.016 0.999 -0.044
-1.424 0.610 0.542
-0.915 0.425 -0.298
0.096 0.983 -0.159
-1.986 0.634 0.523
-1.353 0.599 -0.250
0.022 0.999 -0.027
-1.983 0.452 0.510
-1.390 0.429 -0.295
0.013 1.000 -0.018
0.032 0.312 1.755
-0.356 0.324 0.834
0.005 1.000 0.011
-2.704 0.639 1.304
-2.182 0.448 0.473
0.102 0.982 -0.162
1.320 0.304 1.845
0.574 0.337 1.180
0.025 0.999 0.022
-2.722 0.465 1.393
-2.041 0.227 0.700
0.167 0.971 -0.170
1.841 0.579 0.257
0.894 0.567 -0.064
-0.012 1.000 -0.004
2.261 0.544 -0.218
1.397 0.219 -0.603
-0.297 0.946 -0.132
-2.463 0.477 1.446
-1.558 0.425 1.022
0.047 0.999 -0.022
-2.130 0.471 -0.185
-1.199 0.207 -0.438
0.255 0.965 -0.069
1.209 0.424 1.514
1.425 0.131 0.582
0.066 0.956 -0.285
-1.421 0.417 0.525
-0.580 0.185 0.036
0.200 0.973 -0.116
-2.622 0.461 0.887
-1.710 0.246 0.538
0.201 0.977 -0.077
1.651 0.511 2.140
1.801 0.387 1.159
0.019 0.992 -0.122
2.231 0.395 -1.360
1.359 0.360 -0.872
-0.030 0.999 0.017
-0.380 0.574 0.974
-0.337 0.218 0.040
0.016 0.935 -0.355
2.204 0.264 -0.798
1.225 0.154 -0.626
-0.108 0.994 0.019
1.670 0.595 1.354
0.716 0.546 1.059
-0.047 0.999 -0.015
1.241 0.615 1.349
1.467 0.126 0.506
0.127 0.872 -0.472
-1.928 0.397 -1.275
-0.987 0.064 -1.202
0.331 0.943 0.026
1.289 0.486 0.136
0.529 0.076 -0.369
-0.341 0.912 -0.227
1.605 0.578 -1.071
0.774 0.514 -0.518
-0.054 0.998 0.036
1.764 0.394 1.942
0.927 -0.049 1.621
-0.413 0.897 -0.159
2.215 0.301 -0.796
1.385 0.178 -0.253
-0.103 0.992 0.068
1.870 0.510 0.831
0.915 0.217 0.793
-0.293 0.956 -0.012
-1.412 0.471 -0.625
-0.573 0.400 -0.086
0.060 0.997 0.039
-1.829 0.332 -0.696
-0.842 0.437 -0.574
-0.104 0.995 -0.013
2.089 0.410 -0.670
1.280 0.203 -0.120
-0.171 0.978 0.116
-1.605 0.521 1.460
-1.317 0.059 0.622
0.150 0.887 -0.437
0.907 0.452 -0.425
0.221 0.216 0.264
-0.166 0.972 0.167
-1.472 0.313 0.489
-0.494 0.362 0.694
-0.049 0.999 -0.010
2.051 0.385 -1.400
1.246 -0.093 -1.752
-0.438 0.878 -0.192
