13
0.311 0.622 0.348
0.587 -0.240 -0.077
0.469 0.507 -0.723
-0.396 0.443 0.478
-0.057 -0.213 -0.197
0.295 0.755 -0.586
-0.504 0.638 -0.282
-0.086 -0.241 -0.510
0.772 0.475 -0.422
0.155 0.614 -0.010
-0.134 -0.266 -0.388
-0.533 0.476 -0.700
1.044 0.584 0.102
0.451 -0.092 -0.334
-0.545 0.737 -0.400
0.425 0.716 0.107
0.381 -0.061 -0.521
-0.054 0.630 -0.775
-0.056 0.349 -0.833
0.675 -0.316 -0.682
0.652 0.746 0.135
0.383 0.743 -0.164
-0.013 -0.144 -0.400
-0.763 0.461 -0.454
0.439 0.413 0.201
0.141 -0.274 -0.462
-0.282 0.726 -0.627
-0.949 0.494 0.077
-0.182 0.018 -0.353
0.415 0.880 -0.233
-0.598 0.409 0.509
0.273 -0.041 0.311
0.439 0.893 -0.100
-0.130 0.387 -0.820
0.469 -0.144 -0.221
0.376 0.847 0.376
-0.330 0.634 -0.718
-0.725 -0.123 -0.196
-0.456 0.654 0.604
