11
-0.522 0.390 -0.636
0.471 0.310 -0.728
0.080 0.997 -0.007
-1.136 0.211 -0.596
-0.386 -0.024 0.023
0.181 0.972 0.149
-0.665 0.071 0.744
0.189 0.339 0.298
-0.237 0.964 0.124
-0.047 0.301 -1.215
0.203 0.010 -0.291
0.076 0.957 0.281
-1.145 0.114 0.537
-0.361 0.265 -0.066
-0.120 0.988 0.093
-1.057 0.278 -1.971
-0.325 -0.207 -1.493
0.406 0.875 0.265
-0.267 0.063 0.718
0.298 0.010 -0.105
0.030 0.999 -0.044
0.218 0.375 0.800
0.616 -0.168 0.060
0.257 0.840 -0.478
1.573 0.393 1.553
1.337 -0.214 0.794
-0.181 0.795 -0.580
-0.180 0.440 0.712
0.204 0.020 -0.110
0.178 0.908 -0.380
-0.284 0.321 -0.651
0.136 -0.304 0.008
0.336 0.781 0.526
