550
1.207 0.056 0.358
0.389 -0.502 0.499
-0.544 0.829 0.130
0.650 0.065 0.534
-0.001 -0.403 -0.063
-0.463 0.869 -0.176
0.223 0.321 0.651
-0.136 0.254 -0.280
0.009 0.997 -0.075
0.683 -0.043 0.389
-0.059 -0.713 0.394
-0.663 0.735 0.144
0.037 0.454 0.416
-0.840 0.522 0.892
0.171 0.970 0.175
-0.052 0.119 0.538
-0.401 -0.489 1.252
-0.366 0.789 0.493
-0.298 0.111 0.815
-1.210 -0.248 0.617
-0.394 0.900 0.186
-0.795 0.228 1.282
-1.560 0.305 0.642
-0.025 0.988 0.150
-1.435 0.392 0.760
-1.531 0.054 -0.176
0.096 0.933 -0.346
-0.998 0.238 0.781
-0.301 -0.277 0.282
0.470 0.853 -0.225
-0.462 0.413 0.871
-0.035 0.417 -0.033
0.067 0.997 0.036
-0.978 0.132 0.743
-0.297 -0.601 0.745
0.731 0.679 0.060
-0.932 0.557 0.720
-0.037 0.604 1.165
-0.021 0.998 -0.063
-0.771 0.174 0.947
-0.779 -0.643 1.524
0.003 0.577 0.817
0.091 0.284 0.581
-0.891 0.151 0.452
-0.140 0.989 0.047
0.876 0.230 0.419
-0.084 0.053 0.199
-0.189 0.981 0.037
1.373 0.026 0.197
0.645 -0.597 0.483
-0.559 0.782 0.277
