13
-0.678 0.374 -1.424
-1.409 -0.249 -1.143
-0.582 0.782 0.223
-2.394 0.455 0.375
-1.846 -0.227 0.858
0.512 0.731 0.452
1.120 0.413 -0.085
0.804 -0.143 0.683
-0.212 0.831 0.514
2.173 0.733 -0.580
1.863 0.055 -1.247
-0.286 0.735 -0.615
-1.855 0.429 -0.182
-1.518 0.060 -1.048
0.134 0.930 -0.344
-1.343 0.595 0.516
-0.582 0.015 0.805
0.542 0.815 0.206
0.147 0.614 -1.960
0.869 -0.000 -1.642
0.562 0.789 0.248
-1.625 0.562 0.758
-0.795 0.021 0.887
0.535 0.841 0.083
-1.849 0.358 -0.381
-0.884 0.243 -0.617
0.111 0.993 -0.027
1.414 0.667 -0.102
0.423 0.537 -0.111
-0.130 0.992 -0.001
1.897 0.580 -0.081
1.089 0.050 0.178
-0.504 0.848 0.162
2.167 0.723 -0.287
1.735 0.320 -1.095
-0.190 0.915 -0.355
-2.267 0.679 0.102
-2.173 0.291 -0.815
0.040 0.922 -0.386
