455
-0.062 0.264 -0.322
-0.211 -0.214 0.544
-0.063 0.878 0.474
-0.138 0.352 -0.353
-0.861 0.138 0.304
-0.193 0.975 0.107
-0.753 0.402 0.190
-1.730 0.244 0.331
-0.162 0.987 -0.023
-0.689 0.259 0.335
-1.070 -0.233 -0.448
-0.179 0.870 -0.460
-0.393 0.293 0.063
0.115 -0.181 -0.655
0.284 0.880 -0.380
-0.620 0.229 -0.296
0.217 -0.315 -0.360
0.541 0.839 -0.052
-0.802 0.287 -0.054
-0.352 -0.071 0.764
0.177 0.934 0.311
-0.276 0.360 -0.163
-0.967 0.076 0.501
-0.243 0.957 0.157
-0.232 0.302 0.383
-1.121 -0.011 0.048
-0.289 0.950 -0.120
0.112 0.288 0.151
-0.430 -0.083 -0.602
-0.159 0.926 -0.342
-0.687 0.249 -0.004
-0.569 -0.342 -0.802
0.185 0.803 -0.566
-0.326 0.287 -0.091
0.440 -0.203 -0.507
0.440 0.872 -0.217
-0.551 0.332 -0.403
0.370 0.032 -0.154
0.288 0.954 0.084
-0.477 0.251 -0.100
-0.145 -0.116 0.769
0.094 0.930 0.356
