12
1.912 0.601 -3.769
1.351 0.498 -2.947
-0.058 0.995 0.085
4.585 0.505 2.824
3.621 0.501 2.558
-0.004 1.000 -0.001
-2.439 0.281 2.247
-1.736 0.182 1.543
0.070 0.995 -0.070
-1.307 0.660 5.260
-1.181 0.137 4.417
0.077 0.852 -0.517
0.420 0.662 -6.585
0.200 0.628 -5.610
-0.007 0.999 0.033
-1.867 0.385 5.472
-1.012 0.430 4.955
-0.038 0.999 0.023
1.072 0.407 -6.454
0.864 0.627 -5.501
0.047 0.975 -0.215
4.533 0.587 2.822
3.666 0.755 2.352
0.147 0.986 0.080
-1.823 0.429 -5.050
-1.506 0.664 -4.131
-0.077 0.972 -0.223
0.832 0.660 -6.809
0.643 0.846 -5.845
0.036 0.982 -0.183
5.025 0.659 1.800
4.167 0.469 1.323
-0.166 0.982 -0.092
1.551 0.283 -3.592
0.795 -0.048 -3.027
-0.265 0.944 0.198
