12
-0.266 0.602 -1.942
-0.553 0.192 -2.808
-0.103 0.912 -0.397
-0.021 0.551 -2.529
-0.855 0.059 -2.779
-0.470 0.870 -0.146
0.144 0.690 -2.655
-0.026 0.351 -1.730
-0.042 0.941 0.336
-0.056 0.566 -1.350
-0.401 0.143 -0.512
-0.124 0.906 0.405
-0.149 0.577 0.392
-0.710 0.135 1.093
-0.295 0.897 0.329
-1.821 0.608 1.036
-1.840 0.098 1.896
0.030 0.860 0.510
-0.456 0.607 1.144
-0.326 0.125 2.010
0.064 0.876 0.478
0.214 0.712 2.256
0.646 0.177 2.982
0.224 0.844 0.488
0.112 0.675 1.774
0.528 0.046 1.118
0.367 0.777 -0.512
-0.430 0.693 0.888
-0.781 0.237 0.070
0.014 0.871 -0.492
-0.151 0.584 -0.757
-0.528 0.072 -1.530
-0.177 0.858 -0.482
-0.167 0.559 -2.926
-1.000 0.052 -2.707
-0.479 0.861 0.172
0.119 0.691 -3.805
0.482 0.382 -2.926
0.054 0.949 0.311
