689
-2.687 0.371 -1.507
-1.792 0.158 -1.115
0.182 0.976 0.117
-2.416 0.247 -1.423
-2.034 -0.236 -0.635
0.236 0.875 0.422
-2.360 0.303 -1.331
-1.856 0.033 -0.510
0.193 0.961 0.197
-2.179 0.372 -1.244
-1.216 0.113 -1.168
0.258 0.966 0.016
-1.711 0.280 -1.300
-0.823 0.007 -0.931
0.250 0.962 0.111
-1.198 0.166 -0.515
-1.409 -0.200 0.391
-0.019 0.929 0.370
-1.181 0.288 -0.180
-1.422 0.139 0.779
0.048 0.985 0.164
-1.276 0.082 -0.365
-1.038 -0.383 0.488
0.234 0.880 0.414
-0.796 0.188 -0.088
-0.251 -0.156 0.676
0.248 0.937 0.245
0.695 0.035 0.086
0.690 -0.600 0.859
-0.001 0.773 0.635
0.990 0.057 0.680
0.770 -0.492 1.486
-0.084 0.834 0.546
1.427 -0.008 0.697
1.448 -0.667 1.448
0.051 0.751 0.658
1.587 0.279 1.279
1.864 0.013 2.202
0.066 0.964 0.258
0.799 0.163 1.077
1.651 -0.306 0.842
0.437 0.882 -0.178
0.741 0.176 1.012
1.250 -0.281 0.282
0.238 0.889 -0.391
0.788 0.131 -0.246
1.501 -0.451 -0.638
0.547 0.811 -0.209
0.252 0.056 -0.319
1.150 -0.381 -0.254
0.436 0.900 0.030
0.388 0.128 -0.109
1.170 -0.384 -0.464
0.447 0.858 -0.253
-0.441 0.143 -0.319
0.282 -0.497 -0.578
0.615 0.767 -0.182
-1.111 0.293 -0.971
-0.173 -0.034 -0.854
0.316 0.944 0.100
