9
1.188 0.153 0.232
0.402 -0.449 0.094
-0.592 0.799 -0.106
0.807 0.075 0.995
0.233 -0.532 0.445
-0.470 0.794 -0.385
0.817 0.171 0.848
0.255 -0.397 0.246
-0.364 0.822 -0.437
1.274 0.231 0.317
0.451 -0.163 0.724
-0.355 0.919 0.172
1.146 0.423 0.220
0.402 0.380 0.887
-0.031 0.999 0.029
1.200 0.208 0.308
0.784 -0.212 1.114
-0.187 0.908 0.376
0.992 0.122 0.396
1.017 -0.517 1.165
0.062 0.769 0.636
0.877 0.112 0.299
1.372 -0.605 0.790
0.486 0.697 0.527
0.744 0.193 0.690
1.278 -0.453 0.145
0.354 0.757 -0.550
0.837 0.180 0.817
0.896 -0.466 0.056
-0.061 0.758 -0.649
