15
0.391 0.688 0.153
-0.596 0.559 0.060
-0.128 0.992 -0.012
-0.150 0.469 -1.469
-0.594 0.487 -0.573
0.008 1.000 -0.016
0.294 0.500 1.116
-0.636 0.551 0.750
0.047 0.999 0.019
0.673 0.707 -0.839
-0.004 0.428 -0.158
-0.197 0.960 0.198
1.124 0.539 0.966
0.150 0.392 0.792
-0.145 0.989 -0.026
0.508 0.788 -0.818
-0.464 0.618 -0.654
-0.167 0.986 0.028
1.197 0.732 -0.904
0.236 0.607 -0.655
-0.121 0.992 0.031
0.830 0.748 -1.075
0.355 0.408 -0.263
-0.171 0.941 0.293
0.860 0.516 -0.806
0.198 0.081 -0.197
-0.320 0.900 0.295
-0.976 0.400 -0.491
-0.629 0.183 0.422
0.077 0.976 0.203
-0.140 0.692 -1.380
-0.293 0.125 -0.571
-0.105 0.824 0.557
0.073 0.758 0.210
-0.615 0.040 0.096
-0.707 0.697 -0.118
0.576 0.565 0.478
-0.187 0.480 -0.163
-0.065 0.996 -0.055
-0.957 0.402 -0.325
-0.464 -0.270 0.228
0.447 0.741 0.502
-0.073 0.652 -0.789
0.275 0.097 -0.033
0.232 0.832 0.503
