11
1.664 0.386 -0.615
1.227 -0.296 -0.028
-0.407 0.732 0.547
1.656 0.104 -0.658
1.001 -0.274 -0.005
-0.268 0.926 0.267
-0.365 0.301 1.556
0.335 -0.345 1.252
0.592 0.763 -0.257
1.245 0.267 0.046
0.760 -0.294 -0.625
-0.328 0.828 -0.454
1.321 0.193 1.235
0.697 -0.363 0.687
-0.418 0.831 -0.368
-0.908 0.445 1.679
-0.645 -0.064 0.859
0.155 0.861 -0.484
-1.471 0.222 1.352
-1.079 -0.190 0.529
0.177 0.911 -0.372
-1.254 0.077 -0.524
-1.075 -0.584 0.206
0.158 0.751 0.641
-1.451 0.445 1.466
-1.553 -0.244 0.749
-0.097 0.724 -0.683
1.542 0.124 -0.270
0.813 -0.023 0.398
-0.108 0.989 0.099
-2.286 0.420 -1.161
-1.561 0.562 -0.487
-0.104 0.990 -0.096
