11
1.142 0.785 -0.555
0.774 0.214 0.179
-0.256 0.821 0.510
1.193 0.767 -0.123
0.478 0.290 0.390
-0.387 0.879 0.278
1.818 0.580 -0.632
1.185 0.670 0.136
0.057 0.996 -0.069
2.329 0.647 -0.106
1.443 0.307 -0.422
-0.321 0.940 -0.114
0.425 0.590 0.393
-0.421 0.059 0.342
-0.529 0.848 -0.032
-1.897 0.605 0.963
-0.957 0.391 1.229
0.206 0.977 0.058
-0.032 0.609 0.337
0.300 0.342 1.242
0.092 0.964 0.251
-3.491 0.649 2.051
-2.507 0.825 2.028
-0.177 0.984 0.004
1.918 0.412 -0.672
1.469 -0.108 0.055
-0.274 0.854 0.442
1.526 0.764 -0.517
0.604 0.390 -0.421
-0.372 0.928 0.039
-4.686 0.561 3.563
-3.729 0.607 3.275
-0.044 0.999 0.013
