10
-1.561 0.015 1.334
-0.906 -0.517 0.799
0.412 0.847 -0.337
0.799 -0.082 -0.303
-0.165 -0.293 -0.470
-0.207 0.978 -0.036
-1.662 0.076 -1.327
-0.849 -0.398 -0.987
0.437 0.881 0.183
-1.120 -0.090 1.806
-0.694 -0.575 1.043
0.236 0.875 -0.423
1.328 -0.115 -0.351
0.435 -0.528 -0.172
-0.405 0.911 0.081
1.143 -0.144 1.262
0.408 -0.741 0.939
-0.546 0.803 -0.240
1.736 -0.130 -1.983
0.846 -0.095 -1.529
0.031 0.999 -0.016
1.506 -0.144 -1.962
1.071 -0.728 -1.277
-0.313 0.812 0.493
1.951 -0.023 -0.919
1.196 -0.537 -0.511
-0.452 0.858 0.244
1.671 0.123 -1.977
0.861 -0.334 -1.611
-0.417 0.889 0.188
