1001
0.695 0.358 1.592
1.323 -0.066 0.939
0.248 0.904 -0.349
0.518 0.347 0.960
1.446 0.025 0.773
0.301 0.944 -0.133
0.131 0.318 0.691
1.060 0.039 0.934
0.279 0.960 0.033
-0.313 0.353 0.328
0.379 0.056 0.986
0.259 0.953 0.158
-0.464 0.317 0.287
0.044 -0.080 1.052
0.252 0.917 0.309
-1.110 0.309 -0.189
-0.540 -0.060 0.546
0.271 0.928 0.255
-1.312 0.336 -0.734
-0.828 -0.016 0.067
0.222 0.935 0.277
-1.305 0.255 -1.386
-1.451 -0.221 -0.519
-0.080 0.879 0.469
-0.581 0.322 -1.477
-1.198 -0.081 -0.800
-0.276 0.915 0.294
0.295 0.322 -1.121
-0.622 -0.029 -0.929
-0.341 0.936 0.083
0.497 0.342 -0.637
-0.428 0.011 -0.819
-0.338 0.941 0.005
0.642 0.346 -0.950
-0.113 0.011 -1.512
-0.252 0.942 -0.222
0.888 0.324 -0.342
0.012 0.026 -0.722
-0.283 0.954 -0.098
0.896 0.305 0.014
0.241 0.041 -0.693
-0.282 0.955 -0.095
1.633 0.367 -0.009
0.800 0.055 -0.468
-0.280 0.950 -0.136
1.744 0.335 0.719
1.079 -0.030 0.068
-0.271 0.931 -0.245
1.425 0.376 1.447
1.106 0.008 0.574
-0.107 0.930 -0.353
0.801 0.357 1.762
1.342 -0.083 1.045
0.211 0.896 -0.390
0.623 0.393 2.127
1.338 -0.017 1.561
0.300 0.912 -0.281
0.552 0.329 1.145
1.476 -0.054 1.167
0.382 0.912 -0.149
