10
1.867 0.220 0.846
1.309 -0.401 0.296
-0.442 0.784 -0.436
-1.714 0.074 -1.724
-0.930 -0.381 -1.302
0.401 0.890 0.216
1.728 0.044 1.076
1.047 -0.373 0.474
-0.312 0.909 -0.276
-1.466 0.051 0.131
-0.574 -0.255 0.462
0.287 0.952 0.106
-1.419 0.152 0.134
-0.477 0.121 0.468
0.030 1.000 0.011
-0.809 0.244 -1.614
-0.310 -0.157 -0.846
0.219 0.916 0.336
-1.481 0.071 0.642
-0.682 -0.465 0.369
0.507 0.844 -0.174
-1.837 0.112 -0.991
-0.877 0.344 -1.148
-0.229 0.973 0.037
1.854 0.158 0.215
1.609 -0.472 -0.523
-0.199 0.777 -0.598
2.307 0.184 -1.115
1.416 0.079 -0.674
-0.094 0.994 0.047
