16
0.078 0.370 -0.464
-0.170 -0.384 -1.072
-0.285 0.657 -0.698
-1.177 0.310 1.916
-0.557 -0.346 1.485
0.539 0.755 -0.374
-1.265 0.444 -2.350
-0.546 -0.073 -1.884
0.434 0.856 0.281
-0.005 0.546 0.587
-0.098 0.005 -0.248
-0.060 0.841 -0.538
-1.571 0.586 1.856
-0.768 -0.011 1.883
0.596 0.803 0.020
-0.439 0.324 -2.223
-0.119 -0.259 -1.477
0.230 0.812 0.536
1.721 0.341 -0.839
0.909 -0.121 -1.195
-0.423 0.887 -0.185
-1.779 0.554 1.824
-0.984 -0.049 1.760
0.602 0.797 -0.048
-0.480 0.308 -1.804
-0.794 0.065 -0.887
-0.079 0.970 0.231
0.398 0.201 -0.411
0.071 -0.481 -1.065
-0.305 0.731 -0.610
1.303 0.572 -1.599
0.508 0.017 -1.354
-0.531 0.831 0.164
-0.542 0.369 -1.291
-0.686 -0.027 -0.385
-0.062 0.918 0.391
-0.769 0.409 -2.165
-0.997 0.157 -1.225
-0.059 0.968 0.245
0.683 0.273 -1.694
-0.049 -0.347 -1.412
-0.578 0.785 0.222
1.129 0.366 -0.563
0.300 -0.061 -0.201
-0.392 0.904 0.171
0.427 0.287 -0.439
0.293 -0.413 0.263
-0.130 0.715 0.687
