16
-0.268 0.127 -0.480
-0.845 -0.327 -1.159
-0.276 0.891 -0.362
-0.068 0.442 -0.372
-0.834 0.494 -1.012
0.070 0.998 -0.002
-0.598 0.315 -0.121
-0.361 0.136 -1.076
0.085 0.983 -0.163
0.099 0.099 -0.079
0.177 -0.450 -0.911
0.126 0.834 -0.538
0.805 0.366 -0.046
0.884 0.274 -1.039
-0.013 0.996 -0.093
-0.124 0.136 -0.265
0.542 -0.382 -0.802
0.424 0.855 -0.299
-0.219 0.094 -1.127
0.534 -0.439 -0.743
0.444 0.844 0.300
-0.610 0.029 -0.703
0.125 -0.648 -0.671
0.676 0.736 0.043
0.045 0.149 -0.134
0.311 -0.304 0.717
0.081 0.890 0.448
-0.078 0.071 0.102
-0.147 -0.515 0.909
-0.106 0.809 0.578
-0.802 0.173 0.842
-0.628 -0.247 1.732
0.069 0.908 0.414
0.040 0.115 0.647
-0.626 -0.379 1.206
-0.399 0.869 0.292
0.025 0.140 0.494
-0.874 -0.295 0.550
-0.438 0.898 -0.054
0.029 0.229 0.274
-0.882 -0.054 -0.029
-0.231 0.953 -0.194
0.076 0.150 -0.802
-0.853 -0.207 -0.702
-0.360 0.933 -0.005
-0.346 0.150 -0.373
-0.930 -0.309 -1.043
-0.232 0.885 -0.404
-0.238 0.114 0.279
-0.284 -0.365 -0.597
0.034 0.877 -0.480
