13
-0.598 0.460 2.150
-0.428 0.312 1.175
0.025 0.989 -0.146
0.683 0.457 -2.916
1.230 0.122 -2.149
0.194 0.942 0.273
1.450 0.372 1.793
1.328 0.401 0.801
0.004 1.000 0.029
-3.698 0.474 0.774
-3.026 0.186 0.092
0.202 0.958 -0.205
-2.635 0.357 2.534
-2.000 0.534 1.782
-0.114 0.984 0.135
3.347 0.215 1.001
2.453 0.043 0.586
-0.156 0.985 -0.073
1.603 0.466 2.233
1.095 0.136 1.438
-0.178 0.944 -0.278
4.219 0.141 1.450
3.373 -0.331 1.205
-0.453 0.882 -0.131
3.318 0.353 0.918
2.856 -0.219 0.241
-0.323 0.820 -0.473
-2.915 0.339 -0.845
-1.951 0.187 -0.625
0.148 0.988 0.034
-0.671 0.481 1.939
-0.844 0.417 0.957
-0.011 0.998 -0.063
3.215 0.171 0.622
2.451 -0.227 0.113
-0.331 0.918 -0.220
1.499 0.254 1.934
1.028 -0.098 1.126
-0.177 0.936 -0.304
