30
0.458 0.542 -0.684
-0.121 0.325 0.102
-0.129 0.976 0.175
-1.388 0.358 -1.186
-1.093 0.267 -0.234
0.027 0.996 0.087
0.413 0.450 -1.090
0.064 0.171 -0.195
-0.101 0.960 0.260
0.487 0.398 -0.423
-0.015 0.096 0.387
-0.159 0.953 0.256
2.008 0.347 -1.290
1.268 0.151 -0.647
-0.147 0.981 0.128
2.194 0.521 -1.177
1.431 0.119 -0.671
-0.336 0.915 0.222
1.618 0.259 -0.987
0.896 0.030 -0.334
-0.170 0.973 0.153
2.072 0.417 -1.296
1.503 0.072 -0.549
-0.209 0.938 0.275
2.188 0.292 -1.229
1.508 -0.110 -0.616
-0.299 0.916 0.269
-1.920 0.343 -0.602
-1.126 -0.129 -0.217
0.425 0.882 0.206
-1.329 0.454 -0.659
-1.129 -0.152 0.111
0.153 0.795 0.587
2.140 0.300 -1.662
1.351 0.371 -1.051
0.056 0.998 -0.043
1.624 0.300 -0.066
0.782 -0.167 0.204
-0.444 0.884 0.143
-0.734 0.211 -0.676
-0.851 -0.325 0.161
-0.074 0.845 0.530
-0.216 0.367 -1.380
-0.302 -0.116 -0.508
-0.048 0.876 0.481
2.281 0.442 0.472
1.511 -0.177 0.630
-0.606 0.785 0.124
-1.059 0.210 1.881
-0.464 -0.057 1.123
0.165 0.964 -0.210
2.110 0.508 -0.704
1.457 -0.158 -0.342
-0.583 0.746 0.323
-1.999 0.349 -1.018
-1.365 -0.197 -0.470
0.412 0.838 0.357
2.650 0.437 1.200
1.937 -0.162 0.834
-0.532 0.801 -0.273
1.560 0.175 1.130
0.889 -0.378 0.638
-0.447 0.833 -0.327
1.689 0.375 -0.072
1.016 -0.284 0.265
-0.589 0.753 0.295
1.448 0.318 -0.647
0.833 -0.267 -0.119
-0.445 0.811 0.381
1.567 0.357 1.129
0.868 -0.105 0.583
-0.364 0.887 -0.285
2.592 0.382 0.585
1.825 -0.190 0.293
-0.534 0.820 -0.204
1.626 0.501 -1.257
0.966 0.668 -0.525
0.112 0.986 -0.124
-1.950 0.381 -0.877
-1.119 -0.055 -0.530
0.402 0.900 0.168
1.659 0.236 -0.620
0.863 0.424 -0.045
0.153 0.982 -0.111
-0.685 0.540 -0.233
0.051 0.025 0.207
0.442 0.857 0.264
-0.737 0.275 -0.696
-0.635 -0.371 0.060
0.086 0.763 0.641
