1009
-0.478 0.198 -0.099
-1.090 -0.095 0.636
-0.163 0.956 0.245
-0.378 0.192 0.019
-1.154 -0.061 0.596
-0.172 0.966 0.192
-0.450 0.170 0.471
-1.380 -0.115 0.702
-0.278 0.958 0.064
-0.433 0.230 0.682
-1.420 0.072 0.668
-0.157 0.986 -0.050
-0.571 0.247 0.430
-1.478 0.122 0.028
-0.094 0.991 -0.097
-0.475 0.307 -0.055
-1.403 0.309 -0.428
0.015 0.999 -0.031
-0.974 0.209 0.429
-1.326 -0.010 -0.481
-0.002 0.972 -0.233
-1.528 0.172 0.379
-1.335 -0.164 -0.543
0.155 0.938 -0.309
-1.300 0.314 0.379
-0.879 0.269 -0.527
0.137 0.991 0.015
-0.771 0.084 0.489
-0.475 -0.278 -0.395
0.211 0.927 -0.310
-0.397 0.237 0.257
-0.172 0.167 -0.715
0.137 0.990 -0.039
-0.954 0.107 0.260
-0.336 -0.315 -0.404
0.385 0.898 -0.213
-1.445 0.088 -0.096
-0.635 -0.444 -0.342
0.519 0.846 -0.121
-1.172 0.089 -0.181
-0.364 -0.363 0.196
0.438 0.890 0.128
-0.217 0.017 -0.546
0.207 -0.386 0.264
0.181 0.915 0.360
0.189 0.114 -0.703
0.552 0.030 0.225
0.052 0.996 0.071
0.242 0.171 -0.629
0.284 0.114 0.368
-0.014 0.998 0.057
0.908 0.032 -0.565
0.677 -0.248 0.367
-0.090 0.960 0.266
0.028 0.092 -0.645
0.145 -0.073 0.335
0.039 0.986 0.162
-0.403 0.176 -0.272
-0.116 0.033 0.675
0.057 0.990 0.132
