37
1.018 0.048 1.421
0.302 -0.261 0.795
-0.232 0.951 -0.203
-1.326 0.176 -1.111
-1.458 0.075 -0.125
-0.013 0.995 0.100
0.464 0.129 -0.650
-0.507 -0.104 -0.596
-0.232 0.973 0.013
0.419 0.339 0.430
-0.319 -0.043 -0.127
-0.305 0.924 -0.230
0.722 0.325 -0.248
-0.172 -0.101 -0.388
-0.421 0.905 -0.066
0.622 0.135 0.977
0.027 -0.016 0.188
-0.091 0.989 -0.121
1.266 0.319 1.088
0.461 -0.169 0.753
-0.451 0.873 -0.188
0.727 0.322 -0.247
0.104 -0.307 0.218
-0.504 0.777 0.376
0.141 0.306 0.026
-0.119 -0.587 0.392
-0.517 0.449 0.728
1.307 0.237 1.093
0.373 -0.100 0.971
-0.334 0.942 -0.044
0.491 0.161 -0.284
0.019 -0.406 0.391
-0.325 0.823 0.465
0.621 0.394 0.982
0.144 -0.097 0.253
-0.269 0.871 -0.411
0.518 0.259 -0.642
-0.059 -0.445 -0.227
-0.571 0.711 0.411
-1.491 0.347 0.508
-1.248 0.152 -0.443
0.048 0.981 -0.190
0.032 0.066 0.371
-0.657 -0.455 -0.132
-0.421 0.854 -0.307
-0.156 0.164 -1.107
-0.964 -0.378 -0.874
-0.520 0.841 0.150
0.687 0.394 0.047
0.333 -0.289 0.686
-0.331 0.730 0.598
-0.600 0.370 -1.135
-0.749 -0.238 -0.356
-0.114 0.794 0.597
0.366 0.195 1.347
0.017 -0.050 0.442
-0.088 0.970 -0.228
0.877 0.232 1.405
0.362 -0.344 0.771
-0.364 0.817 -0.448
0.682 0.268 0.661
-0.054 -0.384 0.479
-0.633 0.758 -0.157
1.278 0.317 1.176
0.383 -0.119 1.082
-0.434 0.900 -0.046
0.555 0.350 0.647
-0.036 -0.333 0.218
-0.553 0.730 -0.401
-0.217 0.127 -0.029
-0.658 -0.702 0.317
-0.651 0.560 0.512
0.653 0.315 -1.346
0.114 -0.360 -0.843
-0.494 0.737 0.461
1.007 0.082 1.059
0.351 -0.467 0.541
-0.431 0.836 -0.340
-0.022 0.073 0.001
-0.069 -0.688 0.647
-0.055 0.648 0.759
0.353 0.055 -0.157
0.417 -0.626 0.573
0.060 0.732 0.678
-1.472 0.100 0.822
-0.680 -0.452 1.084
0.524 0.834 0.174
-1.297 0.189 -1.329
-0.762 -0.328 -0.660
0.323 0.856 0.403
-1.493 0.335 0.534
-1.027 -0.209 -0.162
0.303 0.839 -0.453
-0.118 0.364 -0.376
-0.492 -0.475 0.019
-0.577 0.544 0.610
-1.334 0.055 -1.057
-0.826 -0.373 -0.309
0.240 0.904 0.354
-0.187 0.077 -1.112
-0.377 -0.397 -0.252
-0.102 0.880 0.463
0.614 0.219 -1.352
-0.014 -0.435 -0.931
-0.543 0.756 0.365
-1.437 0.307 0.004
-0.760 -0.343 -0.342
0.579 0.760 -0.296
0.795 0.303 -0.758
0.047 0.419 -0.105
0.087 0.993 -0.076
