36
0.469 -0.015 0.179
0.392 -0.682 0.920
-0.075 0.745 0.663
-0.134 0.009 0.168
0.171 -0.648 0.858
0.063 0.737 0.673
0.114 0.039 0.375
0.129 -0.640 1.108
-0.029 0.733 0.680
-0.197 0.080 0.543
-0.118 -0.405 1.414
-0.023 0.872 0.488
0.100 0.165 0.794
0.318 -0.654 1.324
0.370 0.572 0.732
0.525 -0.022 0.979
0.884 -0.941 1.144
0.665 0.375 0.646
1.250 -0.025 1.080
1.143 -0.741 1.770
0.049 0.689 0.723
1.083 -0.105 1.204
0.875 -1.047 1.464
-0.602 0.333 0.726
1.514 -0.599 1.313
0.645 -1.087 1.232
-0.490 0.872 0.009
1.417 -0.429 1.255
0.563 -0.775 0.867
-0.304 0.938 -0.167
0.855 0.068 0.957
-0.109 -0.165 0.828
-0.214 0.966 -0.144
0.473 -0.079 0.620
0.527 -0.757 -0.113
0.064 0.736 -0.674
0.505 0.091 0.667
0.736 -0.176 -0.269
0.059 0.964 -0.260
0.621 0.519 0.117
0.824 0.470 -0.861
-0.033 0.998 -0.057
0.650 0.237 -0.081
0.731 -0.633 -0.568
0.112 0.494 -0.862
0.459 -0.692 0.163
0.779 -1.092 -0.696
0.200 0.915 -0.352
0.478 -0.665 0.298
0.814 -0.444 -0.617
0.046 0.967 0.250
0.150 0.041 0.079
0.562 -0.194 -0.801
0.001 0.966 -0.258
-0.175 0.032 -0.597
-0.641 -0.518 -1.289
-0.098 0.810 -0.578
0.290 0.099 -0.958
-0.017 -0.795 -1.283
-0.865 0.405 -0.296
0.036 0.254 -0.689
-0.885 0.107 -1.048
-0.176 0.983 0.049
-0.441 0.060 -0.798
-0.793 -0.712 -1.327
-0.338 0.632 -0.697
-0.506 0.126 -0.974
-0.398 -0.835 -1.226
0.368 0.275 -0.888
-0.938 0.080 -1.030
-0.348 -0.718 -1.153
0.803 0.565 0.193
-1.222 0.160 -0.914
-0.240 0.094 -0.738
0.059 0.997 0.044
-1.170 -0.007 -0.755
-0.832 -0.801 -0.249
0.372 0.606 0.703
-1.326 -0.011 -0.843
-1.276 -0.850 -0.302
-0.115 0.534 0.838
-0.806 -0.001 -0.586
-0.688 -0.843 -0.060
-0.000 0.530 0.848
-0.239 -0.064 -0.398
-0.612 -0.925 -0.052
-0.671 0.508 0.540
0.145 0.013 -0.268
-0.412 -0.704 0.151
-0.601 0.696 0.393
0.148 0.070 0.424
-0.601 -0.583 0.541
-0.663 0.740 -0.118
-0.380 -0.019 -0.011
-0.640 -0.718 -0.677
-0.238 0.714 -0.658
-0.862 0.078 0.055
-1.106 -0.322 -0.828
-0.038 0.914 -0.403
-0.931 0.426 0.086
-1.207 0.387 -0.874
0.026 0.999 -0.048
-0.655 0.324 0.198
-1.263 -0.397 -0.135
-0.505 0.674 -0.539
-0.252 0.198 -0.503
-1.194 0.090 -0.188
-0.118 0.993 -0.012
-1.232 0.192 -0.887
-1.868 0.035 -0.132
-0.170 0.984 0.061
