12
-0.680 0.707 0.971
-0.983 -0.205 1.248
-0.673 0.411 0.615
-1.953 0.438 0.051
-1.252 -0.136 0.475
0.491 0.819 0.297
-0.618 0.515 1.241
-1.075 -0.237 0.765
-0.520 0.660 -0.542
-0.648 0.491 0.264
-0.706 -0.287 0.889
-0.072 0.628 0.775
-1.316 0.609 0.143
-0.790 -0.083 0.639
0.503 0.723 0.474
-1.002 0.451 0.102
-0.556 -0.166 0.750
0.350 0.787 0.508
-1.339 0.381 0.657
-0.889 -0.383 1.120
0.533 0.645 0.547
-1.347 0.498 0.831
-0.944 -0.336 1.208
0.609 0.551 0.570
-1.544 0.608 0.578
-1.579 -0.159 1.219
-0.042 0.642 0.766
-1.178 0.399 0.093
-0.597 -0.013 0.794
0.263 0.911 0.317
-0.110 0.463 1.389
-0.902 -0.147 1.427
-0.610 0.792 0.029
-1.166 0.405 1.194
-1.292 -0.291 0.487
-0.122 0.718 -0.685
