32
0.982 0.377 0.478
0.113 -0.117 0.459
-0.493 0.870 -0.011
1.079 0.302 0.478
0.163 -0.082 0.360
-0.380 0.923 -0.049
0.746 0.209 -0.120
-0.025 -0.303 0.258
-0.460 0.859 0.225
0.722 0.322 -0.319
-0.139 0.028 0.095
-0.265 0.956 0.127
1.310 0.367 0.079
0.325 0.315 0.244
-0.051 0.999 0.009
0.469 0.385 -0.120
0.017 -0.480 0.098
-0.780 0.501 0.376
1.693 0.211 0.008
0.766 -0.059 -0.251
-0.260 0.963 -0.073
1.440 0.254 0.226
0.508 -0.076 0.373
-0.327 0.944 0.052
1.444 0.146 0.353
0.615 -0.301 0.690
-0.414 0.895 0.168
1.357 0.251 0.079
0.613 -0.302 0.456
-0.493 0.834 0.249
0.657 0.317 -0.718
-0.146 -0.251 -0.534
-0.554 0.823 0.127
0.818 0.327 -0.319
0.591 -0.478 0.229
-0.308 0.594 0.743
0.664 0.148 -0.120
0.376 -0.689 0.345
-0.441 0.546 0.712
1.009 0.160 -0.518
0.399 -0.537 -0.142
-0.593 0.717 0.365
1.195 0.301 -0.518
0.597 -0.405 -0.137
-0.595 0.708 0.380
0.403 0.098 -0.319
0.147 -0.564 0.385
-0.226 0.749 0.622
1.056 0.166 0.279
0.236 0.181 -0.292
0.012 1.000 0.008
1.223 0.138 0.279
0.609 0.163 -0.510
0.015 1.000 0.020
1.292 0.179 -0.066
0.572 -0.151 -0.678
-0.251 0.944 -0.214
1.048 0.178 -0.718
0.542 -0.523 -0.216
-0.499 0.713 0.493
0.235 0.391 -0.033
0.776 -0.378 0.307
0.651 0.639 0.410
0.843 0.064 0.261
1.143 -0.781 0.704
0.474 0.535 0.699
0.718 0.081 0.079
0.437 -0.683 -0.502
-0.332 0.645 -0.688
0.384 0.244 -0.118
1.180 -0.326 -0.323
0.552 0.822 -0.142
1.162 0.312 0.279
0.582 -0.165 -0.381
-0.315 0.879 -0.358
1.098 0.316 0.084
0.865 -0.429 -0.541
-0.261 0.667 -0.698
0.855 0.043 0.066
1.460 -0.692 -0.241
0.655 0.678 -0.333
1.091 0.170 -0.095
0.432 -0.519 -0.395
-0.627 0.724 -0.286
1.205 0.329 0.478
0.741 -0.168 -0.255
-0.266 0.868 -0.420
1.274 0.253 -0.525
0.812 -0.564 -0.869
-0.655 0.576 -0.488
1.443 0.161 -0.518
0.544 -0.237 -0.699
-0.390 0.917 -0.078
0.640 0.345 0.159
1.174 -0.445 0.459
0.689 0.612 0.387
