15
-2.199 0.440 0.095
-1.292 0.316 -0.309
0.113 0.992 -0.051
-1.782 0.311 -1.162
-0.782 0.305 -1.198
0.007 1.000 -0.000
0.492 0.583 -0.352
-0.364 0.289 -0.778
-0.263 0.956 -0.131
-1.107 0.222 -1.179
-0.149 0.235 -1.465
-0.012 1.000 0.004
-1.399 0.437 1.526
-1.680 -0.272 0.879
-0.282 0.706 -0.650
-1.865 0.403 -1.301
-1.101 -0.095 -0.891
0.439 0.867 0.236
-2.293 0.505 -1.150
-1.331 0.655 -1.376
-0.146 0.989 0.034
-1.248 0.560 1.320
-0.812 0.011 0.607
0.287 0.836 -0.468
-0.926 0.365 1.498
-1.250 -0.040 0.643
-0.143 0.915 -0.378
-1.018 0.373 0.285
-0.329 -0.141 -0.225
0.414 0.857 -0.306
-2.266 0.489 0.277
-1.331 0.550 -0.073
-0.058 0.998 0.022
-1.023 0.364 0.872
-1.116 -0.183 0.040
-0.061 0.837 -0.544
-1.023 0.467 0.862
-0.728 -0.043 0.053
0.175 0.860 -0.479
-0.833 0.224 -1.504
-0.071 -0.412 -1.384
0.628 0.771 0.099
0.277 0.441 -0.230
-0.373 -0.069 -0.794
-0.385 0.860 -0.334
