11
-0.763 0.208 -0.034
0.188 -0.061 -0.190
0.268 0.963 -0.030
-0.108 0.450 -0.553
0.821 0.133 -0.363
0.298 0.946 0.124
-0.451 0.180 -0.505
0.140 -0.126 0.241
0.151 0.951 0.270
-0.167 0.075 -0.459
-0.086 -0.367 0.434
0.062 0.897 0.438
0.042 0.260 -0.691
-0.343 0.175 0.228
-0.029 0.996 0.080
0.238 0.179 0.023
-0.568 -0.060 0.565
-0.200 0.971 0.131
0.746 0.134 0.383
-0.137 -0.216 0.696
-0.335 0.936 0.105
0.504 0.173 1.526
-0.310 -0.120 1.024
-0.257 0.956 -0.141
-0.770 0.131 0.932
-1.037 -0.076 -0.009
-0.075 0.978 -0.195
-1.439 0.259 -0.265
-0.811 0.087 -1.023
0.123 0.985 -0.122
-1.425 0.247 -0.486
-0.499 0.054 -0.810
0.202 0.979 -0.005
-0.071 0.340 -0.472
0.865 0.036 -0.297
0.290 0.951 0.104
