10
0.917 0.349 1.151
0.172 0.242 0.493
-0.080 0.994 -0.071
1.006 0.539 -1.075
0.076 0.315 -0.782
-0.214 0.975 0.067
0.268 0.337 1.089
-0.213 0.165 0.229
-0.084 0.985 -0.150
1.121 0.179 0.958
0.586 -0.199 0.203
-0.218 0.926 -0.308
1.009 0.368 -0.043
0.261 -0.110 -0.504
-0.407 0.878 -0.251
-0.141 0.368 1.222
0.435 -0.083 0.540
0.291 0.892 -0.344
-1.206 0.546 0.162
-1.122 0.107 -0.732
0.041 0.899 -0.437
0.388 0.258 1.101
0.256 -0.219 0.231
-0.071 0.879 -0.471
0.410 0.508 -0.100
-0.069 -0.180 -0.645
-0.455 0.725 -0.517
-1.272 0.242 0.819
-0.940 0.452 -0.100
-0.071 0.978 0.197
