20
-3.963 0.599 -1.232
-3.131 0.360 -1.733
0.205 0.971 -0.124
-4.024 0.351 -0.889
-3.060 0.427 -0.635
-0.074 0.997 -0.020
-4.116 0.399 -1.207
-3.219 0.448 -1.647
-0.044 0.999 0.021
4.471 0.483 -1.769
3.641 0.333 -1.231
-0.126 0.989 0.082
4.046 0.559 -0.023
3.099 0.294 0.159
-0.260 0.964 0.050
-3.922 0.368 -0.235
-3.035 0.204 0.197
0.148 0.986 0.072
-2.619 0.501 -1.105
-1.702 0.578 -0.712
-0.071 0.997 -0.030
4.146 0.294 0.910
3.806 0.466 -0.015
0.059 0.985 0.162
-2.863 0.368 2.092
-2.821 0.313 1.094
0.002 0.998 -0.055
4.394 0.446 -2.265
3.590 0.642 -1.703
0.160 0.981 -0.112
3.756 0.456 0.013
2.771 0.616 0.067
0.159 0.987 -0.009
3.649 0.548 -1.406
2.716 0.725 -1.094
0.168 0.984 -0.056
4.027 0.443 -0.021
3.094 0.374 0.333
-0.064 0.998 0.024
4.111 0.311 0.686
3.353 0.243 0.036
-0.051 0.998 -0.044
0.283 0.366 -0.947
0.027 0.465 0.015
0.025 0.995 -0.096
-2.841 0.313 2.237
-3.060 0.065 1.294
-0.056 0.969 -0.242
-3.334 0.575 1.545
-2.428 0.234 1.296
0.329 0.940 -0.091
-4.280 0.334 2.232
-4.374 0.364 1.237
0.003 1.000 0.030
-4.089 0.468 1.669
-3.152 0.194 1.883
0.267 0.962 0.061
-4.215 0.407 2.650
-4.359 0.468 1.663
0.009 0.998 0.060
