559
-1.552 0.481 -0.159
-1.063 0.038 -0.911
0.285 0.895 -0.342
-0.933 0.450 -1.236
-0.112 -0.034 -1.537
0.455 0.875 -0.167
0.445 0.489 -2.346
1.100 0.141 -1.676
0.186 0.934 0.304
1.709 0.508 -1.716
1.511 0.108 -0.821
-0.162 0.914 0.372
1.617 0.534 -0.025
1.036 0.109 0.669
-0.304 0.904 0.300
1.024 0.557 1.514
0.314 0.241 2.145
-0.280 0.947 0.158
0.116 0.562 2.589
-0.677 0.001 2.353
-0.509 0.824 -0.247
-1.434 0.571 2.085
-1.979 0.090 1.398
-0.204 0.871 -0.447
-1.881 0.509 0.917
-1.574 0.015 0.103
0.213 0.869 -0.447
-1.427 0.479 -0.366
-1.073 -0.008 -1.164
0.245 0.872 -0.423
-0.553 0.451 -1.556
0.266 -0.066 -1.802
0.510 0.855 -0.096
0.693 0.479 -2.428
1.429 0.023 -1.929
0.368 0.890 0.269
1.404 0.470 -2.450
1.440 0.046 -1.545
-0.025 0.905 0.425
0.841 0.417 -2.727
0.184 -0.032 -2.122
-0.301 0.892 0.337
-0.271 0.661 -2.307
-0.218 0.364 -1.354
0.070 0.954 0.293
-0.556 0.588 -1.748
-0.890 0.304 -0.850
-0.016 0.955 0.296
-1.597 0.620 0.025
-1.580 0.101 0.880
0.158 0.846 0.510
