14
-0.823 0.713 0.316
-1.113 -0.162 -0.071
-0.524 0.484 -0.701
-0.380 0.486 -0.238
-0.980 -0.311 -0.310
-0.791 0.604 -0.094
-0.415 0.555 -0.821
-0.989 -0.166 -0.431
-0.596 0.693 0.405
-0.347 0.381 -0.522
-0.801 -0.505 -0.624
-0.863 0.465 -0.195
-0.357 0.615 -0.237
-0.889 -0.190 0.024
-0.724 0.593 0.354
-1.848 0.578 0.137
-1.428 -0.094 -0.473
0.381 0.740 -0.554
-0.359 0.438 0.288
-0.213 -0.236 -0.436
0.133 0.739 -0.661
-1.270 0.641 -0.312
-0.595 -0.090 -0.416
0.722 0.682 -0.112
-0.376 0.647 -0.627
-0.477 -0.136 -0.013
-0.127 0.623 0.772
-0.936 0.466 0.063
-0.543 -0.266 -0.493
0.423 0.681 -0.598
-0.946 0.406 0.266
-0.444 -0.181 -0.369
0.364 0.810 -0.460
-1.270 0.385 -0.892
-0.780 -0.244 -0.287
0.396 0.778 0.488
0.064 0.461 0.370
-0.690 -0.190 0.455
-0.647 0.759 0.073
-0.914 0.499 -0.851
-1.132 -0.051 -0.045
-0.144 0.835 0.531
