14
-0.582 0.197 0.140
-0.719 -0.414 -0.640
-0.073 0.791 -0.607
-0.523 0.284 0.204
-0.723 -0.117 -0.690
-0.012 0.914 -0.406
-0.569 0.441 0.254
-1.011 0.412 -0.643
0.006 0.999 -0.034
-0.680 0.153 0.250
-0.929 -0.524 -0.442
-0.260 0.736 -0.625
-0.573 0.193 -0.003
-1.169 -0.415 -0.527
-0.541 0.787 -0.297
-0.533 0.235 -0.289
-1.372 -0.308 -0.261
-0.531 0.829 0.176
-0.492 0.261 -0.336
-1.030 -0.289 0.304
-0.352 0.835 0.422
-0.538 0.357 -0.383
-1.099 0.070 0.394
-0.150 0.958 0.245
-0.567 0.231 -0.442
-1.011 -0.342 0.247
-0.300 0.820 0.488
-0.443 0.150 -0.447
-0.492 -0.596 0.218
-0.077 0.666 0.742
-0.574 0.227 -0.006
0.189 -0.387 0.197
0.589 0.790 0.172
-0.841 0.241 -0.142
-0.025 -0.297 -0.351
0.506 0.841 -0.193
-0.786 0.272 -0.067
-0.462 -0.236 -0.865
0.169 0.861 -0.480
-0.573 0.349 0.087
-0.523 0.038 -0.862
0.049 0.950 -0.309
-0.748 0.273 0.101
-1.023 -0.184 -0.745
-0.149 0.890 -0.431
