9
1.116 0.191 -1.292
0.189 0.055 -0.943
-0.126 0.991 0.048
1.674 0.364 0.133
0.740 0.240 -0.201
-0.116 0.992 -0.042
1.078 0.058 -1.293
0.437 -0.528 -0.797
-0.463 0.810 0.359
-1.131 0.357 -0.376
-0.377 -0.175 0.010
0.473 0.847 0.242
-1.592 0.081 0.315
-0.844 -0.465 -0.064
0.487 0.838 -0.246
1.289 0.150 0.346
0.567 -0.115 -0.294
-0.198 0.964 -0.176
1.368 0.145 -0.965
0.534 0.353 -0.453
0.178 0.978 -0.109
-0.847 0.185 1.267
-0.051 -0.066 0.716
0.206 0.968 -0.143
0.898 0.270 -1.296
-0.037 0.386 -0.962
0.109 0.993 -0.039
