25
0.658 0.186 -0.349
1.536 -0.221 -0.096
0.387 0.913 0.130
0.698 0.200 -0.351
1.540 -0.172 0.039
0.345 0.928 0.139
0.752 0.175 -0.179
1.438 -0.210 0.439
0.296 0.923 0.246
0.705 0.213 0.178
0.712 -0.110 1.125
-0.025 0.946 0.323
0.656 0.182 0.378
0.116 -0.200 1.128
-0.248 0.924 0.292
0.571 0.167 0.259
-0.366 -0.182 0.255
-0.349 0.937 0.020
0.513 0.131 -0.049
-0.142 -0.302 -0.668
-0.291 0.901 -0.321
0.292 0.100 -0.277
0.165 -0.388 -1.141
-0.097 0.872 -0.479
-0.137 0.149 -0.337
0.453 -0.306 -1.003
0.357 0.888 -0.291
0.388 0.125 -0.410
1.301 -0.278 -0.460
0.405 0.914 0.009
0.899 0.182 -0.259
1.668 -0.177 0.269
0.259 0.931 0.256
1.416 -0.035 -0.820
2.143 -0.524 -0.337
0.368 0.871 0.327
0.935 -0.012 -0.407
1.473 -0.533 0.255
0.262 0.850 0.457
0.748 0.051 -0.397
0.346 -0.414 0.392
-0.234 0.885 0.402
0.943 -0.093 -0.280
0.424 -0.630 0.386
-0.394 0.841 0.371
0.898 0.092 -0.209
0.403 -0.329 0.551
-0.264 0.906 0.330
0.933 0.093 0.016
0.758 -0.376 0.882
-0.150 0.882 0.447
0.879 0.157 0.280
0.689 -0.246 1.176
-0.112 0.915 0.387
0.831 0.322 0.437
0.734 0.140 1.416
-0.048 0.983 0.179
0.632 0.118 0.690
0.280 -0.341 1.506
-0.223 0.887 0.404
-0.052 0.394 1.179
0.017 0.226 2.162
-0.003 0.986 0.168
-0.233 0.225 1.321
-0.780 -0.092 2.094
-0.160 0.948 0.276
-0.536 0.172 1.389
-1.120 -0.230 2.095
-0.237 0.915 0.326
-0.441 0.159 1.387
-1.259 -0.329 1.083
-0.413 0.867 -0.279
-0.385 0.059 1.188
-0.571 -0.452 0.349
0.010 0.853 -0.521
-0.630 0.234 0.892
0.069 0.017 0.211
0.163 0.976 -0.145
