60
-0.465 0.116 1.039
-0.309 -0.507 0.272
0.124 0.782 -0.610
0.973 0.107 1.334
0.275 -0.547 1.041
-0.603 0.757 -0.253
1.173 0.449 0.645
0.545 -0.280 0.372
-0.669 0.684 -0.291
0.297 0.333 1.655
0.264 -0.279 0.866
-0.026 0.791 -0.612
0.678 0.226 1.892
0.240 -0.296 1.160
-0.268 0.853 -0.448
0.035 0.278 1.570
0.024 -0.251 0.722
-0.007 0.849 -0.529
0.221 0.396 -1.131
0.219 -0.238 -0.358
-0.002 0.773 0.634
0.834 0.423 1.642
0.428 -0.203 0.976
-0.326 0.780 -0.535
0.300 0.375 1.618
-0.066 -0.208 0.892
-0.262 0.813 -0.521
1.345 0.449 1.598
0.685 -0.080 1.064
-0.411 0.849 -0.333
-0.505 0.340 -1.477
-0.248 -0.046 -0.591
0.107 0.923 0.371
0.555 0.266 1.805
0.364 -0.277 0.988
-0.123 0.839 -0.529
0.476 0.292 -1.904
0.590 0.050 -0.941
0.029 0.970 0.240
0.269 0.178 -1.027
-0.290 -0.461 -0.499
-0.465 0.769 0.438
-0.746 0.361 -1.362
-0.760 -0.156 -0.506
-0.009 0.856 0.517
0.974 0.454 -2.116
0.539 0.071 -1.301
-0.180 0.924 0.337
0.825 0.379 -1.507
0.709 -0.088 -0.630
-0.061 0.884 0.463
-0.724 0.097 -0.621
-0.222 -0.245 0.173
0.183 0.940 0.289
1.167 0.412 -0.480
0.668 0.201 0.361
-0.108 0.978 0.181
1.122 0.152 1.354
0.660 -0.350 0.622
-0.268 0.865 -0.424
0.131 0.234 1.892
-0.367 -0.309 1.216
-0.322 0.840 -0.437
0.384 0.438 -1.434
0.364 0.150 -0.477
-0.006 0.958 0.288
0.659 0.453 -2.177
0.616 0.275 -1.194
-0.008 0.984 0.177
0.839 0.415 0.800
0.122 -0.281 0.822
-0.696 0.717 0.021
0.479 0.273 -1.678
0.009 0.034 -0.828
-0.116 0.971 0.209
0.988 0.193 -1.265
0.562 -0.425 -0.603
-0.334 0.787 0.519
-0.046 0.416 -1.765
0.327 0.157 -0.874
0.100 0.966 0.239
1.063 0.156 -0.727
0.425 -0.181 -0.034
-0.229 0.941 0.248
-0.175 0.456 0.719
0.281 -0.198 0.116
0.395 0.756 -0.523
0.447 0.409 2.159
-0.041 -0.093 1.445
-0.283 0.865 -0.415
1.580 0.362 -0.053
0.804 0.322 0.576
-0.031 0.999 0.025
0.596 0.296 1.205
0.216 -0.214 0.433
-0.225 0.860 -0.457
-0.005 0.279 -0.980
0.111 0.272 0.013
0.001 1.000 0.007
0.130 0.467 -1.848
-0.136 0.401 -0.886
-0.018 0.998 0.064
-0.809 0.159 -0.850
0.008 -0.254 -0.448
0.370 0.911 0.182
0.694 0.179 -0.886
-0.010 -0.390 -0.460
-0.487 0.822 0.295
-1.236 0.446 -1.273
-0.496 0.077 -0.711
0.294 0.930 0.223
-0.352 0.263 -0.718
0.348 -0.436 -0.567
0.683 0.715 0.147
1.946 0.427 0.375
1.177 -0.138 0.075
-0.526 0.825 -0.205
-0.637 0.357 -1.791
-0.455 0.424 -0.810
-0.012 0.998 -0.066
1.576 0.297 1.329
0.914 -0.117 0.705
-0.301 0.910 -0.284
0.376 0.301 -2.141
0.225 0.305 -1.152
0.001 1.000 -0.004
1.144 0.370 0.307
0.606 -0.275 -0.236
-0.454 0.764 -0.459
-1.206 0.366 -0.440
-0.422 -0.019 0.047
0.327 0.923 0.203
-0.213 0.419 -1.473
-0.272 0.477 -0.476
0.004 0.998 -0.058
1.091 0.332 -1.544
0.941 -0.147 -0.679
-0.082 0.878 0.472
-0.055 0.274 -1.786
0.340 -0.191 -0.994
0.208 0.885 0.416
1.000 0.470 0.799
0.189 -0.038 0.507
-0.478 0.861 -0.172
0.368 0.414 -2.236
0.435 0.601 -1.256
-0.013 0.982 -0.187
-0.555 0.165 -0.089
0.243 -0.297 0.298
0.416 0.887 0.202
0.143 0.114 -2.006
0.299 -0.347 -1.132
0.081 0.888 0.453
0.411 0.161 -0.229
-0.329 -0.332 0.228
-0.420 0.870 0.259
1.354 0.166 1.064
0.824 -0.242 0.320
-0.237 0.913 -0.332
-0.826 0.273 -1.552
-0.829 0.402 -0.560
0.000 0.992 -0.129
0.552 0.179 -0.557
0.061 -0.021 0.291
-0.100 0.980 0.173
1.104 0.193 -0.177
0.242 -0.311 -0.240
-0.502 0.864 -0.036
0.815 0.339 1.906
1.128 -0.305 1.209
0.265 0.764 -0.588
1.411 0.284 0.166
0.735 -0.238 -0.353
-0.414 0.853 -0.318
1.400 0.299 -1.408
1.087 0.288 -0.458
-0.003 1.000 0.010
0.363 0.113 -2.202
-0.043 -0.276 -1.376
-0.172 0.921 0.350
