1978
0.523 0.043 1.056
0.859 -0.580 0.350
0.238 0.781 -0.577
0.587 0.167 1.092
1.167 -0.029 0.301
0.074 0.979 -0.188
0.620 0.221 1.045
0.749 0.105 0.060
-0.043 0.992 -0.123
0.945 0.133 0.923
0.799 -0.460 0.131
-0.167 0.804 -0.571
1.183 0.118 0.883
0.531 -0.543 0.513
-0.529 0.747 -0.402
0.631 0.163 0.347
-0.238 -0.307 0.506
-0.462 0.883 0.083
0.625 0.118 0.153
0.357 -0.441 0.938
-0.166 0.829 0.534
0.676 0.118 -0.106
1.271 -0.371 0.532
0.226 0.863 0.452
0.817 0.179 -0.362
1.706 -0.258 -0.219
0.415 0.896 0.161
0.739 0.059 -0.950
1.498 -0.550 -0.719
0.568 0.792 0.226
0.646 -0.124 -0.436
1.378 -0.802 -0.377
0.665 0.731 0.152
0.808 0.096 -0.434
1.720 -0.308 -0.499
0.408 0.911 0.060
1.070 0.188 0.185
1.782 -0.267 -0.350
0.379 0.890 -0.252
1.048 0.077 0.492
1.333 -0.737 -0.014
0.447 0.580 -0.681
1.295 0.102 0.920
1.386 -0.543 0.162
0.169 0.761 -0.627
1.552 0.068 0.998
1.561 -0.613 0.266
0.095 0.729 -0.678
1.206 0.071 0.983
1.978 -0.565 0.979
0.635 0.772 -0.005
1.148 0.094 0.928
1.931 -0.514 1.056
0.589 0.792 0.161
1.164 0.097 0.440
1.786 -0.540 0.895
0.421 0.762 0.492
0.923 0.027 0.601
1.014 -0.747 1.227
-0.019 0.627 0.779
