59
0.523 0.043 1.056
0.859 -0.580 0.350
0.238 0.781 -0.577
0.587 0.167 1.092
1.167 -0.029 0.301
0.074 0.979 -0.188
0.620 0.221 1.045
0.749 0.105 0.060
-0.043 0.992 -0.123
0.945 0.133 0.923
0.799 -0.460 0.131
-0.167 0.804 -0.571
1.183 0.118 0.883
0.531 -0.543 0.513
-0.529 0.747 -0.402
0.631 0.163 0.347
-0.238 -0.307 0.506
-0.462 0.883 0.083
0.625 0.118 0.153
0.357 -0.441 0.938
-0.166 0.829 0.534
0.676 0.118 -0.106
1.271 -0.371 0.532
0.226 0.863 0.452
0.817 0.179 -0.362
1.706 -0.258 -0.219
0.415 0.896 0.161
0.739 0.059 -0.950
1.498 -0.550 -0.719
0.568 0.792 0.226
0.646 -0.124 -0.436
1.378 -0.802 -0.377
0.665 0.731 0.152
0.808 0.096 -0.434
1.720 -0.308 -0.499
0.408 0.911 0.060
1.070 0.188 0.185
1.782 -0.267 -0.350
0.379 0.890 -0.252
1.048 0.077 0.492
1.333 -0.737 -0.014
0.447 0.580 -0.681
1.295 0.102 0.920
1.386 -0.543 0.162
0.169 0.761 -0.627
1.552 0.068 0.998
1.561 -0.613 0.266
0.095 0.729 -0.678
1.206 0.071 0.983
1.978 -0.565 0.979
0.635 0.772 -0.005
1.148 0.094 0.928
1.931 -0.514 1.056
0.589 0.792 0.161
1.164 0.097 0.440
1.786 -0.540 0.895
0.421 0.762 0.492
0.923 0.027 0.601
1.014 -0.747 1.227
-0.019 0.627 0.779
0.911 0.199 0.631
0.750 0.006 1.599
-0.057 0.981 0.186
0.681 0.240 0.546
-0.186 0.196 1.044
-0.030 0.999 0.037
0.728 0.178 0.565
-0.221 -0.097 0.410
-0.272 0.961 -0.042
0.919 0.075 0.683
0.406 -0.783 0.680
-0.858 0.513 0.019
0.638 0.206 0.497
-0.266 -0.039 0.147
-0.223 0.970 -0.100
0.629 0.111 -0.222
0.648 -0.367 -1.101
-0.036 0.878 -0.478
0.752 0.022 -0.597
0.770 -0.642 -1.344
-0.035 0.746 -0.665
0.730 0.141 -0.783
0.718 -0.227 -1.713
-0.069 0.928 -0.366
0.735 0.080 -0.745
0.592 -0.516 -1.536
-0.159 0.802 -0.575
0.801 -0.030 -0.761
0.649 -0.963 -1.086
-0.171 0.349 -0.921
0.528 -0.010 -0.701
-0.068 -0.791 -0.886
-0.733 0.623 -0.274
0.548 0.118 -0.849
-0.233 -0.415 -0.523
-0.359 0.810 0.464
0.554 0.132 -0.074
-0.262 -0.239 -0.517
-0.343 0.928 -0.145
0.735 0.092 -0.216
0.665 -0.437 -1.061
-0.057 0.849 -0.526
0.751 0.117 -0.994
0.591 -0.428 -1.816
-0.126 0.838 -0.531
0.631 0.284 -1.194
0.488 0.398 -2.177
-0.067 0.990 0.125
0.634 0.281 -1.328
1.166 -0.164 -2.048
0.161 0.888 -0.430
0.772 0.235 -1.084
0.972 -0.179 -1.973
0.122 0.910 -0.396
0.745 0.067 -0.549
0.197 -0.428 -1.223
-0.327 0.869 -0.372
0.081 -0.213 -0.739
-0.255 -0.839 -1.442
-0.375 0.774 -0.510
0.553 -0.042 -0.821
-0.189 -0.672 -0.591
-0.583 0.776 0.239
0.705 0.016 -0.856
0.487 -0.715 -0.209
-0.343 0.677 0.651
0.589 0.075 -0.729
0.359 -0.465 0.080
-0.210 0.840 0.500
-0.412 0.114 -0.663
-0.472 -0.353 0.219
0.027 0.882 0.470
-0.972 0.497 -0.894
-1.111 -0.371 -0.419
0.052 0.472 0.880
-1.223 0.292 -1.316
-1.173 -0.580 -0.829
0.248 0.483 0.840
-1.390 0.271 -1.284
-0.607 -0.330 -1.125
0.558 0.792 0.247
-1.386 0.269 -1.171
-0.655 -0.405 -1.065
0.658 0.738 0.149
-0.818 0.278 -1.128
-0.028 -0.070 -0.623
0.261 0.936 0.238
-0.508 0.218 -0.718
-0.877 -0.159 0.132
-0.032 0.919 0.393
-0.080 0.249 -0.486
-0.484 -0.046 0.380
-0.042 0.952 0.305
0.788 0.149 0.299
0.716 -0.557 1.004
-0.123 0.707 0.696
0.852 -0.053 1.531
0.733 -1.023 1.743
-0.710 0.232 0.664
0.130 -0.075 1.683
-0.104 -1.038 1.814
-0.945 0.256 0.202
-0.356 0.136 1.603
-0.778 -0.758 1.751
-0.894 0.438 0.093
-0.172 0.202 1.292
-0.892 -0.298 0.810
-0.304 0.850 -0.430
-0.141 0.164 1.264
-0.472 -0.285 0.433
-0.056 0.888 -0.457
-0.122 0.145 1.430
-0.473 -0.698 1.021
-0.409 0.530 -0.742
0.127 0.103 1.302
0.119 -0.707 0.716
0.118 0.581 -0.805
0.090 0.185 1.306
0.325 -0.145 0.392
0.096 0.944 -0.316
