12
-0.514 0.187 -0.085
0.314 -0.368 -0.156
0.554 0.832 -0.037
-0.533 0.422 -0.032
0.466 0.471 -0.027
-0.049 0.994 -0.093
-0.366 0.227 -0.105
0.288 -0.373 -0.564
0.478 0.800 -0.363
0.945 0.127 -0.176
0.725 -0.573 -0.856
-0.222 0.714 -0.664
1.033 0.246 -0.169
0.114 -0.147 -0.198
-0.394 0.918 0.049
0.851 0.227 -0.114
-0.019 -0.158 0.197
-0.356 0.923 0.146
1.240 0.328 -0.182
0.387 0.083 0.278
-0.200 0.969 0.146
0.245 0.226 0.090
-0.651 -0.177 0.274
-0.403 0.914 0.045
-0.228 0.138 -0.086
-0.008 -0.531 -0.796
0.312 0.737 -0.599
-0.234 0.378 -0.108
0.762 0.395 -0.015
-0.008 0.995 -0.098
0.101 0.173 -0.041
0.745 -0.461 -0.469
0.523 0.774 -0.358
1.102 0.092 -0.073
0.418 -0.582 -0.352
-0.614 0.738 -0.280
1.049 0.428 -0.303
0.128 0.571 0.059
0.141 0.989 -0.030
