18
-2.213 0.374 1.798
-1.941 0.180 0.855
0.054 0.981 -0.186
0.879 0.182 1.083
0.356 0.303 0.240
0.064 0.993 0.103
-3.298 0.423 2.471
-2.757 0.207 1.658
0.120 0.976 -0.180
-0.649 0.102 1.495
-0.988 -0.011 0.561
-0.039 0.994 -0.106
-0.459 0.209 2.060
-0.154 0.109 1.113
0.031 0.995 -0.095
4.072 0.360 0.671
3.360 0.040 0.047
-0.240 0.948 -0.211
4.872 0.308 0.393
3.964 0.023 0.086
-0.270 0.959 -0.091
0.789 0.360 0.814
0.070 0.466 0.127
0.076 0.994 0.073
-1.952 0.312 2.576
-2.352 0.112 1.682
-0.081 0.980 -0.183
-1.988 0.354 2.469
-2.065 0.003 1.536
-0.029 0.936 -0.350
4.108 0.098 -1.030
3.164 -0.231 -1.024
-0.329 0.944 0.002
2.372 0.440 0.568
2.146 0.595 -0.393
0.036 0.988 0.151
3.349 0.100 -2.454
2.384 0.350 -2.534
0.250 0.968 0.021
2.478 0.310 0.883
2.159 -0.103 0.030
-0.144 0.911 -0.387
2.476 0.421 0.877
2.317 0.008 -0.019
-0.072 0.911 -0.406
-3.169 0.399 0.740
-2.258 0.540 0.351
-0.129 0.990 0.055
-3.420 0.403 3.166
-3.289 -0.058 2.288
0.068 0.887 -0.456
3.927 0.281 0.237
3.036 -0.152 0.099
-0.427 0.902 -0.066
