26
-1.444 0.444 -0.689
-0.760 -0.104 -0.207
0.447 0.837 0.316
-0.496 0.133 1.624
0.458 -0.054 1.388
0.182 0.982 -0.045
-0.784 0.248 2.093
-0.299 -0.360 1.465
0.372 0.794 -0.481
0.730 0.425 0.779
0.346 -0.238 0.137
-0.341 0.749 -0.569
1.512 0.197 -0.910
1.150 -0.368 -0.169
-0.248 0.825 0.508
0.572 0.391 1.969
1.199 0.113 1.241
0.181 0.961 -0.211
-1.314 0.431 -0.110
-0.840 -0.228 0.474
0.415 0.752 0.512
0.031 0.254 0.289
0.866 -0.241 0.528
0.476 0.869 0.136
0.187 0.423 2.062
0.993 0.043 1.608
0.331 0.925 -0.187
0.846 0.168 -1.535
0.141 -0.438 -1.166
-0.536 0.796 0.281
0.350 0.169 1.419
1.213 -0.213 1.088
0.356 0.924 -0.137
1.946 0.306 0.847
1.284 -0.051 0.188
-0.253 0.934 -0.252
1.876 0.074 0.524
1.202 -0.543 0.118
-0.528 0.787 -0.319
1.706 0.429 0.680
0.837 -0.026 0.486
-0.444 0.891 -0.099
-0.228 0.107 1.890
-0.202 -0.384 1.019
0.015 0.871 -0.491
1.724 0.065 0.076
0.980 -0.472 0.473
-0.474 0.844 0.253
2.633 0.322 1.240
2.012 0.133 0.479
-0.120 0.982 -0.147
-0.212 0.312 1.964
0.351 0.278 1.138
0.019 0.999 -0.028
0.121 0.091 0.871
1.120 0.087 0.862
0.004 1.000 -0.000
0.207 0.265 1.131
0.394 -0.422 0.429
0.177 0.726 -0.664
0.923 0.108 -0.352
0.599 -0.522 0.354
-0.263 0.777 0.572
-0.720 0.152 0.471
0.046 -0.426 0.188
0.541 0.817 -0.200
0.282 0.057 1.474
0.825 -0.139 0.658
0.109 0.981 -0.163
2.548 0.300 0.853
1.837 -0.341 0.562
-0.593 0.768 -0.243
-0.455 0.409 -0.196
0.539 0.333 -0.112
0.076 0.997 0.006
0.277 0.432 1.452
0.217 0.023 0.542
-0.027 0.912 -0.408
