12
-1.378 0.071 0.414
-0.392 0.147 0.564
-0.075 0.997 -0.011
0.210 0.222 -1.926
0.639 0.345 -1.031
-0.053 0.992 -0.110
-1.737 0.163 -0.297
-0.745 0.049 -0.237
0.114 0.994 0.007
-1.068 0.055 -1.778
-0.540 0.043 -0.929
0.006 1.000 0.010
-1.384 0.347 0.411
-0.455 0.148 0.096
0.189 0.980 -0.064
0.219 0.265 -1.921
0.346 0.126 -0.939
0.018 0.990 0.138
0.224 0.322 -1.918
0.449 -0.327 -1.191
0.192 0.761 0.620
-0.808 0.322 -0.884
-0.425 0.147 0.023
0.068 0.985 0.161
2.358 -0.006 -0.235
1.463 -0.272 0.124
-0.246 0.964 0.099
0.790 0.189 0.957
0.787 -0.424 0.168
-0.002 0.789 -0.614
-0.491 0.160 0.363
0.295 -0.417 0.141
0.555 0.817 -0.156
-0.615 0.185 -0.774
-0.273 -0.409 -0.046
0.252 0.805 0.538
