1024
-1.253 0.675 1.753
-2.063 0.109 1.603
-0.542 0.822 -0.172
-1.392 0.672 1.816
-2.108 0.147 2.275
-0.461 0.850 0.253
-1.266 0.439 1.558
-1.911 -0.139 2.058
-0.465 0.816 0.344
-1.757 0.515 1.703
-2.578 0.015 1.980
-0.445 0.863 0.239
-2.344 0.595 1.432
-2.606 -0.019 0.688
-0.238 0.788 -0.568
-2.060 0.540 1.401
-1.521 -0.129 0.889
0.449 0.742 -0.498
-1.245 0.559 1.385
-0.388 0.046 1.432
0.516 0.855 -0.053
-0.666 -0.017 1.934
0.142 -0.405 2.378
0.356 0.921 0.156
0.684 0.557 1.895
1.432 0.047 2.320
0.509 0.852 0.124
1.132 0.544 1.631
1.710 -0.067 1.091
0.339 0.782 -0.523
1.293 0.639 1.606
0.627 0.140 1.051
-0.386 0.866 -0.317
1.212 0.625 1.430
0.409 0.127 1.102
-0.459 0.867 -0.194
1.562 0.476 0.137
0.876 -0.193 -0.151
-0.639 0.742 -0.203
1.589 0.454 -0.737
0.969 -0.189 -0.287
-0.476 0.764 0.436
0.447 0.448 -0.623
0.324 -0.106 0.201
-0.010 0.830 0.557
0.356 0.547 -0.228
0.415 0.157 0.691
0.035 0.921 0.389
0.396 0.559 -0.568
-0.259 0.255 0.123
-0.214 0.953 0.215
-0.254 0.461 -0.694
-0.818 -0.006 -0.013
-0.236 0.882 0.409
-0.618 0.328 -1.357
-0.901 -0.327 -0.656
-0.175 0.754 0.634
-1.313 0.490 -0.753
-1.836 0.017 -0.044
-0.230 0.880 0.417
