42
-3.697 0.306 1.980
-2.894 0.156 1.403
0.122 0.989 -0.088
-3.544 0.212 1.715
-2.834 -0.224 1.162
0.344 0.900 -0.268
0.079 0.152 -4.089
-0.008 -0.227 -3.168
-0.036 0.925 0.378
3.383 0.058 -1.830
2.570 -0.246 -1.332
-0.260 0.953 0.159
3.277 0.029 -2.401
2.432 -0.430 -2.125
-0.437 0.888 0.142
3.324 0.093 -1.217
2.489 -0.447 -1.112
-0.535 0.842 0.067
-3.750 0.180 2.454
-2.916 -0.158 2.016
0.299 0.941 -0.157
-0.636 0.228 4.196
-0.541 0.164 3.203
0.006 0.998 -0.065
0.190 0.224 -2.911
0.250 -0.258 -2.037
0.033 0.876 0.481
2.884 0.103 -1.425
1.978 -0.257 -1.200
-0.349 0.933 0.087
2.816 0.198 -1.465
2.036 -0.241 -1.018
-0.380 0.899 0.218
-3.451 0.052 1.553
-2.796 -0.335 0.904
0.275 0.922 -0.273
-1.694 0.174 2.126
-1.502 -0.118 1.189
0.059 0.956 -0.286
-2.743 0.113 1.533
-2.221 -0.502 0.943
0.408 0.788 -0.460
1.504 0.375 -2.923
1.418 -0.053 -2.023
-0.041 0.904 0.426
0.411 0.282 2.715
0.318 0.138 1.730
-0.014 0.989 -0.144
-2.106 0.154 2.840
-2.100 -0.151 1.888
0.002 0.952 -0.305
0.062 0.217 -2.988
0.097 -0.164 -2.065
0.014 0.924 0.382
2.620 0.323 -2.453
1.928 -0.267 -2.037
-0.506 0.807 0.304
0.197 0.178 -2.906
0.359 -0.293 -2.039
0.086 0.882 0.463
2.379 0.251 -2.005
1.890 -0.371 -1.393
-0.388 0.783 0.486
3.248 0.284 -1.910
2.295 0.144 -1.639
-0.134 0.990 0.038
-3.165 0.169 2.104
-2.478 -0.394 1.645
0.469 0.826 -0.313
0.667 0.234 -2.640
0.194 -0.163 -1.854
-0.205 0.918 0.340
1.967 0.420 -0.567
1.313 -0.130 -1.086
-0.431 0.835 -0.342
-2.696 0.094 2.658
-2.609 -0.473 1.839
0.060 0.824 -0.564
-2.814 0.278 1.656
-2.251 0.136 0.842
0.081 0.990 -0.116
-0.155 0.047 3.080
-0.195 -0.310 2.147
-0.015 0.934 -0.357
1.122 0.251 -3.484
0.693 -0.362 -2.820
-0.332 0.790 0.515
-0.340 0.117 3.397
0.342 -0.108 2.701
0.157 0.974 -0.161
-1.400 0.194 2.824
-1.380 -0.211 1.910
0.009 0.914 -0.405
0.628 0.260 -3.350
0.507 -0.317 -2.542
-0.085 0.817 0.570
0.112 0.104 -2.880
0.058 -0.142 -1.912
-0.014 0.969 0.245
-1.552 0.225 3.087
-1.586 -0.021 2.118
-0.009 0.969 -0.246
2.700 0.357 -2.935
1.976 -0.278 -3.207
-0.594 0.773 -0.223
1.452 0.179 -2.826
0.864 0.161 -2.017
-0.010 1.000 0.014
0.327 0.159 3.448
0.084 -0.010 2.492
-0.042 0.986 -0.164
0.314 0.266 -3.540
0.515 0.131 -2.570
0.027 0.991 0.133
1.797 0.411 -0.667
1.136 -0.242 -1.037
-0.569 0.758 -0.318
-1.165 0.148 3.622
-1.186 -0.286 2.722
-0.010 0.901 -0.434
-0.020 0.363 -2.333
0.101 -0.219 -1.529
0.087 0.813 0.576
1.553 0.397 -0.112
0.953 -0.069 -0.762
-0.316 0.885 -0.343
