22
1.660 0.240 -3.083
2.059 0.029 -2.190
0.086 0.977 0.193
-2.333 0.267 -2.114
-1.409 -0.024 -1.865
0.281 0.957 0.075
3.129 0.141 2.714
2.833 -0.024 1.773
-0.049 0.986 -0.157
-1.569 0.033 -1.041
-0.584 -0.135 -1.053
0.168 0.986 -0.002
1.491 0.228 -3.876
1.484 0.244 -2.876
0.000 1.000 -0.017
0.293 0.092 -3.739
0.780 0.045 -2.867
0.023 0.999 0.041
-0.767 0.277 3.691
-0.560 0.044 2.741
0.050 0.972 -0.229
-0.929 0.243 3.723
-0.600 -0.121 2.851
0.129 0.931 -0.340
0.571 0.057 2.149
0.793 -0.204 1.210
0.060 0.965 -0.255
-2.700 -0.012 -3.264
-1.940 -0.420 -2.758
0.340 0.913 0.226
0.788 0.208 3.246
0.552 -0.168 2.350
-0.096 0.927 -0.364
-1.722 0.246 2.921
-1.204 -0.152 2.164
0.225 0.917 -0.329
2.488 0.111 3.069
1.811 0.042 2.336
-0.047 0.998 -0.051
-2.432 0.131 0.351
-1.589 0.297 -0.161
-0.142 0.986 0.086
-1.589 0.286 1.407
-1.073 -0.020 0.607
0.165 0.952 -0.257
-1.250 0.134 1.341
-0.330 -0.251 1.264
0.383 0.923 -0.032
-0.723 -0.014 -2.754
-0.001 0.094 -2.070
-0.079 0.994 -0.074
-0.449 0.300 3.174
-0.204 0.400 2.210
-0.024 0.995 0.096
-2.989 0.074 -1.881
-2.243 -0.346 -1.365
0.345 0.908 0.239
-3.114 0.224 -2.466
-2.343 0.350 -1.842
-0.098 0.992 -0.079
1.529 0.150 -3.698
0.973 -0.039 -2.889
-0.107 0.982 0.156
-2.993 -0.011 -1.899
-2.410 -0.037 -1.087
0.015 1.000 0.022
