755
-0.414 0.036 1.751
0.495 -0.355 1.891
0.402 0.914 -0.060
-0.163 -0.027 1.464
0.667 -0.503 1.176
0.401 0.871 -0.282
0.235 -0.057 0.574
0.479 -0.471 -0.303
0.068 0.909 -0.410
0.354 -0.144 -0.088
-0.348 -0.547 -0.675
-0.301 0.915 -0.268
0.192 -0.130 -0.199
-0.723 -0.528 -0.138
-0.399 0.917 -0.011
-0.095 -0.095 -0.226
-0.738 -0.201 0.532
-0.076 0.994 0.073
-0.236 -0.041 0.328
-0.753 -0.153 1.176
-0.050 0.994 0.101
-0.290 -0.019 0.470
-0.235 -0.174 1.457
0.025 0.988 0.155
-0.622 -0.154 0.162
-0.311 -0.455 1.064
0.148 0.952 0.266
-0.136 -0.076 0.476
0.745 -0.324 0.878
0.265 0.964 0.014
0.031 -0.064 0.461
0.627 -0.468 -0.232
0.184 0.910 -0.372
-0.320 -0.139 -0.686
0.190 -0.618 -1.401
0.280 0.878 -0.388
-0.856 -0.188 -2.473
-0.098 -0.705 -2.870
0.488 0.854 -0.180
-0.385 -0.221 -1.583
0.460 -0.678 -1.860
0.452 0.888 -0.087
0.015 -0.185 -0.558
0.855 -0.667 -0.310
0.471 0.876 0.107
0.001 -0.090 0.524
0.896 -0.443 0.795
0.357 0.933 0.039
-0.111 -0.006 1.664
0.714 -0.372 2.094
0.402 0.916 0.009
-0.085 0.073 2.118
0.818 -0.331 2.265
0.418 0.905 -0.077
0.693 -0.054 0.957
1.282 -0.527 1.612
0.344 0.880 0.326
1.115 -0.077 0.885
0.631 -0.570 1.608
-0.437 0.852 0.289
