375
-0.506 0.142 0.545
-1.104 -0.310 -0.117
-0.276 0.891 -0.360
-0.291 0.161 0.701
-0.609 -0.168 -0.188
-0.081 0.944 -0.321
-0.512 0.130 0.493
-0.093 -0.283 -0.316
0.185 0.911 -0.369
-0.649 0.489 -0.097
0.182 0.303 -0.622
0.122 0.981 -0.154
-0.542 0.191 -0.786
0.373 -0.175 -0.613
0.367 0.930 0.027
-0.069 0.221 -1.860
0.457 -0.176 -1.108
0.263 0.917 0.300
0.611 0.156 -2.672
1.044 -0.488 -2.041
0.455 0.760 0.464
1.009 0.245 -2.373
0.894 -0.182 -1.476
0.029 0.901 0.432
0.787 0.273 -2.391
0.290 -0.078 -1.597
-0.165 0.936 0.310
0.106 0.208 -1.361
-0.535 -0.011 -0.626
-0.119 0.975 0.186
-0.087 0.165 0.510
-0.967 -0.208 0.802
-0.350 0.927 0.132
-0.105 0.260 0.847
-0.584 0.073 -0.010
-0.065 0.982 -0.179
