10
4.673 0.031 -2.941
3.930 -0.291 -2.355
-0.253 0.947 0.200
-0.927 -0.013 -5.767
-0.923 -0.028 -4.767
0.000 1.000 0.015
-3.346 0.066 0.978
-2.385 -0.066 0.734
0.128 0.991 -0.032
-0.796 0.252 -5.621
-0.608 0.053 -4.659
0.038 0.980 0.195
-3.134 0.115 0.202
-2.177 -0.035 -0.047
0.145 0.989 -0.038
1.505 0.061 -3.622
1.461 0.220 -2.636
0.007 0.987 -0.159
-0.549 0.324 2.396
-0.056 0.102 1.555
0.112 0.975 -0.191
4.008 0.282 -1.445
3.097 0.080 -1.084
-0.188 0.979 0.074
-1.596 0.294 -2.549
-1.256 -0.123 -1.706
0.156 0.909 0.387
4.584 -0.029 -2.765
3.757 -0.433 -2.373
-0.365 0.915 0.173
