34
3.872 0.197 0.301
3.405 -0.244 1.068
-0.229 0.898 0.377
3.874 0.109 0.296
3.350 -0.249 1.069
-0.201 0.934 0.296
-0.723 0.284 -1.076
0.007 0.105 -0.416
0.133 0.984 0.120
2.862 0.236 -0.728
2.224 -0.153 -1.393
-0.269 0.922 -0.280
2.908 0.112 2.477
3.148 0.021 1.510
0.022 0.996 -0.088
-2.740 0.233 -1.642
-2.009 -0.120 -1.058
0.276 0.935 0.221
-2.513 0.367 -3.058
-1.752 0.165 -2.442
0.157 0.979 0.127
2.870 0.151 0.039
2.242 0.122 -0.739
-0.018 1.000 -0.023
-3.017 0.145 -1.776
-2.040 0.331 -1.671
-0.185 0.983 -0.020
-3.269 0.096 -2.138
-2.749 -0.257 -1.360
0.196 0.936 0.293
-3.157 0.282 -0.750
-2.175 0.284 -0.938
-0.002 1.000 0.000
3.202 0.227 1.899
3.313 -0.057 0.946
0.033 0.959 -0.282
-3.544 0.345 -0.505
-2.568 0.334 -0.723
0.011 1.000 -0.002
2.637 0.420 0.690
1.804 0.349 0.141
-0.060 0.997 -0.039
1.846 0.100 2.597
1.641 -0.259 1.686
-0.079 0.934 -0.349
-0.230 0.198 -0.538
0.556 -0.268 -0.131
0.413 0.885 0.214
-0.242 0.065 -0.515
0.480 -0.400 -0.004
0.379 0.885 0.269
1.831 0.150 1.565
1.316 -0.008 0.722
-0.082 0.987 -0.135
2.519 0.267 1.727
2.247 0.501 0.793
0.066 0.972 0.225
-2.099 0.355 -1.412
-1.520 -0.162 -0.781
0.350 0.856 0.381
-2.436 0.309 -0.731
-1.868 -0.297 -0.174
0.432 0.796 0.424
-3.653 0.400 -1.291
-2.779 0.087 -1.664
0.288 0.950 -0.123
-2.043 0.130 -2.068
-1.366 -0.296 -1.467
0.319 0.905 0.283
2.194 0.438 2.366
2.316 -0.150 1.567
0.089 0.808 -0.582
1.267 0.420 -0.618
0.278 0.275 -0.629
-0.145 0.989 -0.002
1.873 0.269 1.481
1.591 -0.032 0.571
-0.089 0.954 -0.287
-3.297 0.416 -1.148
-2.681 -0.173 -0.626
0.450 0.808 0.381
2.821 0.050 0.779
1.865 0.163 0.510
0.110 0.994 0.031
-1.227 0.288 -1.594
-1.195 -0.135 -0.688
0.015 0.906 0.423
1.382 0.197 -0.862
0.390 0.164 -0.746
-0.033 0.999 0.004
3.864 0.434 -0.241
2.909 0.333 0.038
-0.097 0.995 0.028
0.989 0.279 -1.866
0.898 0.066 -0.893
-0.020 0.977 0.213
-1.223 0.429 -1.602
-0.944 -0.065 -0.779
0.159 0.869 0.468
2.805 0.394 2.680
2.383 -0.118 1.932
-0.251 0.859 -0.446
