21
0.516 0.171 1.089
0.416 -0.241 0.183
-0.045 0.911 -0.410
-1.337 0.378 1.365
-0.632 0.152 0.693
0.163 0.974 -0.156
-0.542 0.125 -3.049
-0.809 -0.481 -2.300
-0.204 0.795 0.571
0.508 0.486 1.231
0.559 0.036 0.339
0.026 0.893 -0.449
-1.593 0.226 0.946
-1.516 0.347 -0.044
-0.009 0.993 0.121
-1.223 0.417 -2.862
-0.713 -0.147 -2.212
0.348 0.826 0.443
-0.810 0.280 0.331
-0.035 -0.209 -0.070
0.434 0.872 -0.225
-0.544 0.449 1.109
-0.223 -0.253 0.472
0.316 0.713 -0.626
0.661 0.385 0.856
0.107 -0.210 0.274
-0.410 0.804 -0.431
1.583 0.229 2.458
0.959 0.108 1.687
-0.076 0.993 -0.094
1.139 0.402 -2.294
0.468 -0.207 -1.872
-0.515 0.793 0.325
1.272 0.361 1.945
0.557 0.028 1.330
-0.252 0.943 -0.217
1.370 0.266 0.892
0.625 0.317 0.227
0.038 0.999 0.034
1.590 0.131 2.239
0.939 -0.204 1.558
-0.231 0.942 -0.242
0.894 0.158 -3.365
0.563 -0.152 -2.474
-0.108 0.951 0.291
1.533 0.136 -2.249
0.963 -0.154 -1.481
-0.173 0.957 0.233
0.480 0.367 -2.348
0.205 -0.071 -1.493
-0.134 0.899 0.417
0.556 0.273 0.405
-0.292 0.024 -0.062
-0.219 0.968 -0.120
0.477 0.300 -2.285
0.329 -0.120 -1.390
-0.069 0.908 0.414
1.311 0.217 2.421
1.513 0.222 1.442
-0.001 1.000 0.005
-1.627 0.247 1.352
-0.759 0.047 0.896
0.177 0.980 -0.093
