12
0.062 0.132 -0.008
-0.253 -0.634 -0.568
-0.370 0.642 -0.672
0.149 0.197 0.178
-0.176 -0.437 -0.524
-0.227 0.773 -0.593
0.075 0.349 0.147
0.150 -0.024 -0.778
0.068 0.927 -0.368
-0.002 0.437 0.215
-0.283 0.359 -0.742
-0.045 0.997 -0.068
0.035 0.183 0.020
-0.447 -0.473 -0.561
-0.466 0.753 -0.464
0.206 0.220 -0.241
-0.463 -0.449 0.085
-0.580 0.743 0.334
0.295 0.181 -0.380
0.118 -0.574 0.252
-0.198 0.657 0.728
0.344 0.266 -0.369
0.094 -0.280 0.430
-0.186 0.838 0.514
0.425 0.224 -0.269
0.728 -0.339 0.500
0.256 0.825 0.504
-0.095 0.272 -0.019
0.710 -0.301 -0.170
0.564 0.819 -0.101
0.056 0.321 -0.007
0.381 -0.150 -0.828
0.170 0.883 -0.439
0.101 0.342 0.088
0.275 -0.011 -0.831
0.105 0.935 -0.339
-0.038 0.237 0.092
-0.223 -0.334 -0.707
-0.116 0.820 -0.560
