815
0.732 -0.118 -0.973
0.663 -0.659 -1.811
0.009 0.840 -0.542
0.413 0.010 -0.506
0.754 -0.252 -1.409
0.104 0.965 -0.241
0.987 -0.062 -1.106
0.449 -0.427 -1.865
-0.205 0.931 -0.302
0.928 -0.014 -1.014
0.191 -0.196 -1.665
-0.161 0.983 -0.091
1.283 -0.017 -1.533
0.309 -0.227 -1.449
-0.206 0.977 0.058
1.432 0.208 -1.554
0.517 0.580 -1.402
0.377 0.926 -0.002
1.383 -0.078 -1.645
0.453 -0.403 -1.471
-0.318 0.946 0.066
0.788 -0.093 -0.396
-0.168 -0.345 -0.547
-0.248 0.968 -0.044
0.679 -0.138 -0.610
-0.148 -0.511 -0.189
-0.270 0.920 0.285
0.952 0.064 -0.691
0.113 0.360 -0.234
0.245 0.955 -0.167
0.450 -0.085 0.181
-0.494 -0.307 0.423
-0.211 0.975 0.073
-0.141 0.135 -0.187
-0.911 0.176 0.451
0.004 0.998 -0.059
-0.340 0.105 -0.165
-0.468 -0.007 0.821
0.069 0.990 0.121
-0.147 0.107 -0.325
-0.001 0.231 0.657
-0.006 0.992 -0.125
-0.069 -0.075 -0.369
0.289 -0.386 0.511
0.159 0.949 0.271
-0.479 -0.064 0.122
0.308 -0.411 0.633
0.277 0.937 0.212
-0.615 0.027 0.158
0.364 -0.042 0.351
0.070 0.998 -0.003
-0.390 -0.151 -0.302
0.508 -0.555 -0.130
0.394 0.915 0.087
0.053 -0.173 -0.686
0.975 -0.547 -0.778
0.375 0.927 -0.006
0.317 -0.300 -0.677
1.224 -0.681 -0.499
0.387 0.922 -0.001
