25
-1.466 -0.162 0.664
-0.471 -0.135 0.764
-0.026 1.000 -0.003
-0.847 -0.197 -1.238
-0.111 -0.537 -0.652
0.266 0.940 0.212
-1.719 -0.239 -0.917
-0.901 -0.611 -0.477
0.328 0.928 0.176
-0.694 -0.059 -1.166
0.012 -0.535 -0.642
0.382 0.879 0.284
-1.980 -0.276 -0.309
-1.190 0.054 0.208
-0.276 0.944 -0.181
-0.746 -0.101 -1.921
-0.420 -0.195 -0.981
0.030 0.996 0.088
-1.171 -0.196 0.033
-0.200 0.039 0.071
-0.234 0.972 -0.009
-0.313 -0.134 -1.368
-0.055 -0.472 -0.463
0.093 0.941 0.325
-2.161 -0.104 -0.394
-1.320 -0.547 -0.084
0.417 0.896 0.153
-1.797 -0.237 -0.192
-0.904 -0.677 -0.290
0.437 0.898 -0.048
-2.432 -0.034 0.210
-1.521 0.146 0.580
-0.168 0.984 -0.068
-2.452 -0.112 -0.358
-1.613 -0.599 -0.602
0.468 0.873 -0.136
-1.151 0.061 -2.112
-0.369 -0.389 -1.681
0.394 0.893 0.217
0.473 -0.232 1.190
0.002 -0.467 0.340
-0.114 0.972 -0.205
-1.468 -0.099 -1.529
-0.538 0.069 -1.201
-0.158 0.986 -0.056
-1.724 0.069 -1.485
-1.505 -0.264 -0.568
0.077 0.943 0.325
-1.090 -0.067 -1.278
-0.769 -0.565 -0.472
0.184 0.867 0.463
2.292 -0.013 -0.047
1.537 -0.615 -0.305
-0.570 0.798 -0.194
1.132 -0.286 1.347
0.619 -0.389 0.495
-0.053 0.995 -0.088
1.063 0.037 1.490
0.851 -0.152 0.531
-0.041 0.982 -0.185
-0.367 0.100 1.409
-0.482 -0.463 0.590
-0.078 0.827 -0.557
-1.751 -0.134 0.530
-0.827 0.062 0.203
-0.185 0.981 0.065
-2.542 0.103 -0.172
-1.570 0.339 -0.164
-0.236 0.972 -0.002
1.444 -0.262 2.222
1.405 -0.515 1.255
-0.010 0.967 -0.253
-1.213 -0.255 0.120
-0.390 -0.799 -0.043
0.533 0.839 -0.105
