267
0.167 0.452 0.226
0.727 0.298 1.040
0.083 0.988 0.130
0.136 0.245 0.261
0.285 -0.450 0.965
0.063 0.717 0.695
0.062 0.593 0.314
-0.656 0.614 1.010
-0.016 0.999 -0.048
-0.128 0.079 0.424
-0.758 -0.568 0.854
-0.452 0.755 0.476
-0.287 0.203 0.582
-1.145 -0.271 0.386
-0.470 0.880 -0.072
-0.374 0.518 0.770
-0.561 0.507 -0.212
0.090 0.996 -0.029
-0.382 0.150 0.833
-0.468 -0.589 0.165
0.184 0.647 -0.740
0.205 0.494 0.316
0.903 0.439 1.030
0.029 0.998 0.049
0.229 0.334 0.100
0.028 -0.095 0.981
-0.117 0.903 0.413
