891
3.017 0.303 -0.734
3.165 -0.176 -1.600
0.039 0.877 -0.478
2.727 0.331 -0.771
2.272 -0.176 -1.503
-0.336 0.859 -0.386
2.001 0.295 -0.850
1.152 -0.207 -1.015
-0.499 0.864 -0.066
0.774 0.363 -0.481
-0.204 0.164 -0.541
-0.201 0.980 0.018
-0.411 0.312 -0.691
-1.297 -0.113 -0.505
-0.389 0.898 0.206
-1.500 0.274 -0.639
-1.865 -0.149 0.190
-0.077 0.901 0.427
-1.602 0.288 0.080
-1.023 -0.156 0.764
0.315 0.896 0.313
-1.145 0.324 1.390
-0.254 -0.108 1.249
0.420 0.902 -0.102
-1.727 0.368 1.607
-0.845 -0.089 1.717
0.462 0.887 -0.018
-0.841 0.325 1.338
-0.605 -0.015 0.427
0.043 0.940 -0.340
-1.176 0.319 1.494
-2.009 -0.088 1.118
-0.321 0.907 -0.272
-2.510 0.364 1.900
-2.954 -0.147 1.164
-0.154 0.853 -0.499
-1.942 0.325 1.561
-2.101 -0.140 0.690
-0.001 0.882 -0.471
-1.809 0.311 -0.047
-2.719 -0.076 -0.196
-0.382 0.922 -0.066
-1.600 0.222 -0.389
-2.478 -0.116 -0.729
-0.317 0.941 -0.116
-1.494 0.359 -0.467
-0.881 -0.123 -1.094
0.387 0.874 -0.293
-0.158 0.313 -0.714
0.720 -0.139 -0.870
0.430 0.890 -0.154
1.137 0.281 -0.771
1.570 -0.186 -1.542
0.249 0.884 -0.396
2.144 0.294 -0.854
2.723 -0.086 -1.575
0.241 0.925 -0.293
3.353 0.390 -1.078
3.304 -0.055 -1.972
-0.221 0.878 -0.424
