10
-1.534 0.306 0.350
-1.121 0.150 -0.547
0.065 0.988 -0.142
0.279 0.282 0.815
0.428 0.179 -0.168
0.015 0.995 -0.102
-3.419 0.525 0.849
-2.621 0.290 0.294
0.193 0.972 -0.134
-1.497 0.341 0.167
-0.663 -0.000 -0.267
0.302 0.940 -0.157
1.473 0.553 1.443
0.798 -0.028 0.989
-0.482 0.814 -0.324
1.446 0.591 -0.488
0.495 0.336 -0.666
-0.252 0.967 -0.047
0.277 0.393 0.825
-0.071 -0.174 0.079
-0.240 0.823 -0.515
-1.329 0.349 -0.777
-0.383 0.091 -0.581
0.252 0.966 0.052
1.362 0.493 1.416
0.467 0.466 0.971
-0.023 1.000 -0.012
2.204 0.500 -0.304
1.480 -0.139 -0.043
-0.601 0.770 0.216
