28
-0.529 0.227 -2.197
-0.235 -0.014 -1.272
0.073 0.971 0.229
-0.819 0.459 0.431
0.179 0.512 0.464
-0.053 0.999 -0.002
-0.768 0.313 -1.758
-0.277 0.418 -0.894
-0.052 0.994 -0.091
-1.208 0.274 -0.031
-0.592 -0.377 -0.474
0.529 0.759 -0.380
-0.461 0.242 0.619
0.451 0.310 0.214
-0.062 0.998 0.028
-0.502 0.375 -1.209
0.249 0.488 -0.557
-0.085 0.994 -0.074
0.125 0.285 0.673
0.276 -0.202 -0.187
0.084 0.874 -0.479
-0.574 0.349 0.623
0.112 -0.359 0.459
0.689 0.706 -0.165
-1.312 0.386 -0.700
-0.501 -0.179 -0.545
0.554 0.825 0.106
0.565 0.283 -1.151
0.205 -0.383 -0.498
-0.322 0.745 0.584
0.898 0.172 1.290
1.548 -0.156 0.605
0.226 0.945 -0.238
-0.051 0.552 0.897
-0.005 -0.053 0.102
0.035 0.796 -0.604
-0.263 0.540 -1.694
0.042 -0.095 -0.984
0.250 0.772 0.584
-0.960 0.419 -0.347
-0.174 -0.196 -0.287
0.613 0.789 0.047
-0.091 0.300 -0.255
0.851 -0.031 -0.312
0.331 0.944 -0.020
1.381 0.341 0.154
0.646 -0.244 -0.187
-0.531 0.811 -0.246
-0.114 0.553 0.177
0.025 -0.184 -0.484
0.151 0.675 -0.722
-0.327 0.255 -0.353
0.401 -0.394 -0.573
0.622 0.760 -0.188
-0.255 0.188 -1.375
0.622 0.410 -0.949
-0.199 0.975 -0.097
0.996 0.216 -0.673
0.277 -0.432 -0.923
-0.612 0.762 -0.213
0.509 0.467 0.043
0.036 -0.331 -0.332
-0.625 0.603 -0.496
-0.032 0.280 -0.839
0.096 -0.359 -0.080
0.107 0.769 0.630
0.055 0.290 -1.288
0.117 -0.189 -0.412
0.034 0.878 0.478
0.893 0.177 -0.745
0.113 -0.183 -0.234
-0.302 0.933 0.197
-0.231 0.423 -0.995
0.213 0.503 -0.103
-0.036 0.997 -0.072
0.561 0.221 0.919
0.765 -0.161 0.018
0.085 0.924 -0.373
-0.411 0.442 0.122
0.381 -0.131 0.332
0.554 0.819 0.146
0.900 0.175 0.486
1.271 -0.421 -0.226
0.275 0.803 -0.529
