13
-0.879 0.155 0.194
-1.178 -0.482 -0.516
-0.246 0.771 -0.587
-0.951 0.033 0.301
-1.061 -0.612 -0.455
-0.194 0.760 -0.620
-0.848 0.340 0.250
-1.388 0.038 -0.536
-0.168 0.953 -0.251
-0.732 0.407 0.228
-1.359 0.278 -0.540
-0.067 0.991 -0.112
-0.650 0.262 0.050
-1.436 -0.199 -0.364
-0.393 0.887 -0.241
-0.656 0.190 -0.070
-1.454 -0.401 -0.193
-0.597 0.802 0.017
-0.791 0.232 -0.446
-1.436 -0.350 0.049
-0.375 0.806 0.459
-0.757 0.359 -0.473
-1.237 0.053 0.349
-0.132 0.952 0.277
-0.827 0.291 -0.491
-1.305 -0.176 0.252
-0.202 0.882 0.425
-0.739 0.254 -0.535
-0.712 -0.300 0.297
0.091 0.830 0.550
-0.629 0.258 -0.358
-0.234 -0.267 0.396
0.309 0.849 0.429
-1.027 0.218 -0.068
-0.191 -0.330 -0.081
0.543 0.831 -0.123
-1.122 0.245 -0.084
-0.432 -0.270 -0.593
0.414 0.858 -0.305
-0.974 0.231 0.086
-1.015 -0.346 -0.730
-0.016 0.817 -0.577
