39
0.151 0.304 0.509
-0.525 -0.383 0.242
-0.639 0.727 -0.253
-0.901 0.367 -1.581
-0.289 -0.162 -0.991
0.380 0.849 0.367
-0.515 0.405 -1.328
-0.527 -0.227 -0.553
-0.010 0.775 0.632
-0.127 0.301 -1.630
-0.307 -0.305 -0.855
-0.137 0.796 0.590
-0.832 0.213 0.987
-0.840 -0.314 0.137
-0.005 0.849 -0.528
-0.540 0.189 0.845
-0.459 -0.483 0.108
0.074 0.741 -0.667
-0.291 0.158 1.384
-0.322 -0.332 0.513
-0.018 0.872 -0.490
-0.943 0.175 -1.087
-0.170 -0.273 -0.638
0.387 0.894 0.225
-1.295 0.386 -0.661
-0.572 -0.169 -0.251
0.483 0.832 0.274
-0.078 0.288 1.996
0.050 -0.138 1.101
0.061 0.905 -0.422
0.236 0.293 -0.598
-0.501 -0.338 -0.358
-0.601 0.775 0.195
0.642 0.298 1.080
-0.091 -0.247 0.673
-0.477 0.838 -0.265
-0.779 0.268 -1.208
-0.714 -0.184 -0.318
0.033 0.892 0.450
-0.699 0.186 -1.324
-0.547 -0.475 -0.589
0.134 0.750 0.648
-0.815 0.129 -1.548
-1.378 -0.348 -0.873
-0.306 0.879 0.367
-0.763 0.228 -0.731
-0.239 -0.183 0.015
0.237 0.911 0.337
0.257 0.185 -1.320
-0.183 -0.243 -0.530
-0.208 0.904 0.374
-0.034 0.026 1.165
-0.226 -0.401 0.282
-0.091 0.904 -0.418
0.275 0.137 -0.835
0.458 -0.440 -0.038
0.129 0.817 0.562
-0.400 0.081 1.148
-0.169 -0.507 0.373
0.167 0.809 -0.563
-0.279 0.289 1.371
0.306 -0.377 0.910
0.524 0.745 -0.413
0.955 0.350 0.211
0.132 -0.197 0.060
-0.539 0.837 -0.099
0.026 0.228 1.220
0.108 -0.262 0.352
0.046 0.872 -0.488
-0.852 0.289 -0.187
-0.124 -0.009 0.430
0.227 0.955 0.193
0.201 0.250 -0.582
-0.536 -0.318 -0.217
-0.509 0.823 0.252
1.083 0.344 0.487
0.347 -0.283 0.232
-0.592 0.779 -0.206
-0.916 0.034 -1.573
-0.215 -0.389 -0.999
0.327 0.906 0.268
0.391 0.379 0.400
-0.463 -0.135 0.323
-0.512 0.858 -0.047
-0.843 0.351 -0.161
-0.009 -0.195 -0.087
0.544 0.837 0.048
-1.165 0.108 -0.086
-0.287 -0.371 -0.076
0.478 0.878 0.006
0.773 0.199 -1.289
0.773 0.003 -0.308
0.000 0.981 0.195
0.763 0.109 1.657
0.104 -0.257 1.000
-0.259 0.931 -0.259
0.146 0.057 -1.270
-0.252 -0.426 -0.490
-0.220 0.876 0.430
-0.534 0.094 -0.996
-0.446 -0.458 -0.167
0.058 0.834 0.549
0.459 0.329 1.458
0.066 0.087 0.571
-0.098 0.970 -0.222
0.603 0.147 0.661
-0.055 -0.362 0.106
-0.389 0.861 -0.328
-0.960 0.152 -0.465
-0.203 -0.492 -0.575
0.637 0.765 -0.092
0.645 0.106 0.315
0.082 -0.492 -0.255
-0.421 0.801 -0.426
-0.562 0.276 -1.386
0.306 -0.214 -1.464
0.489 0.871 -0.044
