1299
0.360 -0.060 -0.204
0.876 -0.768 0.279
0.464 0.705 0.537
1.201 -0.283 -0.210
1.328 -1.075 0.387
0.272 0.607 0.747
0.980 0.096 0.090
1.299 -0.215 0.985
0.091 0.950 0.298
0.513 0.110 0.445
1.201 -0.246 1.078
0.312 0.932 0.185
1.240 -0.047 0.379
1.220 -0.651 1.176
-0.045 0.797 0.602
1.227 -0.091 0.792
0.525 -0.666 1.211
-0.515 0.817 0.258
1.102 -0.111 0.120
0.948 -0.983 0.584
-0.427 0.483 0.765
1.239 -0.180 0.202
1.072 -0.977 0.783
-0.255 0.604 0.755
0.789 -0.004 0.315
0.232 -0.634 0.856
-0.398 0.774 0.492
0.337 0.200 0.405
0.626 0.008 1.343
0.066 0.981 0.180
1.223 0.218 0.462
1.122 0.180 1.456
-0.043 0.998 0.034
1.145 0.208 0.496
1.375 0.079 1.461
0.046 0.992 0.122
0.837 0.267 0.587
1.826 0.400 0.644
-0.126 0.985 -0.117
1.313 0.181 0.437
1.805 -0.645 0.712
0.870 0.464 -0.164
0.989 0.204 0.211
1.549 0.120 1.035
0.154 0.988 -0.004
0.630 0.180 0.301
0.437 -0.118 1.236
-0.031 0.954 0.298
0.488 0.132 0.180
0.153 -0.108 1.091
-0.117 0.970 0.213
0.418 0.121 0.179
-0.377 -0.459 0.360
-0.546 0.812 0.206
0.662 0.187 0.098
-0.327 0.047 0.058
-0.138 0.990 -0.028
0.589 0.141 0.073
-0.142 -0.309 -0.439
-0.363 0.893 -0.267
