12
1.880 0.768 -3.381
1.345 0.377 -2.633
-0.228 0.920 0.318
3.874 0.854 1.825
3.512 0.219 1.143
-0.298 0.772 -0.561
-0.386 0.910 0.776
-0.107 0.218 0.111
0.268 0.722 -0.638
1.461 0.789 3.260
1.778 0.073 2.638
0.325 0.698 -0.638
1.694 0.950 -3.524
1.051 0.550 -2.870
-0.280 0.917 0.285
1.429 0.900 3.272
2.010 0.273 2.754
0.468 0.779 -0.417
-4.488 0.700 0.968
-3.793 0.556 0.263
0.101 0.990 -0.102
1.366 0.656 -3.404
0.575 0.215 -2.981
-0.389 0.897 0.208
-1.801 0.799 -0.356
-1.821 -0.130 -0.724
-0.050 0.369 -0.928
1.131 0.802 2.989
0.722 0.510 2.124
-0.125 0.956 -0.264
3.849 0.715 1.759
3.068 0.827 1.145
0.088 0.994 0.069
2.312 0.690 -0.580
1.664 0.201 0.005
-0.363 0.872 0.327
