12
1.646 0.685 3.047
1.959 0.225 2.216
0.168 0.888 -0.428
0.467 0.627 1.907
1.116 0.225 1.262
0.283 0.916 -0.285
0.249 0.562 0.004
1.103 0.046 0.067
0.517 0.856 -0.004
1.010 0.607 0.809
1.289 0.160 -0.041
0.149 0.895 -0.421
0.070 0.544 -0.222
0.234 0.082 -1.094
0.158 0.884 -0.439
0.002 0.521 -0.149
0.049 0.013 -1.009
0.023 0.862 -0.507
0.209 0.592 -1.007
-0.606 0.136 -1.365
-0.421 0.890 -0.177
-0.758 0.501 0.001
-1.381 0.038 -0.630
-0.401 0.881 -0.251
-0.239 0.561 -1.791
-1.040 0.041 -1.495
-0.457 0.851 0.259
0.137 0.559 -0.673
0.160 0.111 0.221
-0.010 0.894 0.449
0.216 0.590 0.779
1.031 0.103 1.095
0.469 0.873 0.135
1.520 0.559 2.524
1.450 0.027 1.680
-0.130 0.844 -0.521
2.720 0.627 1.974
1.902 0.178 1.614
-0.369 0.889 -0.270
