21
0.178 0.118 0.189
-0.757 0.043 -0.157
-0.049 0.995 -0.083
0.368 0.077 0.129
-0.622 -0.044 0.062
-0.120 0.992 -0.034
0.723 -0.081 0.399
-0.129 -0.507 0.094
-0.399 0.905 -0.151
0.910 -0.012 0.324
0.391 -0.233 -0.502
-0.111 0.975 -0.192
0.397 0.059 -0.262
-0.519 -0.204 0.040
-0.215 0.959 0.183
0.138 0.071 -0.637
-0.270 -0.215 0.230
-0.073 0.957 0.282
0.477 -0.049 -0.574
0.479 -0.509 0.314
-0.013 0.888 0.460
0.781 -0.181 -0.520
1.051 -0.625 0.334
0.258 0.888 0.380
0.857 -0.137 -0.498
1.076 -0.491 0.411
0.119 0.934 0.336
0.971 -0.122 0.130
0.890 -0.555 1.028
0.052 0.898 0.437
0.537 0.037 -0.241
1.275 -0.283 0.353
0.272 0.947 0.170
0.188 -0.033 0.102
1.014 -0.571 0.266
0.544 0.839 0.014
0.564 0.019 0.529
1.325 -0.536 0.192
0.490 0.831 -0.263
1.375 0.033 0.363
2.062 -0.418 -0.207
0.361 0.892 -0.272
1.176 0.140 0.427
1.461 -0.044 -0.514
0.071 0.983 -0.171
0.365 0.077 0.421
0.810 -0.316 -0.383
0.225 0.919 -0.325
0.508 0.065 0.463
1.045 -0.328 -0.284
0.183 0.918 -0.351
2.101 0.066 0.165
2.027 -0.344 -0.744
-0.024 0.912 -0.409
1.470 -0.022 0.225
0.769 -0.183 -0.470
-0.154 0.985 -0.073
0.572 0.087 0.182
-0.426 0.043 0.147
-0.046 0.998 0.048
-0.253 0.159 0.857
-1.249 0.237 0.884
0.080 0.993 0.092
-0.127 0.031 0.640
-1.064 -0.254 0.840
-0.244 0.948 0.206
