10
1.550 0.689 -0.079
0.818 0.179 -0.532
-0.433 0.861 -0.268
-0.226 0.750 -0.128
0.281 0.035 -0.611
0.517 0.700 -0.493
-0.221 0.695 -0.040
0.404 0.026 -0.442
0.562 0.743 -0.363
0.695 0.429 0.473
0.289 0.035 -0.353
-0.173 0.919 -0.353
0.675 0.651 0.130
1.044 0.227 -0.697
0.173 0.905 -0.388
1.533 0.691 -0.381
1.221 0.480 -1.307
-0.068 0.977 -0.201
0.672 0.639 0.069
0.350 -0.112 -0.507
-0.366 0.660 -0.656
0.870 0.413 0.554
0.357 -0.067 -0.158
-0.280 0.878 -0.389
1.541 0.599 -0.244
1.376 -0.069 -0.970
-0.148 0.744 -0.651
-0.209 0.548 0.162
-0.198 0.561 -0.838
-0.000 1.000 0.013
