29
1.412 -0.272 0.611
0.567 -0.481 0.119
-0.181 0.978 -0.105
-1.080 -0.231 0.780
-1.437 -0.373 -0.143
-0.051 0.990 -0.132
-3.044 -0.069 -0.367
-2.217 -0.575 -0.124
0.485 0.863 0.142
0.144 -0.290 1.818
-0.178 -0.443 0.884
-0.050 0.988 -0.145
-0.951 -0.346 -0.607
-1.850 -0.737 -0.413
-0.383 0.920 0.083
1.221 -0.209 0.921
0.228 -0.099 0.877
0.109 0.994 0.005
-2.773 -0.185 -0.510
-1.917 -0.695 -0.587
0.508 0.860 -0.046
0.319 -0.212 0.494
-0.344 -0.207 -0.254
0.003 1.000 0.003
-1.973 -0.174 -1.924
-2.263 -0.500 -1.024
-0.100 0.946 0.310
-2.670 -0.124 -0.757
-1.721 -0.386 -0.928
0.258 0.965 -0.047
-2.888 -0.068 -0.900
-1.941 -0.310 -1.113
0.236 0.970 -0.053
0.135 -0.085 1.662
-0.744 -0.205 1.201
-0.106 0.993 -0.056
1.564 -0.049 0.432
0.758 -0.632 0.336
-0.579 0.812 -0.069
-2.200 -0.379 -1.085
-1.795 -0.883 -0.322
0.236 0.864 0.445
0.695 -0.148 0.757
0.071 -0.374 0.009
-0.145 0.974 -0.174
-1.077 -0.322 -1.351
-1.389 -0.603 -0.443
-0.091 0.960 0.266
-2.662 -0.324 -0.678
-1.810 -0.844 -0.735
0.519 0.854 -0.034
1.396 -0.207 0.600
0.675 -0.810 0.258
-0.545 0.798 -0.258
-2.855 -0.177 -0.385
-1.859 -0.210 -0.460
0.033 0.999 -0.003
-1.466 -0.256 -1.243
-1.333 -0.705 -0.359
0.067 0.893 0.444
-1.559 -0.236 -1.302
-1.322 -0.656 -0.426
0.110 0.907 0.406
-0.258 -0.150 0.254
-1.177 0.063 -0.078
0.199 0.977 0.072
-2.335 -0.081 -0.210
-1.389 -0.343 -0.405
0.256 0.965 -0.053
-1.093 -0.129 -1.328
-2.021 -0.340 -1.020
-0.200 0.977 0.067
-0.743 -0.120 -0.904
-1.691 -0.430 -0.834
-0.309 0.951 0.023
-1.100 -0.186 -1.319
-1.859 -0.168 -0.668
0.014 1.000 -0.012
-0.988 -0.335 0.642
-1.328 -0.244 -0.294
0.031 0.996 0.086
1.098 -0.357 1.337
0.686 -0.187 0.442
0.071 0.985 0.154
-0.695 -0.057 1.162
-0.683 -0.366 0.211
0.004 0.951 -0.308
