9
1.842 0.092 0.992
0.940 -0.331 1.076
-0.421 0.906 0.039
0.142 0.052 -2.901
0.247 -0.370 -2.001
0.049 0.906 0.420
-2.584 0.310 -0.607
-1.781 -0.191 -0.284
0.465 0.865 0.187
-2.800 0.048 -0.967
-2.075 -0.490 -0.537
0.463 0.843 0.274
-2.915 -0.026 3.405
-2.319 -0.517 2.770
0.336 0.871 -0.358
2.044 0.349 4.244
1.804 -0.052 3.360
-0.105 0.916 -0.387
-4.432 0.044 0.206
-3.503 -0.221 0.462
0.256 0.964 0.071
-0.963 0.152 6.072
-1.286 -0.197 5.192
-0.120 0.937 -0.327
2.523 0.127 5.070
2.414 -0.415 4.237
-0.070 0.840 -0.538
