273
0.714 0.385 0.376
0.274 0.022 -0.445
-0.204 0.931 -0.302
0.830 0.307 0.331
0.527 -0.251 -0.441
-0.256 0.829 -0.498
1.099 0.329 0.367
0.236 -0.170 0.286
-0.502 0.865 0.020
1.269 0.320 -0.107
0.545 -0.233 0.307
-0.443 0.831 0.337
1.402 0.443 -0.312
0.882 0.234 0.516
-0.104 0.978 0.181
1.408 0.186 -0.353
1.158 -0.407 0.412
-0.115 0.803 0.585
0.873 0.212 -0.089
1.384 -0.422 0.491
0.495 0.769 0.405
0.581 0.249 0.052
1.009 -0.358 -0.617
0.284 0.793 -0.538
0.913 0.376 0.126
0.292 -0.025 -0.547
-0.263 0.916 -0.304
