11
-0.176 0.279 0.024
0.295 -0.435 -0.494
0.480 0.700 -0.528
-0.832 0.544 -0.828
-0.176 -0.210 -0.830
0.754 0.656 -0.002
0.673 0.226 0.097
0.162 -0.414 -0.477
-0.425 0.769 -0.478
-0.942 0.512 0.098
-0.506 -0.119 -0.544
0.354 0.776 -0.521
0.952 0.396 0.086
0.450 -0.211 -0.530
-0.384 0.795 -0.470
-0.667 0.268 -0.844
0.064 -0.350 -0.556
0.575 0.786 0.226
0.782 0.269 -0.819
0.017 -0.356 -0.663
-0.613 0.780 0.126
-0.693 0.443 0.074
-0.108 0.000 -0.605
0.289 0.897 -0.336
0.799 0.586 -1.732
0.046 -0.004 -1.437
-0.549 0.808 0.215
-0.497 0.231 -0.775
0.192 -0.342 -1.219
0.481 0.820 -0.310
0.560 0.359 -1.009
-0.069 -0.319 -0.627
-0.579 0.736 0.352
