13
1.473 0.490 0.811
0.517 0.376 1.080
-0.109 0.994 0.031
1.730 0.477 0.537
0.920 0.182 1.043
-0.250 0.956 0.156
-1.270 0.461 2.867
-1.920 0.010 2.256
-0.328 0.893 -0.309
1.471 0.504 0.814
0.623 -0.011 0.938
-0.510 0.857 0.075
-0.979 0.412 3.144
-1.459 0.092 2.327
-0.162 0.947 -0.277
0.539 0.215 -0.628
-0.336 -0.155 -0.314
-0.348 0.929 0.125
-2.279 0.468 0.493
-1.580 0.175 1.145
0.214 0.956 0.200
1.205 0.466 -3.413
0.380 0.399 -2.853
-0.055 0.998 0.037
1.046 0.491 0.473
0.192 0.012 0.268
-0.466 0.878 -0.112
1.352 0.345 0.764
0.595 -0.225 0.445
-0.526 0.821 -0.222
-2.001 0.516 0.771
-1.199 -0.032 0.536
0.526 0.836 -0.154
-2.287 0.246 0.486
-1.401 -0.133 0.755
0.363 0.925 0.110
-1.329 0.235 -0.912
-0.467 -0.273 -0.913
0.508 0.861 -0.001
