21
-0.356 0.380 -1.482
-0.465 -0.222 -0.691
-0.082 0.798 0.597
0.184 0.238 -0.992
-0.071 0.015 -0.051
-0.058 0.975 0.215
-0.139 0.206 -0.780
-0.107 -0.326 0.066
0.020 0.847 0.531
-0.182 0.161 -1.539
-0.422 -0.084 -0.599
-0.061 0.970 0.237
-0.390 0.392 -1.592
-0.347 -0.051 -0.697
0.021 0.896 0.443
0.116 0.225 -0.306
-0.687 -0.370 -0.318
-0.596 0.803 -0.009
0.643 0.409 0.188
-0.007 -0.299 -0.089
-0.651 0.706 -0.278
0.818 0.205 0.131
0.007 -0.372 0.034
-0.572 0.817 -0.068
0.652 0.457 0.850
0.095 0.069 0.116
-0.235 0.921 -0.309
0.610 0.520 1.281
0.070 0.258 0.481
-0.147 0.965 -0.217
-1.531 0.265 -1.001
-0.958 -0.126 -0.281
0.243 0.920 0.306
-0.877 0.271 0.745
-0.607 -0.130 -0.130
0.119 0.916 -0.383
-0.200 0.376 -0.977
-0.271 0.148 -0.006
-0.017 0.974 0.228
0.634 0.444 -1.138
-0.146 -0.168 -1.009
-0.604 0.791 0.100
0.707 0.423 -0.497
0.033 -0.313 -0.440
-0.734 0.677 0.063
-1.516 0.263 -0.954
-1.192 -0.403 -0.282
0.289 0.746 0.599
-0.205 0.129 0.779
-0.598 -0.431 0.050
-0.266 0.828 -0.493
1.031 0.152 0.497
0.728 0.001 -0.444
-0.046 0.989 -0.143
0.827 0.516 -0.536
-0.085 0.106 -0.509
-0.410 0.912 0.012
1.464 0.398 1.251
0.666 -0.185 1.405
-0.572 0.813 0.110
1.089 0.279 -1.090
0.588 -0.374 -0.522
-0.431 0.758 0.490
