21
-0.136 0.293 -0.585
-0.196 -0.000 0.369
0.007 0.956 0.294
-0.087 0.326 -0.720
-0.215 0.269 0.270
0.010 0.998 0.059
0.105 0.279 -0.471
-0.317 0.006 0.394
-0.083 0.961 0.263
-0.109 0.234 -0.082
-1.026 -0.067 0.181
-0.283 0.953 0.104
0.077 0.142 0.143
-0.594 -0.214 -0.508
-0.242 0.934 -0.262
-0.033 0.114 0.257
0.052 -0.291 -0.653
0.026 0.914 -0.405
-0.272 0.133 -0.376
0.245 -0.306 -1.111
0.285 0.898 -0.336
-0.022 0.091 -0.187
0.725 -0.455 -0.567
0.547 0.829 -0.116
-0.166 0.103 -0.587
0.619 -0.492 -0.414
0.543 0.795 0.271
-0.088 0.208 -0.585
0.711 -0.207 -0.149
0.300 0.902 0.309
-0.102 0.232 -0.586
0.425 -0.189 0.152
0.225 0.907 0.357
0.131 -0.050 0.047
-0.143 -0.680 0.773
-0.145 0.774 0.617
0.360 0.306 0.112
-0.196 0.287 0.943
0.023 0.999 0.039
0.230 0.370 -0.098
-0.680 0.426 0.313
0.065 0.998 0.010
0.198 0.526 0.049
-0.708 0.434 0.463
-0.048 0.992 0.116
0.132 0.209 0.591
-0.839 -0.025 0.632
-0.232 0.971 0.051
0.303 0.159 0.920
-0.183 -0.119 1.749
-0.103 0.960 0.261
0.084 0.179 0.529
-0.848 -0.172 0.612
-0.349 0.936 0.039
-0.055 0.153 -0.108
-0.977 -0.222 -0.014
-0.364 0.925 0.111
-0.092 0.154 -0.417
-0.991 -0.197 -0.680
-0.351 0.935 -0.049
-0.342 0.159 -0.821
-0.760 -0.216 -1.648
-0.112 0.925 -0.363
-0.169 0.196 -0.350
0.381 -0.036 -1.152
0.162 0.972 -0.170
