1496
-0.522 0.023 0.568
-1.043 -0.169 1.400
-0.084 0.981 0.174
-0.307 -0.072 0.011
-0.470 -0.512 0.894
-0.103 0.898 0.429
-1.136 -0.029 -0.173
-1.540 -0.378 0.673
-0.190 0.936 0.295
-1.312 -0.122 0.339
-2.152 -0.584 0.624
-0.446 0.886 0.127
-1.527 0.023 -0.397
-2.394 -0.293 -0.012
-0.272 0.948 0.166
-1.787 0.159 0.590
-2.767 0.032 0.435
-0.133 0.991 0.029
-1.214 -0.090 -0.027
-2.053 -0.602 -0.209
-0.490 0.858 -0.155
-1.064 -0.078 -0.807
-1.744 -0.519 -1.393
-0.354 0.897 -0.264
-2.087 -0.091 -0.729
-2.323 -0.598 -1.558
-0.106 0.861 -0.497
-1.288 0.265 -1.263
-2.055 0.279 -1.904
0.003 1.000 0.019
-1.971 -0.064 -0.758
-2.166 -0.535 -1.619
-0.075 0.882 -0.465
-0.940 -0.048 -0.871
-0.792 -0.475 -1.763
0.099 0.904 -0.416
-1.210 0.030 -0.855
-1.012 -0.300 -1.778
0.088 0.944 -0.318
-1.849 -0.081 -1.805
-1.043 -0.503 -2.220
0.366 0.906 -0.212
-1.852 -0.132 -1.125
-1.032 -0.657 -1.352
0.508 0.851 -0.135
-0.368 -0.078 -0.358
0.048 -0.480 -1.174
0.147 0.915 -0.376
-0.538 0.101 -0.340
0.058 -0.104 -1.115
0.120 0.979 -0.167
-0.505 -0.037 -0.616
0.392 -0.426 -0.822
0.389 0.920 -0.043
0.261 -0.098 -0.074
0.990 -0.559 -0.581
0.362 0.887 -0.286
0.223 -0.092 -0.166
0.994 -0.621 -0.520
0.488 0.848 -0.204
