10
2.022 0.840 0.248
1.467 0.535 -0.526
-0.178 0.952 -0.248
-0.739 0.645 1.433
-0.069 0.094 0.935
0.442 0.835 -0.329
2.086 0.728 0.586
1.598 0.513 -0.260
-0.107 0.977 -0.185
-1.322 0.895 1.541
-0.515 0.495 1.106
0.352 0.917 -0.190
-1.993 0.626 -1.100
-1.205 0.100 -0.780
0.488 0.850 0.198
-0.540 0.708 1.396
-0.272 0.151 0.610
0.180 0.831 -0.527
-1.549 0.810 -1.724
-0.788 0.222 -1.451
0.554 0.809 0.199
0.547 0.784 1.194
0.301 0.259 0.379
-0.152 0.851 -0.503
2.133 0.877 1.091
1.396 0.805 0.419
-0.054 0.997 -0.049
-1.237 0.961 0.516
-0.449 0.937 -0.099
0.018 1.000 -0.014
