11
-0.203 0.999 1.462
-0.722 0.529 0.749
-0.277 0.882 -0.380
-0.560 1.020 -1.354
-0.616 0.607 -0.445
-0.025 0.911 0.411
0.642 0.760 -2.529
0.269 0.501 -1.638
-0.100 0.966 0.239
-0.185 0.782 1.501
-0.483 0.105 0.827
-0.273 0.736 -0.619
-2.166 0.815 -1.319
-1.689 0.566 -0.477
0.123 0.968 0.217
1.525 0.785 -1.280
0.753 0.468 -0.729
-0.258 0.948 0.184
1.116 1.095 -2.744
0.764 0.589 -1.956
-0.206 0.863 0.462
1.835 0.937 0.228
1.000 0.818 0.766
-0.100 0.993 0.065
1.726 0.814 -1.372
1.118 0.377 -0.709
-0.296 0.899 0.322
-2.168 0.734 -1.324
-1.764 0.447 -0.456
0.121 0.958 0.260
0.744 0.945 -2.137
1.083 0.281 -1.471
0.302 0.747 0.592
