16
0.354 0.342 -0.117
0.151 -0.103 0.755
-0.140 0.895 0.424
0.131 0.456 -0.211
-0.490 0.289 0.555
-0.134 0.985 0.106
0.407 0.407 0.191
-0.455 0.113 0.605
-0.290 0.954 0.074
-0.364 0.391 0.665
-1.260 0.022 0.417
-0.344 0.929 -0.139
-0.489 0.409 0.727
-0.832 -0.009 -0.115
-0.104 0.907 -0.407
0.006 0.384 0.315
-0.380 -0.104 -0.469
-0.122 0.869 -0.480
-0.344 0.348 0.137
0.050 -0.169 -0.623
0.271 0.855 -0.442
-0.531 0.430 -0.052
0.407 0.220 -0.330
0.200 0.978 -0.064
-0.696 0.384 0.005
0.212 -0.006 -0.152
0.380 0.921 -0.089
0.136 0.417 -0.036
0.654 0.096 0.758
0.066 0.939 0.336
0.275 0.372 -0.085
-0.188 -0.031 0.705
-0.256 0.914 0.316
0.434 0.400 -0.081
-0.179 0.028 0.615
-0.364 0.916 0.169
0.238 0.349 0.729
-0.565 -0.075 0.311
-0.392 0.905 -0.166
0.437 0.330 -0.373
-0.317 -0.244 -0.692
-0.511 0.818 -0.264
0.350 0.324 -0.214
-0.303 -0.255 -0.701
-0.393 0.809 -0.437
0.003 0.304 -0.032
0.235 -0.274 -0.815
0.177 0.816 -0.550
-0.619 0.369 -0.221
0.297 -0.032 -0.219
0.400 0.913 -0.079
