14
0.251 0.745 -1.395
-0.131 0.320 -0.575
-0.180 0.905 0.385
1.157 0.606 -1.037
0.360 0.706 -0.440
0.080 0.995 -0.060
-0.909 0.688 -2.516
-1.063 0.344 -1.590
-0.056 0.939 0.339
-0.038 0.497 -0.630
-0.644 0.109 0.063
-0.255 0.922 0.292
-0.920 0.447 -2.487
-0.678 0.147 -1.564
0.076 0.954 0.290
0.800 0.782 -1.542
-0.069 0.692 -1.055
-0.079 0.996 0.044
-1.055 0.535 -2.124
-1.156 0.074 -1.242
-0.052 0.887 0.458
-1.093 0.742 -1.841
-0.772 0.044 -1.202
0.313 0.716 0.624
0.879 0.579 -0.302
-0.080 0.299 -0.342
-0.279 0.960 -0.012
0.078 0.732 -1.802
-0.657 0.114 -1.523
-0.578 0.786 0.219
0.024 0.599 1.283
-0.583 -0.017 0.781
-0.475 0.788 -0.393
-0.480 0.409 1.102
-0.602 -0.061 0.228
-0.065 0.882 -0.466
-1.013 0.741 -0.806
-0.578 -0.074 -0.424
0.613 0.578 0.538
-0.233 0.418 0.156
-0.428 -0.079 -0.689
-0.112 0.867 -0.485
