37
-1.267 0.041 1.387
-1.568 -0.318 0.503
-0.115 0.933 -0.340
0.375 0.249 0.025
-0.550 0.055 0.351
-0.183 0.981 0.065
0.981 0.156 0.360
-0.011 0.035 0.312
-0.120 0.993 -0.006
1.314 0.178 1.063
0.632 -0.348 0.555
-0.422 0.851 -0.314
1.269 0.300 -0.895
0.513 -0.127 -0.400
-0.357 0.904 0.234
0.970 0.059 1.476
0.508 -0.309 0.669
-0.183 0.930 -0.320
0.677 0.030 -1.110
0.177 -0.338 -0.325
-0.198 0.930 0.310
0.431 0.157 -1.778
0.092 -0.291 -0.951
-0.170 0.894 0.415
0.250 0.256 1.148
-0.290 -0.344 0.558
-0.405 0.800 -0.443
0.581 0.184 0.756
-0.215 -0.415 0.672
-0.596 0.800 -0.063
0.893 0.366 -2.239
0.523 -0.119 -1.446
-0.205 0.875 0.439
0.235 0.368 1.149
-0.447 -0.304 0.859
-0.618 0.740 -0.263
-0.254 0.020 -1.181
0.113 -0.449 -0.377
0.195 0.883 0.427
0.455 0.127 -1.545
0.331 -0.410 -0.710
-0.079 0.844 0.531
0.423 0.356 1.510
-0.488 -0.054 1.465
-0.409 0.912 -0.020
0.199 0.151 1.089
0.318 -0.387 0.255
0.076 0.843 -0.533
0.055 0.341 -1.800
0.059 -0.080 -0.893
0.002 0.907 0.421
1.244 0.107 -1.139
0.739 -0.447 -0.476
-0.336 0.833 0.440
0.297 0.385 -1.831
-0.070 -0.179 -1.091
-0.251 0.826 0.505
0.548 0.019 1.874
-0.222 -0.411 1.404
-0.367 0.903 -0.224
-0.410 0.189 1.554
0.022 -0.416 0.886
0.328 0.796 -0.509
0.203 0.016 1.142
-0.332 -0.492 0.467
-0.316 0.861 -0.398
0.084 0.306 -1.518
-0.232 -0.113 -0.667
-0.146 0.908 0.392
-0.499 0.162 1.673
-0.849 -0.384 0.911
-0.228 0.838 -0.496
0.054 0.054 1.904
-0.274 -0.366 1.058
-0.152 0.907 -0.392
0.412 0.393 -1.466
-0.060 0.561 -0.600
0.080 0.986 -0.147
0.802 0.233 -2.233
0.294 0.404 -1.389
0.088 0.985 -0.146
0.446 0.097 0.392
-0.033 -0.524 -0.229
-0.379 0.784 -0.491
0.575 0.296 1.141
0.621 -0.233 0.294
0.028 0.849 -0.528
-0.896 0.307 1.367
-0.815 -0.353 0.620
0.072 0.751 -0.656
0.099 0.133 -1.383
-0.021 -0.198 -0.447
-0.042 0.944 0.328
-0.664 0.356 -1.533
-0.274 -0.079 -0.722
0.189 0.900 0.393
0.165 0.313 -1.451
-0.432 0.001 -0.712
-0.196 0.950 0.243
0.701 0.121 -0.367
-0.277 -0.083 -0.336
-0.204 0.979 0.006
0.575 0.303 1.131
0.668 -0.193 0.268
0.053 0.868 -0.493
0.202 0.112 1.130
0.197 -0.245 0.196
-0.002 0.934 -0.358
-1.278 0.163 1.253
-1.475 0.387 0.298
0.045 0.974 0.220
