37
0.358 0.050 -0.170
0.080 -0.275 0.733
-0.118 0.945 0.304
0.142 0.051 -0.081
0.776 -0.466 0.495
0.356 0.855 0.377
0.171 -0.113 -0.281
0.757 -0.922 -0.342
0.810 0.587 0.002
0.018 0.013 -0.574
0.616 -0.487 -1.201
0.430 0.860 -0.275
-0.090 0.103 -0.663
0.424 -0.183 -1.471
0.153 0.958 -0.242
0.348 0.143 -0.688
-0.308 0.172 -1.443
-0.002 0.999 0.040
0.385 0.119 -0.579
-0.519 -0.035 -0.181
-0.139 0.988 0.067
0.197 0.132 -0.172
0.267 0.088 0.824
-0.036 0.998 0.047
0.767 -0.068 -0.570
0.801 -0.907 -0.028
-0.007 0.542 0.840
0.461 0.035 -0.636
-0.024 -0.453 0.090
-0.259 0.873 0.414
0.637 -0.252 -0.200
0.171 -1.052 -0.579
-0.631 0.601 -0.490
0.522 -0.004 -0.648
-0.145 -0.600 -1.095
-0.543 0.800 -0.257
0.177 -0.071 -0.771
-0.054 -0.756 -1.461
-0.184 0.728 -0.660
0.025 0.100 -0.675
0.496 -0.185 -1.509
0.180 0.957 -0.225
0.795 0.027 -0.310
0.906 -0.472 -1.170
0.186 0.860 -0.475
-0.091 -0.078 -1.064
0.583 -0.720 -1.431
0.633 0.757 -0.162
0.118 0.141 -0.766
0.614 -0.171 -1.576
0.179 0.950 -0.256
-0.311 -0.042 -1.379
0.471 -0.534 -1.762
0.538 0.843 0.015
-0.238 0.186 -1.238
0.658 0.271 -1.674
-0.058 0.996 0.074
0.410 0.279 -1.040
-0.019 0.220 -1.941
-0.063 0.997 -0.035
0.431 0.198 -1.218
0.025 -0.321 -1.970
-0.018 0.828 -0.561
0.315 0.249 -1.261
-0.561 0.467 -1.692
0.174 0.975 0.139
0.267 0.217 -1.104
-0.706 0.043 -0.952
-0.175 0.985 0.013
0.273 -0.006 -1.059
-0.020 -0.956 -0.949
-0.917 0.312 0.248
0.332 0.100 -0.711
-0.353 -0.313 -0.110
-0.347 0.909 0.229
-0.039 0.061 -0.101
-0.487 -0.627 0.470
-0.399 0.725 0.561
0.309 -0.041 0.338
0.023 -0.814 0.904
-0.570 0.612 0.549
-0.263 -0.108 0.526
-0.842 -0.924 0.537
-0.816 0.578 -0.011
-0.904 -0.195 0.685
-1.169 -1.118 0.405
-0.902 0.340 -0.265
-1.007 -0.127 0.819
-0.880 -1.059 1.158
-0.232 0.305 0.923
-1.192 0.078 0.695
-0.367 0.115 1.259
-0.024 0.999 -0.030
-1.116 -0.048 0.751
-0.625 -0.904 0.911
0.624 0.474 0.622
-0.808 0.103 0.643
0.104 -0.293 0.531
0.390 0.918 -0.069
-0.888 0.021 0.593
-0.623 -0.675 -0.074
0.451 0.701 -0.553
-1.002 0.196 0.727
-1.231 0.007 -0.228
0.006 0.981 -0.195
-0.957 0.134 0.580
-0.783 -0.431 -0.227
0.186 0.823 -0.536
-0.816 0.025 0.662
-0.192 -0.707 0.938
0.680 0.682 0.271
-0.920 0.166 1.034
0.070 0.025 1.011
0.142 0.989 0.050
