23
3.350 0.481 0.725
2.397 0.184 0.660
-0.297 0.955 -0.020
2.878 0.483 0.738
1.958 0.389 0.357
-0.087 0.996 -0.036
2.901 0.584 -0.209
1.997 0.287 0.099
-0.281 0.955 0.096
2.602 0.747 0.546
1.703 0.345 0.716
-0.395 0.915 0.075
3.521 0.756 -0.006
2.555 0.699 0.248
-0.055 0.998 0.014
-3.115 0.523 0.803
-2.992 -0.076 0.012
0.092 0.800 -0.592
1.237 0.520 -1.493
0.246 0.539 -1.355
0.019 1.000 -0.003
-2.439 0.762 1.166
-1.691 0.161 0.885
0.563 0.799 -0.211
2.886 0.418 1.685
2.180 0.132 1.038
-0.211 0.958 -0.193
-2.213 0.703 -0.681
-1.620 0.293 0.012
0.266 0.912 0.311
1.581 0.630 -0.540
0.840 0.240 0.007
-0.314 0.921 0.232
1.622 0.429 0.932
0.905 -0.004 0.387
-0.345 0.901 -0.262
-3.110 0.618 1.140
-2.289 0.511 0.578
0.088 0.994 -0.060
2.790 0.654 -0.206
2.017 0.067 0.035
-0.560 0.810 0.175
-2.364 0.594 1.163
-1.618 0.003 1.471
0.546 0.807 0.225
1.577 0.700 -0.651
1.153 0.088 0.017
-0.328 0.791 0.516
-2.240 0.508 -1.492
-1.622 0.479 -0.706
0.018 1.000 0.023
-2.029 0.667 -1.688
-1.123 0.442 -1.328
0.209 0.974 0.083
-0.274 0.417 0.787
-0.353 -0.091 -0.071
-0.046 0.861 -0.506
-1.293 0.574 -1.514
-0.921 0.362 -0.610
0.081 0.977 0.197
-1.211 0.641 1.501
-1.392 0.269 0.590
-0.073 0.929 -0.364
-2.165 0.516 0.987
-1.480 0.103 0.386
0.310 0.911 -0.272
-3.165 0.544 -0.822
-2.707 -0.139 -0.253
0.429 0.730 0.532
