25
-1.908 0.299 -0.593
-0.998 0.152 -0.981
0.136 0.989 -0.058
-1.675 0.409 0.619
-0.863 0.130 0.107
0.236 0.960 -0.149
2.426 0.148 0.727
1.935 0.113 -0.143
-0.017 0.999 -0.031
2.404 0.356 0.889
1.608 -0.050 0.438
-0.353 0.914 -0.200
-2.363 0.075 0.629
-1.409 0.099 0.328
-0.022 1.000 0.007
2.065 0.042 -0.850
1.088 -0.030 -1.050
-0.071 0.997 -0.015
-0.971 0.285 0.486
-0.225 0.197 -0.174
0.065 0.996 -0.058
-2.299 0.236 0.169
-1.412 -0.156 -0.075
0.377 0.920 -0.104
-1.259 0.199 0.172
-0.439 -0.278 -0.145
0.445 0.879 -0.172
1.618 0.366 1.602
1.232 0.247 0.687
-0.046 0.993 -0.110
-1.837 0.210 -0.584
-1.122 -0.342 -0.156
0.474 0.834 0.284
0.305 0.318 1.175
0.743 -0.105 0.381
0.204 0.906 -0.370
1.923 0.099 -1.003
1.149 -0.246 -0.472
-0.284 0.939 0.195
-1.359 0.311 -1.210
-0.393 0.125 -1.027
0.183 0.983 0.035
1.275 0.177 -1.260
0.889 -0.418 -0.556
-0.286 0.804 0.522
-1.005 0.061 0.730
-0.122 0.004 0.264
0.050 0.998 -0.027
1.817 0.273 0.486
1.156 -0.087 -0.172
-0.255 0.933 -0.254
-0.345 0.317 0.919
-0.264 -0.167 0.048
0.045 0.875 -0.482
-1.383 0.151 1.526
-0.561 -0.173 1.057
0.282 0.946 -0.161
0.393 0.369 0.544
0.516 -0.060 -0.351
0.058 0.903 -0.426
1.871 0.188 0.495
1.197 -0.464 0.147
-0.579 0.758 -0.299
-1.694 0.178 0.753
-1.368 0.326 -0.181
-0.049 0.989 0.140
-1.504 0.212 0.141
-0.780 -0.415 -0.146
0.582 0.779 -0.231
-0.254 0.206 0.269
0.431 -0.334 -0.219
0.440 0.842 -0.313
1.571 0.263 0.448
0.971 -0.291 -0.129
-0.399 0.833 -0.384
