856
0.984 0.100 -0.181
1.510 -0.172 0.625
0.150 0.962 0.227
0.718 0.010 -0.169
0.799 -0.317 0.772
-0.025 0.944 0.330
0.607 -0.120 -0.165
0.486 -0.634 0.685
-0.157 0.855 0.494
0.217 0.046 0.073
-0.072 -0.254 0.982
-0.115 0.954 0.278
-0.112 -0.068 0.181
-0.397 -0.532 1.020
-0.114 0.885 0.451
-0.748 0.047 -0.065
-0.932 -0.145 0.899
0.022 0.980 0.200
-0.552 -0.167 -0.018
-0.794 -0.737 0.767
-0.153 0.822 0.549
-0.487 -0.090 -0.276
-0.895 -0.679 0.423
-0.303 0.808 0.505
-0.695 -0.112 -0.092
-1.489 -0.711 0.014
-0.591 0.801 0.095
-0.376 -0.098 -0.084
-1.150 -0.659 -0.379
-0.525 0.828 -0.196
-0.396 -0.021 -0.115
-1.117 -0.421 -0.681
-0.335 0.916 -0.221
-0.417 -0.110 -0.103
-0.724 -0.578 -0.932
-0.137 0.883 -0.448
-0.514 0.048 -0.248
-0.237 -0.268 -1.156
0.110 0.949 -0.297
-0.347 -0.072 0.243
-0.110 -0.544 -0.606
0.186 0.880 -0.437
0.017 0.136 0.529
0.523 -0.069 -0.309
0.097 0.979 -0.181
0.739 0.044 0.177
1.085 -0.221 -0.723
0.092 0.964 -0.249
1.307 0.059 0.271
1.631 -0.288 -0.610
0.068 0.937 -0.344
0.707 -0.024 0.029
1.304 -0.504 -0.613
0.324 0.877 -0.353
1.272 -0.017 0.415
1.775 -0.578 -0.243
0.299 0.827 -0.476
1.068 0.089 -0.073
2.004 -0.240 0.056
0.325 0.944 0.052
