19
-1.339 0.492 -0.871
-0.764 -0.013 -0.228
0.337 0.863 0.376
-1.847 0.259 -1.372
-1.027 -0.127 -0.949
0.343 0.922 0.177
2.307 0.387 0.664
1.420 0.035 0.365
-0.333 0.936 -0.112
-1.053 0.341 -1.840
-0.647 -0.293 -1.182
0.333 0.773 0.540
-0.393 0.383 -2.440
-0.233 -0.281 -1.709
0.142 0.748 0.648
-0.034 0.488 -2.086
0.197 0.062 -1.211
0.109 0.905 0.412
2.094 0.411 1.184
1.275 -0.083 0.891
-0.465 0.870 -0.166
0.191 0.369 2.320
0.272 -0.049 1.415
0.037 0.909 -0.416
-1.194 0.516 0.242
-0.402 -0.093 0.226
0.609 0.793 -0.012
-1.869 0.228 -0.344
-1.046 -0.323 -0.485
0.543 0.834 -0.093
2.094 0.300 0.446
1.193 0.248 0.015
-0.047 0.999 -0.023
-0.059 0.330 -1.714
-0.174 0.240 -0.724
-0.010 0.996 0.090
-1.279 0.265 -0.937
-0.462 -0.310 -0.971
0.575 0.818 -0.024
0.782 0.456 2.043
0.804 -0.189 1.279
0.019 0.764 -0.645
0.486 0.410 2.341
1.006 -0.199 1.741
0.398 0.794 -0.460
0.777 0.521 1.646
0.405 0.149 0.797
-0.150 0.928 -0.342
-0.823 0.250 1.131
-0.268 -0.203 0.434
0.282 0.891 -0.355
1.947 0.375 1.335
1.225 -0.260 1.062
-0.594 0.772 -0.224
-1.720 0.539 -0.493
-1.079 -0.162 -0.806
0.630 0.713 -0.307
