11
0.766 -0.294 -1.202
0.751 -0.608 -0.253
-0.005 0.950 0.313
0.160 -0.153 -1.786
0.660 -0.409 -0.959
0.132 0.967 0.219
-0.153 -0.109 -1.906
0.413 -0.371 -1.124
0.153 0.965 0.212
-0.171 -0.193 1.315
0.638 -0.586 0.876
0.345 0.920 -0.187
2.273 -0.006 2.138
1.625 -0.521 1.577
-0.389 0.857 -0.337
2.119 -0.201 -0.516
1.367 -0.755 -0.156
-0.499 0.833 0.239
3.645 -0.076 -0.294
2.781 -0.202 0.194
-0.109 0.992 0.062
2.271 -0.193 2.137
1.522 -0.570 1.592
-0.305 0.926 -0.222
3.000 -0.323 0.801
2.187 -0.900 0.886
-0.573 0.817 0.060
2.265 -0.328 -0.909
2.329 -0.668 0.030
0.023 0.941 0.339
0.615 0.003 -1.613
1.367 -0.187 -0.982
0.146 0.982 0.122
