23
-1.021 0.021 2.779
-0.632 -0.049 1.861
0.028 0.998 -0.065
2.781 -0.050 1.012
1.877 -0.163 0.599
-0.103 0.994 -0.047
2.047 -0.021 -1.059
1.053 0.094 -1.072
0.115 0.993 0.002
0.262 0.024 1.556
0.368 0.009 0.562
0.002 1.000 -0.015
2.700 -0.015 0.765
1.988 -0.170 0.080
-0.112 0.988 -0.107
0.099 0.304 1.058
-0.252 0.153 0.134
-0.053 0.989 -0.141
1.123 0.252 1.441
0.465 0.016 0.726
-0.160 0.972 -0.174
1.257 0.031 1.853
0.690 -0.068 1.035
-0.057 0.995 -0.082
-1.363 0.261 2.085
-0.948 -0.215 1.309
0.224 0.880 -0.419
1.719 0.193 0.511
1.074 0.126 -0.251
-0.043 0.998 -0.051
1.845 0.266 1.669
1.018 0.312 1.108
0.038 0.999 0.026
-1.659 0.216 1.185
-1.150 -0.251 0.462
0.268 0.884 -0.382
0.769 0.298 -2.468
0.063 0.097 -1.789
-0.145 0.980 0.139
-2.467 0.136 -0.193
-1.608 -0.189 0.202
0.295 0.946 0.136
0.286 0.204 1.631
-0.189 0.436 0.782
0.114 0.973 0.203
1.882 0.081 1.012
1.016 0.244 0.539
0.143 0.987 0.078
0.826 -0.025 -1.594
-0.137 0.198 -1.443
0.220 0.975 -0.035
-2.547 -0.009 -1.226
-1.595 0.171 -1.477
-0.174 0.984 0.046
1.220 0.001 -1.709
0.742 -0.198 -0.853
-0.097 0.980 0.173
-2.484 -0.035 -1.245
-1.510 -0.223 -1.114
0.186 0.982 0.025
2.012 0.203 1.410
1.570 0.303 0.518
0.045 0.995 0.090
1.727 0.120 0.813
0.758 -0.124 0.859
-0.244 0.970 0.011
2.331 -0.074 1.528
1.364 -0.323 1.586
-0.249 0.968 0.015
