23
0.618 0.349 0.383
0.894 0.181 -0.563
0.025 0.986 -0.167
0.838 -0.038 0.433
1.169 -0.612 -0.316
0.288 0.817 -0.499
2.114 0.074 0.316
1.541 -0.317 -0.405
-0.230 0.920 -0.316
0.573 0.015 0.209
1.327 -0.525 -0.165
0.438 0.838 -0.326
0.428 0.201 -0.627
1.034 0.175 0.168
0.021 1.000 0.016
0.529 0.149 -0.043
0.632 0.005 0.941
0.009 0.990 0.144
1.485 -0.026 0.441
0.684 -0.461 0.852
-0.378 0.900 0.217
1.045 0.061 -0.020
0.275 -0.232 -0.587
-0.208 0.955 -0.210
0.561 0.052 0.157
0.519 -0.327 -0.768
-0.077 0.924 -0.375
0.666 0.176 0.183
-0.075 0.236 -0.485
0.018 0.997 0.070
-0.024 0.071 -1.145
-0.965 -0.233 -0.993
-0.295 0.952 0.080
0.063 0.198 -0.800
-0.811 0.132 -0.321
-0.034 0.997 0.075
0.426 0.116 0.480
-0.547 0.136 0.710
0.014 1.000 -0.024
-0.292 0.025 -1.107
-0.898 -0.378 -0.421
-0.245 0.915 0.322
-0.920 0.048 -0.725
-1.123 -0.373 0.159
-0.063 0.906 0.418
-1.324 0.044 -0.307
-1.368 -0.414 0.580
0.029 0.887 0.460
-1.005 -0.013 0.792
-1.361 -0.558 1.551
-0.083 0.828 0.555
-0.657 -0.004 2.001
-1.411 -0.659 2.051
-0.647 0.755 0.108
-0.423 0.141 2.064
-1.090 -0.249 1.429
-0.275 0.921 -0.275
-1.106 0.028 2.015
-0.897 -0.511 1.200
0.140 0.842 -0.521
-1.543 0.014 1.593
-1.043 -0.393 0.829
0.213 0.913 -0.347
-1.421 0.099 0.321
-0.865 -0.162 -0.467
0.158 0.965 -0.209
-0.497 0.162 -0.774
0.233 -0.112 -1.400
0.221 0.961 -0.164
0.187 0.134 -0.506
0.609 -0.256 0.312
0.164 0.921 0.355
