11
-1.028 0.082 0.709
-1.119 -0.406 -0.159
-0.051 0.873 -0.486
1.245 0.081 0.811
0.285 -0.001 0.547
-0.079 0.997 -0.022
-1.740 0.302 0.627
-1.022 -0.367 0.437
0.647 0.743 -0.172
0.330 0.291 0.620
-0.173 -0.100 -0.151
-0.214 0.920 -0.327
2.340 0.015 0.003
1.451 -0.134 0.436
-0.134 0.989 0.065
1.801 0.038 -0.585
0.812 0.136 -0.703
0.098 0.995 0.012
0.310 0.060 -0.030
-0.559 0.187 -0.509
0.112 0.992 0.062
1.624 0.086 -0.575
0.920 -0.332 -0.001
-0.324 0.908 0.264
1.462 0.164 0.798
0.645 -0.356 0.551
-0.498 0.854 -0.151
-2.412 0.131 -0.016
-1.723 -0.048 -0.719
0.125 0.984 -0.128
1.360 -0.024 -0.559
0.660 -0.432 0.027
-0.313 0.913 0.262
