16
-0.251 0.269 0.099
0.545 -0.011 -0.437
0.268 0.958 -0.104
-0.030 0.254 -0.837
0.867 -0.183 -0.758
0.430 0.899 0.090
-0.046 0.290 -0.748
0.854 0.023 -0.404
0.239 0.963 0.122
-0.248 0.299 0.386
0.666 -0.079 0.536
0.368 0.926 0.087
0.658 0.283 -0.588
0.967 -0.112 0.277
0.153 0.919 0.365
1.573 0.162 0.678
1.313 -0.246 1.553
-0.178 0.911 0.372
1.880 0.267 0.603
1.025 0.030 1.064
-0.243 0.969 0.047
1.738 0.223 0.557
0.927 -0.154 1.002
-0.370 0.923 0.109
1.076 0.291 0.382
0.156 -0.079 0.510
-0.377 0.926 -0.034
-0.328 0.288 -0.800
-0.522 0.063 0.154
-0.120 0.972 0.205
-0.358 0.282 -1.125
-0.700 0.022 -0.222
-0.068 0.965 0.253
0.454 0.277 -0.012
-0.457 -0.095 -0.192
-0.364 0.928 -0.079
0.144 0.211 -0.271
-0.439 -0.347 -0.862
-0.448 0.827 -0.339
-0.050 0.198 -0.344
-0.523 -0.424 -0.968
-0.444 0.780 -0.441
0.409 0.216 0.036
0.384 -0.195 -0.875
-0.084 0.909 -0.408
-0.334 0.416 0.070
0.518 0.316 -0.445
0.113 0.994 -0.005
-0.407 0.325 0.219
0.078 0.207 -0.647
0.067 0.993 -0.099
