17
-0.724 0.515 -0.374
-0.809 -0.056 0.442
-0.059 0.821 0.568
1.527 0.351 0.073
0.550 0.214 0.236
-0.135 0.991 0.023
-1.871 0.425 -0.513
-1.184 -0.150 -0.069
0.483 0.818 0.312
-0.832 0.461 0.062
-0.044 0.045 0.517
0.360 0.910 0.208
0.304 0.220 0.243
0.022 -0.446 0.934
-0.252 0.746 0.616
-0.668 0.254 -0.603
-0.299 -0.410 0.046
0.328 0.747 0.578
0.354 0.481 0.040
0.390 -0.260 0.711
0.039 0.672 0.739
-2.858 0.556 -1.189
-1.925 0.490 -0.837
0.062 0.998 0.023
0.235 0.487 0.523
-0.049 -0.372 0.949
-0.477 0.512 0.714
3.584 0.492 0.721
2.586 0.424 0.717
-0.068 0.998 -0.000
-1.994 0.485 -0.011
-1.506 -0.207 0.521
0.468 0.722 0.510
3.059 0.477 0.563
2.176 0.016 0.479
-0.459 0.887 -0.044
-1.974 0.513 -0.096
-1.627 -0.053 0.653
0.238 0.825 0.513
0.836 0.288 0.711
0.186 -0.274 0.199
-0.441 0.827 -0.347
-2.982 0.404 -1.228
-2.289 0.593 -0.532
-0.133 0.982 -0.134
3.744 0.303 0.657
2.751 0.269 0.773
-0.033 0.999 0.004
-2.211 0.435 -0.983
-1.549 -0.234 -0.645
0.595 0.743 0.305
