25
0.919 0.452 0.954
0.002 0.191 0.654
-0.248 0.965 -0.081
2.446 0.554 -0.354
1.540 0.218 -0.097
-0.324 0.942 0.092
0.455 0.223 0.922
-0.476 -0.129 0.835
-0.351 0.936 -0.033
1.122 0.408 1.828
0.226 0.327 1.393
-0.072 0.997 -0.035
2.536 0.533 -0.979
1.589 0.325 -0.733
-0.201 0.978 0.052
-2.802 0.253 0.158
-2.089 -0.373 0.475
0.572 0.780 0.255
-3.296 0.213 0.935
-2.557 -0.364 0.587
0.522 0.817 -0.246
0.684 0.246 0.938
-0.108 -0.307 0.679
-0.526 0.833 -0.172
3.351 0.499 -0.616
2.398 0.377 -0.339
-0.117 0.993 0.034
0.874 0.561 -0.750
0.103 0.036 -0.388
-0.475 0.851 0.223
1.753 0.534 -1.049
1.011 -0.019 -0.670
-0.492 0.833 0.252
-3.322 0.566 1.345
-2.951 0.149 0.516
0.171 0.909 -0.381
3.249 0.195 -0.420
2.252 0.267 -0.422
0.071 0.997 0.000
-0.003 0.514 -0.485
-0.142 -0.316 0.056
-0.207 0.559 0.803
-1.688 0.399 -1.014
-1.527 -0.065 -0.143
0.084 0.886 0.456
-3.094 0.363 0.136
-2.188 -0.055 0.073
0.417 0.909 -0.029
2.809 0.346 -0.015
1.918 0.070 -0.377
-0.256 0.961 -0.104
2.959 0.234 -1.290
1.971 0.372 -1.213
0.138 0.990 -0.011
-2.427 0.461 0.778
-1.666 0.056 0.271
0.338 0.914 -0.225
-2.071 0.502 0.213
-1.281 -0.109 0.162
0.610 0.792 -0.039
-1.607 0.380 1.410
-0.971 -0.190 0.890
0.441 0.821 -0.361
-2.114 0.276 -0.650
-1.270 -0.099 -0.267
0.342 0.927 0.155
2.456 0.414 -0.451
1.528 0.182 -0.740
-0.221 0.973 -0.069
3.120 0.258 -1.284
2.307 -0.232 -0.970
-0.457 0.872 0.176
0.107 0.585 1.488
-0.043 -0.008 0.697
-0.111 0.805 -0.583
