292
-0.783 0.265 0.300
-0.816 -0.270 -0.544
0.014 0.844 -0.536
-0.529 0.419 0.347
-0.441 0.256 -0.636
0.065 0.985 -0.158
-0.343 0.242 0.441
0.161 -0.192 -0.305
0.296 0.899 -0.323
-0.278 0.417 0.469
0.377 0.281 -0.274
0.098 0.991 -0.095
0.188 0.218 0.628
1.027 -0.283 0.418
0.493 0.865 -0.094
0.691 0.066 0.367
0.725 -0.590 -0.387
-0.052 0.752 -0.657
0.105 0.122 -0.158
-0.603 -0.532 0.110
-0.616 0.757 0.221
0.057 0.275 0.309
-0.004 -0.267 1.147
-0.062 0.840 0.540
-0.040 0.253 -0.025
-0.815 -0.335 0.207
-0.562 0.808 0.176
