11
0.218 0.115 0.080
0.270 -0.221 1.021
0.053 0.941 0.333
0.240 0.135 0.044
-0.151 -0.196 0.903
-0.134 0.943 0.303
0.223 0.059 -0.066
-0.633 -0.287 0.318
-0.312 0.938 0.151
0.157 0.133 -0.180
-0.741 -0.057 -0.577
-0.176 0.982 -0.073
0.241 0.033 0.093
-0.006 -0.313 -0.813
0.005 0.934 -0.358
0.082 0.194 -0.029
0.119 0.001 -1.010
0.053 0.980 -0.191
0.016 0.171 0.377
0.810 -0.069 -0.181
0.271 0.962 -0.028
-0.225 0.073 -0.044
0.666 -0.377 -0.099
0.451 0.893 -0.002
0.081 0.038 -0.180
0.493 -0.425 0.605
0.236 0.886 0.399
0.001 0.220 0.092
-0.620 0.052 0.858
-0.095 0.986 0.138
-0.276 -0.554 -0.079
-1.045 -0.764 0.524
-0.163 0.978 0.133
0.351 -0.153 -0.318
-0.308 -0.358 -1.041
-0.142 0.979 -0.148
