19
-1.189 -0.080 -0.623
-0.224 -0.278 -0.452
0.196 0.980 0.035
0.926 -0.161 -0.745
-0.042 -0.204 -0.992
-0.041 0.999 -0.011
-1.195 -0.076 0.076
-0.345 -0.203 -0.435
0.108 0.992 -0.065
-0.689 -0.048 0.786
0.303 -0.065 0.665
0.017 1.000 -0.002
-1.060 -0.106 0.023
-0.265 -0.225 -0.573
0.095 0.993 -0.071
-0.724 -0.174 0.086
0.187 -0.131 0.498
-0.039 0.999 -0.018
-1.742 0.080 -1.080
-0.873 -0.007 -0.593
0.076 0.996 0.043
-1.065 0.015 -0.400
-0.185 0.028 0.075
-0.012 1.000 -0.007
1.728 -0.023 0.264
0.826 -0.279 -0.083
-0.239 0.967 -0.092
1.710 0.097 0.852
1.677 -0.196 -0.103
-0.010 0.956 -0.293
-1.056 -0.227 -0.665
-0.233 -0.075 -0.117
-0.127 0.988 -0.084
-0.346 0.061 -1.035
0.056 -0.249 -0.173
0.131 0.951 0.281
1.489 -0.206 -0.715
0.565 0.054 -0.996
0.248 0.966 0.075
-1.568 -0.023 0.766
-0.642 -0.377 0.641
0.351 0.935 -0.047
-0.369 -0.244 0.285
-0.275 -0.051 -0.691
-0.019 0.981 0.192
1.022 0.012 0.495
0.317 -0.021 -0.213
-0.023 0.999 -0.023
1.714 -0.152 0.726
1.090 -0.375 -0.023
-0.143 0.975 -0.171
0.747 -0.287 0.645
-0.041 -0.183 0.038
0.083 0.995 0.064
-1.072 -0.079 -0.160
-0.312 -0.517 0.320
0.370 0.899 0.234
