23
0.727 0.421 1.239
0.188 -0.148 0.617
-0.373 0.822 -0.430
0.017 0.580 1.219
-0.210 0.436 0.256
-0.033 0.990 -0.140
-1.956 0.366 -0.961
-1.190 0.193 -0.341
0.135 0.985 0.109
1.349 0.438 -1.397
0.758 0.176 -0.634
-0.161 0.965 0.207
0.209 0.671 -0.899
-0.024 0.490 0.057
-0.043 0.983 0.177
0.609 0.388 0.343
-0.142 0.335 -0.315
-0.040 0.999 -0.035
-0.821 0.310 0.996
-0.363 -0.258 0.312
0.316 0.823 -0.472
-2.180 0.584 0.636
-1.495 0.417 -0.073
0.116 0.986 -0.120
-0.003 0.451 1.063
-0.416 0.127 0.211
-0.141 0.946 -0.291
-0.703 0.602 1.121
-0.724 0.300 0.168
-0.007 0.953 -0.302
1.615 0.399 0.690
0.712 0.334 0.266
-0.059 0.998 -0.028
0.263 0.521 -0.527
0.042 0.121 0.362
-0.097 0.916 0.389
-1.006 0.392 -0.393
-0.328 -0.300 -0.145
0.650 0.722 0.238
1.350 0.619 0.603
0.485 0.411 0.145
-0.184 0.978 -0.097
0.245 0.629 -0.652
0.031 -0.049 0.051
-0.197 0.735 0.648
-1.193 0.287 -0.802
-0.762 -0.312 -0.127
0.322 0.801 0.505
1.662 0.662 0.685
0.951 0.109 0.251
-0.472 0.833 -0.288
-0.775 0.322 0.569
-0.374 -0.122 -0.232
0.199 0.896 -0.397
-0.441 0.372 -0.504
-0.040 0.107 0.373
0.110 0.964 0.241
-0.443 0.343 -0.512
-0.154 0.092 0.412
0.075 0.968 0.240
-1.858 0.502 -0.976
-1.203 -0.182 -0.654
0.614 0.729 0.302
-1.444 0.532 0.861
-1.007 0.638 -0.032
-0.047 0.994 0.095
-2.165 0.438 0.754
-1.489 -0.043 0.194
0.370 0.877 -0.307
