35
1.000 -0.165 2.183
0.559 -0.007 1.300
0.070 0.988 0.141
1.279 -0.199 0.101
0.345 -0.502 -0.090
-0.296 0.953 -0.061
1.407 -0.366 0.119
0.432 -0.178 -0.002
0.187 0.982 0.023
1.495 -0.222 0.839
0.645 0.042 0.383
0.233 0.964 0.125
-1.037 -0.179 1.996
-1.307 -0.269 1.037
-0.024 0.996 -0.087
1.546 -0.356 -1.983
0.577 -0.266 -2.215
0.087 0.996 0.021
2.694 -0.203 -1.569
1.827 -0.248 -1.071
-0.039 0.999 0.022
2.007 -0.223 0.912
1.083 0.022 0.618
0.233 0.970 0.074
1.055 -0.270 2.234
0.555 0.028 1.421
0.156 0.955 0.253
1.421 -0.481 1.536
0.747 -0.123 0.890
0.259 0.934 0.247
2.402 -0.256 -2.569
1.414 -0.405 -2.594
-0.149 0.989 -0.004
0.905 -0.165 2.877
0.393 -0.436 2.061
-0.144 0.963 -0.230
-2.234 -0.165 -2.712
-1.751 -0.300 -1.847
0.066 0.991 0.117
-1.329 -0.195 -3.032
-1.039 -0.013 -2.093
-0.054 0.983 -0.174
2.444 -0.450 -1.855
1.733 -0.594 -1.168
-0.104 0.989 0.101
1.279 -0.491 1.515
0.351 -0.189 1.296
0.294 0.953 0.069
-2.332 -0.105 1.518
-1.342 -0.181 1.638
0.075 0.997 0.009
1.350 -0.101 -0.597
0.464 -0.544 -0.739
-0.437 0.897 -0.070
2.118 -0.398 -2.410
1.340 -0.181 -1.819
0.172 0.976 -0.131
1.828 -0.183 2.301
1.011 -0.563 1.868
-0.335 0.925 -0.177
-3.115 -0.270 2.821
-2.329 -0.088 2.229
-0.145 0.983 0.109
1.908 -0.340 -1.224
1.010 -0.014 -0.928
0.310 0.945 -0.102
-0.004 -0.463 -2.440
-0.444 -0.243 -1.569
0.099 0.975 -0.196
-0.652 -0.253 -2.831
-0.607 -0.482 -1.858
0.011 0.974 0.228
-2.325 -0.127 -0.603
-1.375 -0.059 -0.298
-0.065 0.998 -0.021
1.751 -0.265 0.168
0.851 -0.161 0.591
0.094 0.995 -0.044
-0.668 -0.326 -2.730
-1.249 -0.277 -1.918
0.029 0.999 -0.040
-2.903 -0.467 1.437
-1.964 -0.355 1.760
-0.106 0.994 -0.036
-1.787 -0.466 0.889
-0.960 -0.454 0.327
-0.010 1.000 0.007
-2.162 -0.242 0.835
-1.264 -0.139 1.262
-0.093 0.995 -0.044
0.212 -0.481 2.950
0.342 -0.334 1.969
-0.019 0.989 0.145
-1.775 -0.308 -1.232
-1.123 0.002 -0.540
-0.213 0.951 -0.226
-2.605 -0.303 0.064
-1.631 -0.268 -0.161
-0.034 0.999 0.008
-2.037 -0.167 0.146
-1.134 -0.063 0.561
-0.095 0.995 -0.044
-2.430 -0.192 1.825
-1.917 -0.286 0.972
0.048 0.996 -0.081
