35
0.119 -0.487 -1.617
0.924 -1.044 -1.415
0.510 0.825 0.241
0.001 -0.268 -1.357
0.872 -0.143 -1.831
-0.116 0.992 0.048
-0.041 -0.523 -1.471
0.756 -1.122 -1.395
0.561 0.780 0.276
0.028 -0.219 -1.233
0.923 -0.280 -0.791
0.090 0.995 -0.044
0.516 -0.469 -0.388
0.920 -0.907 0.414
0.210 0.899 0.385
0.383 -0.296 0.806
0.940 -0.333 1.635
0.124 0.992 -0.039
0.384 -0.530 -0.202
0.054 -1.174 0.488
-0.255 0.765 0.592
0.515 -0.421 -0.992
0.999 -0.911 -0.267
0.182 0.867 0.464
0.787 -0.425 -1.388
-0.032 -0.890 -1.052
-0.412 0.884 0.220
-0.152 -0.345 -0.406
-1.008 -0.611 -0.848
-0.260 0.963 -0.076
-0.013 -0.584 0.219
0.154 -1.253 -0.505
0.203 0.742 -0.639
0.362 -0.329 -0.383
1.090 -0.220 -1.059
-0.082 0.994 0.073
0.215 -0.445 -0.261
0.564 -0.923 -1.067
0.118 0.876 -0.468
-0.113 -0.339 -0.120
-0.717 0.037 -0.823
0.213 0.926 0.312
-0.192 -0.496 -0.309
-0.422 -1.074 -1.092
-0.125 0.815 -0.565
-0.414 -0.395 0.161
0.496 -0.748 0.380
0.332 0.935 0.126
-0.456 -0.347 0.300
0.173 -0.569 1.045
0.183 0.974 0.136
-0.421 -0.310 0.168
0.554 -0.272 0.388
-0.016 0.995 -0.099
0.623 -0.475 -0.623
1.007 -0.950 0.169
0.190 0.880 0.435
0.615 -0.429 -1.553
-0.099 -0.979 -1.120
-0.411 0.830 0.378
-0.217 -0.342 -1.937
-1.095 -0.646 -2.307
-0.315 0.949 -0.033
-0.564 -0.110 -1.601
-1.228 0.329 -2.207
0.228 0.890 0.395
0.319 -0.402 -1.993
-0.339 -0.830 -1.374
-0.220 0.896 0.386
-0.902 -0.320 -1.585
-0.495 -0.806 -0.812
0.351 0.865 0.359
-2.004 -0.244 -0.209
-1.130 -0.667 0.029
0.421 0.905 0.065
-2.797 -0.318 0.251
-2.301 -0.691 -0.533
0.238 0.927 -0.290
-2.251 -0.438 1.192
-1.450 -0.973 1.463
0.496 0.845 0.202
-2.070 -0.238 2.053
-1.103 -0.369 2.269
0.170 0.970 -0.174
-0.767 -0.442 2.163
0.041 -0.964 2.437
0.493 0.853 0.170
-0.523 -0.283 2.141
0.467 -0.151 2.091
-0.134 0.990 -0.044
0.105 -0.461 2.269
0.923 -1.011 2.100
0.546 0.835 -0.074
0.929 -0.485 1.609
1.092 -0.956 0.742
0.007 0.879 -0.476
0.710 -0.499 0.525
-0.118 -0.920 0.157
-0.394 0.907 -0.150
0.349 -0.454 -0.194
0.814 -0.815 -1.003
0.167 0.932 -0.321
0.603 -0.411 -0.433
1.332 -0.929 0.015
0.435 0.855 0.282
0.398 -0.399 -0.880
-0.136 -0.853 -0.167
-0.239 0.890 0.388
