14
0.344 0.264 -0.681
-0.030 -0.011 0.205
-0.107 0.961 0.254
-1.436 0.300 1.328
-0.639 -0.272 1.134
0.556 0.820 -0.135
-1.271 0.343 1.326
-0.502 -0.291 1.400
0.632 0.773 0.061
-0.659 0.186 -0.902
-0.336 -0.051 0.014
0.079 0.972 0.223
0.355 0.108 -1.314
0.008 0.337 -0.404
0.082 0.973 -0.214
0.347 0.296 -0.838
0.587 0.091 0.111
0.050 0.979 0.198
-0.660 0.075 -0.889
-0.475 0.316 0.063
-0.046 0.971 -0.236
1.353 0.291 -0.825
0.654 -0.104 -0.229
-0.301 0.919 0.256
-1.669 0.103 -0.748
-0.886 -0.281 -0.259
0.326 0.923 0.204
1.244 0.081 -0.499
0.440 -0.502 -0.610
-0.578 0.812 -0.080
1.264 0.162 -1.505
0.570 0.378 -0.819
0.153 0.976 -0.152
-1.269 0.444 0.319
-0.553 -0.199 0.589
0.602 0.765 0.227
-1.444 0.199 -0.686
-0.807 -0.274 -0.078
0.342 0.881 0.326
1.264 0.268 0.509
0.362 -0.162 0.549
-0.429 0.903 0.019
