14
1.185 0.139 -0.282
0.374 -0.191 -0.766
-0.283 0.944 -0.169
1.086 0.278 -0.418
0.163 0.199 -0.797
-0.080 0.997 -0.013
1.152 0.097 -0.887
0.420 -0.226 -0.288
-0.252 0.946 0.203
0.533 0.095 -1.057
-0.053 -0.202 -0.302
-0.170 0.955 0.244
-0.266 0.097 -1.088
0.121 -0.253 -0.234
0.158 0.937 0.312
-1.077 0.206 -0.947
-0.119 0.031 -0.721
0.160 0.984 0.082
-0.870 0.082 -0.216
-0.028 -0.352 0.106
0.396 0.901 0.179
-1.247 0.197 0.833
-0.803 -0.093 -0.014
0.159 0.957 -0.244
-0.141 0.111 0.862
-0.135 -0.169 -0.098
0.266 0.926 -0.268
0.937 0.151 0.803
0.162 -0.090 0.219
-0.180 0.970 -0.162
1.054 -0.113 0.986
0.595 -0.732 0.349
-0.364 0.785 -0.500
1.282 -0.133 0.951
0.793 -0.757 0.342
-0.384 0.781 -0.492
1.278 -0.119 -0.228
0.753 -0.742 -0.808
-0.476 0.780 -0.407
1.065 -0.097 -0.977
0.452 -0.728 -0.503
-0.482 0.775 0.408
0.969 0.300 -1.001
0.041 0.219 -0.637
-0.067 0.996 0.053
