293
-0.002 1.147 -2.089
-0.233 0.513 -1.351
-0.191 0.773 0.604
-0.164 1.188 -2.259
-0.334 0.621 -1.454
-0.133 0.823 0.551
-1.119 1.226 -1.402
-0.657 0.723 -0.671
0.311 0.863 0.399
-1.284 1.179 0.471
-0.373 0.768 0.427
0.410 0.911 -0.040
0.137 1.131 1.595
0.689 0.504 1.046
0.497 0.777 -0.388
1.675 1.126 0.865
1.373 0.616 0.059
-0.129 0.859 -0.495
1.455 1.150 -1.047
0.530 0.774 -0.984
-0.377 0.926 -0.001
-0.164 1.130 -2.283
-0.660 0.599 -1.596
-0.370 0.845 0.387
-1.859 1.177 -1.374
-1.496 0.587 -0.653
0.247 0.807 0.536
