10
0.454 0.750 0.705
0.646 0.554 -0.257
0.038 0.981 -0.192
-0.405 0.707 1.371
-0.044 0.576 0.447
0.047 0.991 -0.121
1.999 0.975 0.129
1.525 0.547 -0.640
-0.225 0.904 -0.364
-0.946 1.015 -1.836
0.037 1.049 -2.018
-0.033 0.999 0.006
-1.829 0.928 -1.672
-0.877 0.921 -1.368
0.007 1.000 0.002
1.200 0.943 1.222
0.520 0.867 0.493
-0.052 0.997 -0.056
-1.063 0.993 -0.161
-0.164 0.659 -0.443
0.318 0.943 -0.100
-1.958 0.780 -0.909
-1.856 0.571 0.063
0.022 0.978 0.207
-1.076 0.663 1.364
-1.489 0.624 0.454
-0.016 0.999 -0.035
2.103 0.926 1.095
1.480 0.466 0.462
-0.323 0.888 -0.327
