25
-0.780 0.586 0.313
0.086 0.485 -0.178
0.088 0.995 -0.050
-0.623 0.276 0.795
0.044 0.053 0.084
0.153 0.975 -0.163
-1.065 0.393 -0.101
-0.117 0.096 -0.217
0.295 0.955 -0.036
-0.305 0.414 1.191
0.382 0.093 0.538
0.233 0.947 -0.221
-0.980 0.282 -0.146
-0.150 -0.242 -0.340
0.510 0.852 -0.119
-0.818 0.447 -0.359
0.017 -0.077 -0.191
0.514 0.852 0.103
-0.641 0.421 0.804
-0.283 0.110 -0.077
0.117 0.950 -0.288
-1.474 0.341 0.116
-0.667 -0.218 -0.076
0.543 0.829 -0.129
1.477 0.420 0.339
1.102 0.164 -0.552
-0.099 0.967 -0.236
1.549 0.412 -0.623
0.837 -0.279 -0.748
-0.681 0.723 -0.119
-0.425 0.212 1.254
-0.277 0.148 0.268
0.010 0.998 -0.064
1.711 0.254 -0.305
1.015 -0.358 -0.683
-0.537 0.791 -0.292
1.446 0.559 -0.883
1.398 0.041 -0.029
-0.029 0.856 0.517
-1.124 0.419 1.060
-0.388 -0.165 0.718
0.530 0.812 -0.246
-1.542 0.348 -0.040
-0.761 -0.264 -0.166
0.604 0.791 -0.098
-0.736 0.596 0.289
-0.286 -0.078 -0.298
0.409 0.739 -0.535
1.073 0.507 -1.629
1.443 -0.090 -0.917
0.275 0.803 0.529
-1.406 0.314 0.645
-0.877 -0.275 0.033
0.385 0.808 -0.445
-0.909 0.504 1.511
-0.210 -0.125 1.172
0.566 0.777 -0.275
0.650 0.488 -1.359
0.248 -0.155 -0.708
-0.338 0.765 0.548
-0.620 0.390 0.213
0.104 -0.299 0.236
0.688 0.725 0.022
1.385 0.516 -0.478
0.455 0.278 -0.198
-0.228 0.971 0.069
-0.683 0.536 0.494
-0.713 -0.206 -0.175
-0.033 0.670 -0.742
0.388 0.601 0.397
0.134 0.060 -0.404
-0.163 0.841 -0.516
0.139 0.463 -1.265
0.374 0.188 -0.333
0.067 0.961 0.267
