847
-1.210 0.236 0.004
-0.569 -0.078 0.705
0.209 0.950 0.234
-0.933 0.247 -0.104
-0.801 -0.057 0.839
0.015 0.952 0.304
-0.655 0.206 -0.396
-0.905 -0.159 0.501
-0.117 0.931 0.346
-0.600 0.148 -0.521
-1.117 -0.341 0.181
-0.345 0.870 0.352
-0.083 0.166 -0.742
-0.927 -0.223 -0.376
-0.355 0.921 0.161
0.222 0.187 -0.278
-0.687 -0.215 -0.389
-0.390 0.914 -0.108
0.614 0.095 -0.550
-0.125 -0.518 -0.830
-0.566 0.790 -0.236
0.515 0.080 -0.526
0.600 -0.562 -1.288
0.088 0.766 -0.637
0.488 0.041 -0.723
0.731 -0.628 -1.425
0.175 0.742 -0.647
0.210 0.085 -1.039
1.012 -0.492 -1.193
0.565 0.817 -0.117
-0.331 0.266 -0.863
0.630 0.018 -0.978
0.244 0.969 -0.047
0.235 0.081 -1.116
0.995 -0.324 -0.608
0.348 0.914 0.209
0.008 0.137 -0.822
0.778 -0.281 -0.340
0.316 0.907 0.280
0.478 0.405 -0.592
1.119 0.134 0.125
0.142 0.961 0.236
0.355 0.183 -0.837
0.866 -0.242 -0.090
0.200 0.905 0.376
0.165 0.343 -0.815
0.426 0.183 0.137
-0.013 0.985 0.169
-0.238 0.183 -0.687
-0.518 -0.207 0.190
-0.104 0.921 0.376
-1.245 0.082 -0.509
-0.708 -0.538 0.064
0.450 0.784 0.427
-1.032 0.224 -0.504
-0.356 -0.224 0.081
0.340 0.894 0.291
0.091 0.117 -1.059
0.368 -0.309 -0.197
0.215 0.901 0.376
