10
-0.648 0.451 -0.252
-0.187 -0.220 0.328
0.418 0.741 0.525
1.031 0.196 0.226
0.570 -0.608 0.602
-0.623 0.594 0.509
-0.723 0.234 -0.624
0.072 -0.301 -0.339
0.504 0.845 0.180
-0.514 0.322 0.412
-0.069 -0.148 1.175
0.236 0.883 0.406
-1.964 0.230 -0.345
-1.176 -0.112 0.168
0.286 0.940 0.187
1.061 0.495 0.539
0.161 0.081 0.406
-0.409 0.910 -0.060
-2.038 0.235 0.695
-1.215 -0.315 0.833
0.543 0.835 0.091
1.016 0.306 0.155
0.932 -0.462 0.789
-0.101 0.640 0.762
-2.185 0.230 -0.030
-1.378 -0.180 0.396
0.362 0.912 0.191
-2.193 0.383 -0.068
-1.234 0.205 0.152
0.173 0.984 0.040
