12
-1.875 0.655 -0.950
-1.972 0.183 -0.074
-0.052 0.881 0.469
-1.870 0.561 -0.998
-1.759 0.554 -0.005
0.001 1.000 0.007
0.867 0.762 0.729
0.860 0.039 0.038
-0.008 0.691 -0.723
-2.258 0.422 -0.122
-1.885 0.497 -1.047
-0.028 0.997 0.070
0.896 0.397 1.016
0.161 0.230 0.358
-0.125 0.986 -0.112
-1.953 0.558 -0.219
-1.866 0.045 0.635
0.052 0.858 0.510
-1.223 0.705 0.304
-1.317 0.262 -0.587
-0.046 0.896 -0.441
1.186 0.539 0.183
0.822 -0.169 0.788
-0.365 0.705 0.607
1.043 0.694 -0.037
0.321 0.006 -0.103
-0.685 0.726 -0.063
-2.254 0.624 -0.191
-1.469 0.097 -0.515
0.488 0.850 -0.201
1.261 0.765 -0.523
0.502 0.668 0.121
-0.074 0.995 0.063
0.786 0.591 -0.040
0.030 0.174 0.465
-0.346 0.909 0.231
