427
-0.141 0.427 -0.854
0.694 -0.064 -0.609
0.453 0.869 0.199
0.061 0.465 -0.869
0.767 0.131 -0.244
0.281 0.942 0.185
0.761 0.403 -0.588
0.928 0.125 0.358
0.096 0.959 0.265
1.042 0.454 -0.510
0.526 0.194 0.306
-0.152 0.966 0.210
0.983 0.449 -0.174
0.150 0.206 0.323
-0.211 0.970 0.122
0.788 0.392 0.122
-0.135 0.022 0.230
-0.366 0.929 0.052
0.638 0.411 0.849
-0.055 0.042 0.230
-0.303 0.929 -0.215
0.660 0.379 0.926
0.392 -0.060 0.068
-0.170 0.898 -0.406
0.739 0.271 0.903
0.657 -0.260 0.060
-0.071 0.847 -0.527
0.622 0.303 -0.074
-0.113 -0.272 0.284
-0.515 0.818 0.256
0.509 0.385 -0.404
-0.140 -0.099 0.184
-0.363 0.876 0.319
-1.065 0.434 -0.559
-1.083 -0.039 0.322
-0.024 0.881 0.472
-1.702 0.291 0.320
-0.851 -0.225 0.222
0.520 0.854 0.018
