11
-0.088 0.106 -0.373
0.493 -0.443 0.228
0.382 0.836 0.394
0.678 0.233 1.385
1.129 -0.370 0.728
0.342 0.798 -0.497
-0.088 0.308 -0.329
0.016 -0.277 0.476
0.075 0.812 0.579
0.872 0.225 -0.031
0.426 -0.417 0.592
-0.374 0.767 0.522
0.796 -0.025 -1.191
1.179 -0.543 -0.426
0.232 0.855 0.463
0.878 0.078 -1.045
1.172 -0.419 -0.229
0.168 0.867 0.468
0.093 0.083 -0.200
0.864 -0.554 -0.203
0.637 0.771 -0.003
0.507 0.314 -1.179
1.092 -0.309 -0.660
0.466 0.782 0.413
1.263 0.251 0.717
1.454 -0.430 0.010
0.178 0.732 -0.658
0.665 0.270 1.272
0.904 -0.135 0.389
0.106 0.915 -0.390
0.876 0.303 -0.673
1.081 0.052 0.272
0.053 0.968 0.245
