19
0.890 -0.102 -0.199
-0.070 -0.024 -0.470
0.075 0.997 0.021
0.745 -0.074 0.598
0.010 0.216 -0.015
0.223 0.957 0.186
1.658 0.079 0.437
0.848 -0.278 -0.028
-0.310 0.934 -0.177
-2.041 -0.057 1.307
-2.307 0.051 0.349
0.029 0.994 0.103
1.509 0.082 0.129
0.828 -0.197 -0.548
-0.198 0.960 -0.197
0.261 -0.050 0.256
-0.205 0.252 -0.576
0.148 0.953 0.264
1.281 -0.071 0.558
0.292 0.047 0.474
0.118 0.993 0.010
-2.741 0.162 -1.048
-1.979 -0.417 -1.336
0.541 0.815 -0.205
-1.116 0.195 1.405
-0.732 0.271 0.485
-0.029 0.997 0.070
1.178 0.145 0.307
0.592 -0.195 -0.429
-0.212 0.940 -0.266
-1.863 0.205 1.814
-2.051 -0.156 0.900
-0.073 0.933 -0.353
-2.059 0.210 -1.315
-1.171 0.453 -1.705
-0.223 0.970 0.098
0.691 0.140 -0.135
-0.250 -0.191 -0.055
-0.329 0.944 0.028
1.127 0.259 -0.275
0.217 -0.030 0.022
-0.276 0.957 0.090
-1.881 0.212 -1.386
-1.046 -0.237 -1.703
0.420 0.893 -0.160
0.252 0.055 -0.877
-0.636 0.297 -0.486
0.222 0.970 -0.098
0.337 0.130 0.471
0.135 -0.204 -0.450
-0.072 0.943 -0.326
-0.546 -0.092 0.494
-0.730 -0.467 -0.414
-0.075 0.927 -0.368
0.423 0.025 0.346
-0.401 -0.450 0.036
-0.444 0.880 -0.167
