20
3.523 0.392 -2.065
3.557 -0.072 -1.180
0.018 0.886 0.464
0.289 0.422 -1.869
1.242 0.232 -1.631
0.184 0.982 0.046
-1.566 0.322 1.090
-0.780 0.069 0.526
0.206 0.967 -0.148
-0.530 0.352 0.658
0.184 0.434 -0.038
-0.059 0.997 0.057
-1.247 0.231 0.982
-0.266 0.077 0.868
0.153 0.988 -0.018
-0.752 0.331 -1.286
0.010 0.243 -0.645
0.068 0.996 0.057
3.869 0.245 0.761
3.290 -0.310 0.164
-0.386 0.832 -0.399
-1.329 0.232 0.661
-0.588 -0.170 0.122
0.325 0.916 -0.236
-1.310 0.145 0.105
-0.417 -0.297 0.197
0.440 0.897 0.045
3.637 0.293 -1.285
3.228 0.043 -0.407
-0.106 0.968 0.226
3.864 0.438 0.727
2.997 0.192 0.295
-0.221 0.969 -0.110
3.759 0.394 -0.035
2.915 -0.083 -0.281
-0.458 0.879 -0.134
3.563 0.318 -1.476
2.978 -0.301 -0.952
-0.461 0.786 0.413
-1.743 0.382 0.713
-0.967 0.481 0.090
-0.077 0.995 0.062
-2.346 0.463 0.838
-1.365 0.397 1.020
0.065 0.998 0.012
3.006 0.123 -0.332
2.080 0.031 0.034
-0.085 0.996 0.034
2.417 0.329 -2.122
2.456 -0.307 -1.351
0.032 0.772 0.635
0.069 0.164 -0.676
0.650 -0.076 0.102
0.144 0.971 0.192
2.532 0.104 -1.340
1.782 0.207 -0.686
0.077 0.995 -0.067
-2.348 0.295 0.814
-1.411 -0.043 0.912
0.335 0.941 0.035
