14
0.967 0.359 -0.067
0.642 -0.118 -0.883
-0.198 0.878 -0.435
1.066 0.313 -0.056
0.527 -0.218 -0.710
-0.281 0.845 -0.455
0.990 0.473 -0.052
0.407 0.254 -0.835
-0.118 0.976 -0.185
1.196 0.350 -0.147
0.334 -0.119 -0.340
-0.449 0.883 -0.141
1.023 0.576 -0.223
0.053 0.335 -0.222
-0.241 0.970 -0.039
0.782 0.313 0.653
-0.111 -0.136 0.606
-0.451 0.892 0.040
0.313 0.489 0.179
-0.264 0.188 0.938
-0.141 0.952 0.271
-0.102 0.365 0.474
-0.317 -0.051 1.358
-0.043 0.908 0.416
0.215 0.346 0.369
0.087 -0.169 1.216
0.008 0.854 0.520
-0.006 0.296 0.416
0.606 -0.270 0.967
0.401 0.824 0.401
-0.503 0.331 0.690
0.361 -0.153 0.553
0.481 0.875 -0.054
0.507 0.302 0.392
0.887 -0.261 -0.342
0.267 0.826 -0.496
0.764 0.437 0.203
0.472 0.112 -0.696
-0.155 0.944 -0.292
-0.360 0.258 1.105
-0.111 -0.306 0.318
0.202 0.825 -0.527
-0.288 0.312 0.707
0.414 -0.193 0.205
0.407 0.863 -0.299
