10
0.518 0.331 -1.367
1.229 -0.008 -0.750
0.256 0.941 0.222
-0.496 0.482 0.318
-0.449 -0.333 0.896
0.066 0.579 0.813
-0.495 0.344 0.280
-0.095 -0.523 0.580
0.694 0.500 0.519
0.875 0.312 -1.250
0.792 -0.188 -0.388
-0.048 0.866 0.498
0.857 0.486 -1.052
0.911 -0.177 -0.305
0.048 0.749 0.661
0.017 0.394 -0.542
0.523 -0.443 -0.331
0.772 0.548 0.322
0.099 0.353 1.490
-0.574 -0.157 0.954
-0.398 0.861 -0.317
0.023 0.290 -0.542
0.529 -0.534 -0.288
0.737 0.566 0.369
0.115 0.178 -0.782
-0.453 -0.457 -0.260
-0.468 0.772 0.430
0.091 0.302 -0.784
-0.549 0.181 -0.025
-0.078 0.993 0.092
