328
-0.677 0.239 -0.615
-1.481 -0.049 -0.096
-0.199 0.955 0.221
-0.760 0.263 -0.350
-0.735 -0.172 0.550
0.235 0.878 0.417
-1.018 0.233 -0.344
-0.413 -0.326 0.223
0.347 0.826 0.444
-0.362 0.078 -0.321
0.331 -0.615 -0.127
0.690 0.717 0.098
-0.675 0.163 0.208
-0.098 -0.414 -0.370
0.434 0.816 -0.381
-0.725 0.193 0.233
-0.359 -0.263 -0.578
0.240 0.889 -0.391
-0.370 0.162 -0.370
-0.888 -0.192 -1.148
-0.143 0.933 -0.329
-0.039 0.194 -0.694
-1.019 0.067 -0.540
-0.125 0.992 0.020
-0.040 0.419 -0.849
-0.938 0.382 -1.286
-0.047 0.999 0.012
-0.314 0.417 -0.433
-1.102 0.341 0.178
0.008 0.991 0.134
