10
-1.949 0.289 0.828
-1.334 -0.276 0.278
0.421 0.825 -0.377
-1.938 0.487 0.759
-1.283 -0.048 0.225
0.415 0.845 -0.338
-1.870 0.463 0.354
-1.328 -0.136 -0.236
0.405 0.801 -0.441
-0.741 0.622 -0.895
-0.076 0.405 -0.181
0.147 0.976 0.158
-0.199 0.349 0.282
0.328 -0.323 -0.238
0.478 0.740 -0.473
-0.659 0.542 0.154
0.240 0.270 0.499
0.254 0.962 0.097
0.793 0.291 -0.154
0.070 -0.278 0.238
-0.500 0.823 0.271
-0.198 0.548 0.278
0.270 -0.102 -0.320
0.401 0.760 -0.512
-1.270 0.534 0.054
-0.368 0.199 -0.216
0.321 0.942 -0.096
-0.785 0.506 -0.637
-0.279 0.247 0.186
0.136 0.966 0.221
