11
-0.526 0.199 0.348
0.303 -0.358 0.385
0.557 0.830 0.025
1.012 0.017 -2.042
1.374 -0.079 -1.115
0.035 0.995 0.089
-0.612 0.111 0.252
0.181 -0.421 0.547
0.499 0.847 0.186
-0.416 0.020 0.471
0.486 -0.390 0.607
0.405 0.912 0.061
-1.954 0.010 0.807
-1.020 -0.265 0.580
0.268 0.961 -0.065
0.271 -0.052 -0.816
0.750 -0.448 -0.033
0.207 0.918 0.338
0.682 0.044 -2.183
0.290 -0.119 -1.278
-0.065 0.987 0.150
1.090 0.234 -0.761
0.459 -0.284 -0.183
-0.381 0.856 0.350
-0.112 0.003 -1.244
-0.235 -0.295 -0.298
-0.038 0.954 0.296
1.379 -0.077 -0.988
0.819 -0.528 -0.294
-0.283 0.892 0.351
0.354 0.207 -1.925
-0.040 -0.251 -1.128
-0.203 0.889 0.411
