20
-1.836 0.641 -2.004
-1.490 -0.093 -1.420
0.374 0.679 0.632
-2.025 0.407 0.209
-1.145 -0.021 -0.000
0.416 0.904 -0.099
-1.812 0.594 -1.833
-1.475 -0.115 -1.214
0.339 0.705 0.623
-2.308 0.659 0.025
-1.929 0.093 -0.707
0.260 0.824 -0.503
-1.837 0.349 -2.011
-1.786 -0.334 -1.282
0.047 0.730 0.681
-3.254 0.558 -0.650
-2.520 0.019 -1.064
0.469 0.842 -0.264
-1.265 0.589 0.209
-0.808 0.058 -0.505
0.286 0.847 -0.447
-2.064 0.501 -2.681
-1.393 -0.190 -2.413
0.643 0.722 0.256
0.305 0.477 3.850
-0.289 -0.095 3.284
-0.414 0.820 -0.395
-0.627 0.584 1.167
-0.464 0.303 0.221
0.048 0.960 -0.277
-1.254 0.620 -6.219
-1.022 0.496 -5.255
0.029 0.992 0.121
2.711 0.312 -2.054
1.899 -0.272 -2.053
-0.584 0.812 0.000
-1.737 0.339 -2.710
-1.002 -0.315 -2.532
0.635 0.757 0.154
-1.243 0.369 -2.755
-0.781 -0.322 -2.201
0.443 0.722 0.532
-4.458 0.553 -1.757
-3.468 0.621 -1.632
-0.067 0.998 -0.008
3.100 0.486 0.108
2.740 0.027 -0.704
-0.186 0.888 -0.420
-2.848 0.484 -1.055
-1.890 0.390 -0.782
0.090 0.996 0.026
0.253 0.384 1.747
-0.516 -0.001 1.236
-0.321 0.923 -0.213
0.828 0.630 -6.447
0.464 0.205 -5.619
-0.171 0.905 0.389
0.817 0.389 -6.581
0.814 0.209 -5.598
-0.000 0.984 0.180
