17
-0.173 0.239 -0.077
-0.886 -0.276 0.399
-0.490 0.851 0.187
-0.014 0.442 -0.010
-0.969 0.308 0.254
-0.135 0.991 0.016
0.202 0.266 0.075
-0.605 -0.234 -0.238
-0.442 0.864 -0.243
0.140 0.484 -0.056
-0.425 0.302 -0.860
-0.165 0.981 -0.105
0.212 0.324 -0.262
0.851 0.021 -0.969
0.143 0.950 -0.278
0.147 0.449 -0.171
1.085 0.336 0.157
0.100 0.993 0.056
0.472 0.386 -0.405
0.761 0.259 0.544
0.014 0.992 0.128
0.319 0.264 -0.269
-0.136 -0.055 0.562
-0.162 0.948 0.275
0.188 0.353 -0.280
-0.772 0.076 -0.262
-0.278 0.957 -0.080
0.121 0.279 -0.365
-0.510 -0.109 -1.036
-0.260 0.922 -0.288
-0.100 0.110 -0.157
0.305 -0.391 -0.921
0.198 0.865 -0.461
0.583 0.006 -0.004
1.226 -0.455 -0.616
0.283 0.885 -0.369
0.142 0.087 -0.238
-0.604 -0.387 -0.705
-0.393 0.880 -0.266
-0.175 0.249 -0.014
-0.978 -0.045 0.504
-0.247 0.956 0.160
-0.154 0.244 -0.073
-1.043 -0.144 0.171
-0.388 0.920 0.050
-0.280 0.277 -0.119
-1.112 -0.028 -0.582
-0.272 0.952 -0.138
-0.005 0.337 -0.088
-0.564 0.167 -0.900
-0.113 0.985 -0.128
0.373 0.294 -0.288
0.430 -0.011 -1.239
0.001 0.952 -0.306
