11
0.898 0.580 -2.747
0.655 0.009 -1.963
-0.169 0.821 0.546
1.990 0.572 -1.651
1.334 0.051 -2.198
-0.400 0.854 -0.333
1.406 0.556 -1.259
0.669 0.398 -0.601
-0.118 0.987 0.105
-1.121 0.654 1.792
-0.384 0.684 1.117
-0.023 1.000 0.021
-0.280 0.378 1.213
-0.021 -0.307 0.532
0.244 0.729 -0.640
1.263 0.760 -0.104
0.360 0.389 -0.321
-0.361 0.929 -0.087
-1.640 0.761 0.944
-1.206 0.636 0.052
0.055 0.992 -0.113
2.475 0.534 -0.967
1.486 0.682 -0.971
0.149 0.989 0.001
-1.482 0.710 0.234
-0.857 0.062 -0.201
0.532 0.762 -0.370
0.859 0.581 -2.716
0.300 0.023 -2.103
-0.376 0.829 0.413
1.444 0.697 -1.288
0.782 0.744 -0.539
0.031 0.999 -0.035
