20
2.365 0.215 0.291
1.398 -0.036 0.331
-0.253 0.965 -0.065
2.526 0.253 0.174
1.531 0.235 0.079
-0.013 0.999 -0.048
2.406 0.132 0.260
1.533 -0.355 0.258
-0.485 0.871 -0.082
1.329 0.185 -0.009
0.564 0.009 0.610
-0.182 0.982 0.053
0.202 0.057 -0.014
-0.647 -0.359 0.313
-0.408 0.908 0.095
-0.719 0.191 0.142
-1.500 -0.023 -0.445
-0.136 0.975 -0.174
-0.538 0.200 0.009
-0.503 -0.004 -0.970
0.062 0.978 -0.201
-0.371 0.029 0.158
-0.116 -0.736 -0.434
0.256 0.644 -0.721
-0.848 0.066 0.044
-1.685 -0.404 -0.236
-0.450 0.883 -0.133
-0.978 0.090 -0.208
-1.590 -0.399 0.412
-0.316 0.871 0.376
-0.908 0.222 -0.196
-1.100 0.150 0.783
-0.002 0.997 0.073
-1.045 0.044 -0.199
-0.726 -0.561 0.530
0.307 0.794 0.524
-0.987 0.045 -0.055
-0.571 -0.522 0.656
0.343 0.822 0.455
-0.204 -0.009 0.042
0.180 -0.655 0.702
0.293 0.763 0.576
0.147 0.073 0.059
0.436 -0.394 0.895
0.097 0.883 0.460
-0.742 -0.027 -0.270
-0.218 -0.701 -0.790
0.545 0.735 -0.404
-0.926 0.145 -0.039
-1.419 -0.222 -0.827
-0.149 0.929 -0.339
-0.917 0.328 0.103
-1.774 0.340 -0.411
0.040 0.998 -0.045
-0.668 0.284 0.069
-1.398 0.302 0.752
-0.037 0.997 -0.066
-0.513 0.067 0.238
-0.939 -0.510 0.935
-0.288 0.817 0.500
0.009 -0.017 0.239
-0.441 -0.694 0.822
-0.450 0.735 0.507
