18
-0.233 0.148 -1.958
0.612 -0.349 -1.758
0.483 0.868 0.114
0.553 0.041 -0.877
0.511 -0.123 -1.863
-0.007 0.986 -0.164
0.089 0.005 0.045
-0.507 -0.647 -0.424
-0.512 0.759 -0.403
-0.344 0.120 -0.489
-0.254 -0.182 -1.438
0.029 0.954 -0.300
-0.367 0.177 -1.224
0.198 -0.478 -1.727
0.489 0.756 -0.435
-0.947 0.159 -0.382
-0.548 -0.385 -1.121
0.258 0.839 -0.479
0.028 0.254 -0.499
0.602 0.288 -1.317
-0.019 0.999 0.027
0.278 0.267 -1.374
-0.468 -0.147 -0.853
-0.340 0.910 0.237
0.057 0.289 -0.440
-0.144 -0.307 -1.217
-0.149 0.803 -0.577
-0.909 0.268 -0.703
0.048 0.283 -0.995
-0.015 1.000 0.004
-0.314 0.302 -0.966
-0.729 -0.569 -1.230
-0.735 0.492 -0.467
-0.924 0.242 -1.773
-0.408 -0.218 -1.050
0.267 0.888 0.374
-0.742 0.304 -0.086
-0.137 -0.233 -0.672
0.386 0.843 -0.374
0.737 0.195 -1.798
-0.126 0.097 -1.302
-0.086 0.995 0.049
1.021 0.357 -0.769
0.504 -0.351 -1.250
-0.519 0.706 -0.482
0.122 0.032 0.049
-0.417 -0.107 -0.782
-0.075 0.990 -0.116
0.723 0.284 -1.800
-0.035 0.152 -1.162
-0.101 0.991 0.085
0.016 0.070 -0.394
-0.251 -0.508 -1.165
-0.189 0.816 -0.546
