12
-0.245 0.197 -0.217
0.738 0.023 -0.279
0.172 0.984 -0.040
-0.316 0.290 -0.286
0.643 0.317 -0.567
-0.029 1.000 -0.005
-0.316 0.151 -0.257
0.325 -0.166 -0.956
0.201 0.948 -0.246
-0.252 0.113 -0.211
0.263 -0.323 -0.950
0.230 0.900 -0.370
0.386 0.070 0.493
-0.130 -0.406 -0.219
-0.293 0.879 -0.376
0.643 0.023 0.877
0.164 -0.548 0.211
-0.365 0.820 -0.441
0.168 0.232 -0.097
-0.826 0.129 -0.117
-0.103 0.994 0.029
-0.037 0.259 -0.544
-0.785 0.311 0.117
0.076 0.997 0.007
0.132 0.072 -0.699
-0.166 -0.316 0.173
-0.095 0.921 0.377
0.118 0.202 -0.686
-0.254 -0.018 0.216
-0.023 0.973 0.228
0.174 0.041 -0.608
0.519 -0.475 0.175
0.282 0.853 0.439
-0.276 0.220 -0.472
0.707 0.108 -0.617
0.108 0.993 -0.041
-0.415 0.077 -0.293
0.363 -0.400 -0.703
0.426 0.879 -0.214
