10
-1.453 0.216 -0.452
-1.012 -0.181 -1.258
0.196 0.918 -0.344
-1.491 0.162 -0.427
-0.960 -0.298 -1.138
0.271 0.888 -0.373
-1.503 0.358 -0.444
-0.946 0.266 -1.270
0.047 0.996 -0.078
-0.830 0.299 -0.185
-1.448 -0.006 -0.909
-0.203 0.952 -0.227
-0.876 0.249 -0.388
-1.783 -0.114 -0.603
-0.357 0.932 -0.067
-0.950 0.151 -0.593
-1.750 -0.449 -0.586
-0.598 0.799 0.064
-1.222 0.085 -0.530
-1.346 -0.601 0.187
-0.108 0.727 0.678
-1.183 0.172 -0.368
-0.378 -0.345 -0.076
0.501 0.855 0.133
-0.619 0.153 0.122
0.214 -0.401 0.134
0.554 0.831 -0.051
-1.312 0.171 -0.221
-0.483 -0.362 -0.392
0.510 0.846 -0.157
-1.560 0.413 -0.340
-0.949 0.376 -1.130
0.031 0.999 -0.023
