33
0.201 0.265 -2.662
0.748 -0.377 -2.125
0.458 0.767 0.450
-2.133 0.478 0.289
-1.158 0.287 0.183
0.190 0.982 -0.021
-0.490 0.288 0.341
-0.086 -0.052 -0.508
0.146 0.940 -0.308
-1.403 0.525 0.437
-0.434 0.285 0.381
0.239 0.971 -0.014
-0.825 0.442 0.636
-0.525 0.085 -0.249
0.115 0.934 -0.338
-1.727 0.223 0.016
-0.782 -0.026 0.227
0.243 0.968 0.054
-1.642 0.372 -0.748
-0.762 0.159 -0.325
0.192 0.977 0.093
-1.732 0.536 -0.847
-1.018 0.268 -0.200
0.198 0.964 0.180
-0.221 0.438 2.413
-0.103 -0.042 1.544
0.065 0.877 -0.476
2.631 0.271 0.037
1.808 -0.215 -0.258
-0.457 0.874 -0.164
-0.145 0.278 0.744
0.136 0.139 -0.205
0.040 0.990 -0.133
0.673 0.423 -1.596
0.641 0.054 -0.667
-0.013 0.929 0.369
-2.278 0.455 -0.660
-1.402 0.300 -0.203
0.137 0.988 0.072
-0.685 0.345 1.218
-0.430 -0.086 0.352
0.121 0.903 -0.413
-1.269 0.205 0.319
-0.451 0.126 -0.251
0.065 0.997 -0.045
0.037 0.345 2.716
-0.298 0.025 1.830
-0.113 0.947 -0.299
0.166 0.209 -2.701
-0.011 -0.062 -1.755
-0.050 0.963 0.266
-2.500 0.279 -0.717
-1.644 -0.209 -0.542
0.478 0.873 0.098
-0.098 0.156 1.740
-0.314 -0.362 0.913
-0.131 0.855 -0.502
0.850 0.408 1.987
0.885 0.250 1.000
0.006 0.987 -0.158
0.175 0.173 -2.691
0.871 0.090 -1.977
0.058 0.997 0.059
0.284 0.301 -1.782
0.413 -0.268 -0.970
0.090 0.822 0.562
-2.032 0.255 -0.422
-1.285 -0.287 -0.808
0.481 0.841 -0.248
0.884 0.505 2.076
0.444 0.465 1.179
-0.018 0.999 -0.036
-0.726 0.439 -0.527
-0.039 -0.086 -0.026
0.424 0.851 0.310
2.527 0.514 -0.084
1.666 0.149 -0.439
-0.337 0.931 -0.139
1.835 0.252 0.739
1.445 -0.258 -0.028
-0.231 0.860 -0.455
2.102 0.393 -0.028
1.307 -0.188 -0.200
-0.568 0.814 -0.123
2.743 0.346 0.822
1.821 0.060 1.080
-0.276 0.958 0.077
0.822 0.395 -1.014
0.394 0.018 -0.192
-0.174 0.926 0.334
-1.974 0.339 -0.325
-1.138 -0.038 0.073
0.341 0.926 0.162
0.496 0.477 1.620
0.038 0.135 0.799
-0.166 0.940 -0.298
-0.771 0.443 -0.576
-0.331 0.241 0.299
0.091 0.979 0.180
