11
-0.833 0.238 -0.747
-0.200 -0.362 -0.258
0.475 0.800 0.367
0.627 0.356 0.099
-0.060 -0.269 -0.272
-0.549 0.781 -0.297
0.448 0.398 -1.157
0.055 -0.312 -0.573
-0.396 0.704 0.589
0.936 0.333 -0.803
0.031 -0.091 -0.841
-0.424 0.906 -0.018
-0.781 0.232 -1.655
-0.198 -0.455 -1.223
0.552 0.726 0.409
0.208 0.355 0.089
-0.188 -0.309 -0.545
-0.352 0.748 -0.563
1.414 0.150 -0.025
0.855 -0.225 -0.764
-0.227 0.927 -0.299
-0.466 0.265 -1.057
-0.762 -0.308 -0.293
-0.207 0.819 0.535
-0.975 0.418 -0.750
-0.126 -0.075 -0.942
0.481 0.870 -0.109
-0.065 0.272 -1.640
0.798 0.023 -1.200
0.222 0.968 0.113
1.462 0.413 -1.171
0.583 0.164 -1.577
-0.226 0.968 -0.105
