14
-0.987 0.443 -1.524
-0.643 -0.200 -0.839
0.288 0.766 0.574
0.841 0.420 -0.258
0.394 -0.180 0.405
-0.336 0.800 0.497
1.041 0.436 0.899
0.416 -0.269 0.566
-0.623 0.709 -0.332
0.810 0.553 -0.465
0.324 -0.145 0.060
-0.474 0.716 0.513
0.339 0.238 -1.094
0.120 -0.350 -0.316
-0.159 0.809 0.566
-0.790 0.509 1.735
-0.171 0.118 1.054
0.263 0.920 -0.289
-0.732 0.407 -1.398
-0.757 -0.282 -0.673
-0.025 0.725 0.688
-0.415 0.243 1.668
0.286 -0.414 1.390
0.611 0.754 -0.242
1.940 0.516 -1.162
1.358 -0.131 -0.669
-0.493 0.763 0.418
2.010 0.385 -0.704
1.276 -0.026 -0.164
-0.331 0.912 0.244
1.413 0.237 2.086
0.717 -0.398 1.751
-0.572 0.772 -0.275
-0.023 0.284 1.594
0.581 -0.151 0.926
0.292 0.900 -0.323
-0.951 0.219 -1.336
-0.187 -0.172 -0.823
0.325 0.920 0.218
1.482 0.433 -0.389
0.715 -0.177 -0.187
-0.590 0.793 0.155
