16
-0.612 0.121 1.087
-1.567 -0.177 1.088
-0.297 0.955 0.001
-0.212 0.143 0.477
-1.058 -0.305 0.766
-0.424 0.894 0.145
0.248 0.189 0.412
-0.530 -0.283 0.827
-0.417 0.882 0.222
0.026 0.091 1.549
-0.956 0.211 1.403
0.119 0.993 0.018
-0.607 0.335 0.533
-1.323 -0.357 0.621
-0.688 0.721 0.085
-0.061 0.153 0.970
-0.850 -0.358 0.629
-0.469 0.859 -0.203
-0.391 0.415 1.608
-1.231 -0.058 1.343
-0.451 0.881 -0.142
-0.460 0.324 -0.040
-0.979 -0.100 0.701
-0.244 0.905 0.348
0.483 0.078 0.904
-0.167 -0.565 0.500
-0.546 0.766 -0.339
0.004 0.239 1.310
-0.810 0.158 0.736
-0.066 0.997 -0.047
0.052 0.425 -0.113
-0.808 -0.011 0.153
-0.416 0.900 0.128
-0.136 0.251 -0.086
-0.781 -0.384 0.339
-0.530 0.772 0.350
-0.388 0.242 1.607
-1.022 -0.488 1.351
-0.677 0.684 -0.273
-0.185 0.237 1.026
-0.839 -0.498 0.847
-0.709 0.678 -0.194
-0.695 0.060 0.574
-0.451 -0.809 0.144
0.429 0.494 -0.756
-1.643 0.405 1.436
-1.187 -0.114 0.713
0.277 0.855 -0.439
