21
1.472 0.358 1.471
0.535 0.404 1.123
0.043 0.999 0.016
0.223 0.561 -1.213
-0.348 0.273 -0.444
-0.172 0.957 0.232
1.234 0.627 -1.312
0.521 0.227 -0.735
-0.311 0.917 0.251
3.169 0.465 -0.424
2.208 0.446 -0.149
-0.019 1.000 0.005
1.630 0.513 0.436
0.817 0.128 0.000
-0.340 0.923 -0.182
2.470 0.484 -1.356
1.479 0.419 -1.471
-0.065 0.998 -0.008
2.662 0.497 -0.357
1.754 0.420 0.053
-0.071 0.997 0.032
-0.776 0.587 1.460
-1.083 0.333 0.543
-0.080 0.967 -0.240
3.007 0.625 -0.750
2.116 0.224 -0.963
-0.390 0.916 -0.093
2.314 0.285 -0.874
1.589 0.497 -0.219
0.158 0.977 -0.142
-2.453 0.595 1.938
-1.582 0.525 1.452
0.061 0.998 -0.034
-2.946 0.298 -0.035
-2.112 -0.204 -0.267
0.483 0.865 -0.134
-1.970 0.512 -1.465
-1.302 0.047 -0.885
0.351 0.885 0.305
-2.350 0.514 1.919
-1.589 0.450 1.273
0.049 0.998 -0.041
-2.888 0.371 1.100
-3.026 0.159 0.133
-0.030 0.977 -0.210
-1.670 0.398 -1.528
-0.898 0.228 -0.915
0.133 0.985 0.106
-2.891 0.507 -0.046
-1.974 0.107 -0.019
0.399 0.917 0.012
-2.761 0.397 1.911
-2.518 -0.244 1.183
0.203 0.767 -0.608
-2.524 0.356 -1.148
-1.553 0.487 -0.948
-0.128 0.991 -0.026
-2.117 0.482 -1.225
-1.230 0.157 -0.899
0.305 0.946 0.112
0.156 0.459 0.850
-0.211 -0.123 0.125
-0.263 0.813 -0.519
