20
0.739 0.179 0.133
-0.244 0.278 0.285
0.098 0.995 -0.015
0.428 0.296 1.599
-0.120 0.126 0.780
-0.095 0.985 -0.142
1.376 0.196 -0.003
0.403 0.072 0.190
-0.122 0.992 0.024
1.202 0.400 1.044
0.390 0.320 0.465
-0.065 0.997 -0.046
1.437 0.379 -1.222
0.543 0.157 -0.833
-0.203 0.975 0.088
-1.843 0.373 0.365
-1.642 0.208 -0.601
0.034 0.986 -0.162
1.801 0.416 0.438
0.815 0.494 0.286
0.077 0.997 0.012
1.516 0.287 1.134
0.968 -0.334 0.575
-0.435 0.783 -0.444
2.255 0.473 -0.366
1.335 0.516 0.025
0.039 0.999 -0.016
-1.130 0.443 1.063
-0.371 -0.164 0.828
0.580 0.795 -0.180
-1.202 0.427 0.275
-0.536 -0.231 -0.075
0.583 0.753 -0.306
1.584 0.175 -0.738
0.764 -0.019 -0.199
-0.163 0.981 0.107
-0.991 0.142 -1.983
-0.652 -0.375 -1.197
0.205 0.856 0.475
1.352 0.409 -1.246
0.391 0.137 -1.302
-0.272 0.962 -0.016
-1.115 0.245 0.535
-0.806 -0.388 -0.175
0.254 0.774 -0.580
1.263 0.225 0.284
0.384 -0.207 0.486
-0.421 0.902 0.097
-1.536 0.145 0.192
-0.786 -0.406 0.557
0.495 0.835 0.241
0.957 0.315 -0.582
0.122 -0.233 -0.524
-0.547 0.837 0.038
1.032 0.225 1.773
0.581 0.214 0.880
-0.005 1.000 -0.010
-1.102 0.117 0.485
-0.466 -0.394 -0.092
0.379 0.859 -0.344
