14
-0.813 0.500 -0.093
-0.163 -0.176 0.252
0.598 0.737 0.317
-0.137 0.397 0.803
-0.623 -0.400 0.445
-0.641 0.604 -0.473
0.001 0.556 -0.371
0.274 -0.189 0.238
0.305 0.668 0.679
-0.681 0.673 -0.158
-0.441 -0.085 0.449
0.279 0.653 0.704
-0.594 0.635 0.803
-0.705 -0.184 0.241
-0.158 0.573 -0.804
0.692 0.476 -0.140
0.109 -0.145 0.383
-0.462 0.784 0.415
0.488 0.511 -0.927
0.155 0.087 -0.086
-0.156 0.905 0.395
0.714 0.514 -0.240
0.012 -0.016 0.236
-0.439 0.848 0.297
1.393 0.621 -0.152
0.605 0.025 -0.307
-0.585 0.803 -0.115
-0.001 0.390 -0.445
0.321 -0.173 0.316
0.219 0.827 0.518
1.001 0.501 -0.239
0.215 0.057 0.191
-0.389 0.896 0.213
0.087 0.425 0.318
-0.125 -0.306 -0.330
-0.228 0.682 -0.695
0.703 0.606 0.401
0.318 -0.218 0.816
-0.560 0.567 0.604
0.911 0.735 -0.926
0.241 0.008 -0.776
-0.710 0.686 0.158
