1448
-0.024 -0.083 -1.191
0.480 -0.936 -1.057
0.833 0.521 0.185
0.107 0.021 -0.975
0.925 -0.480 -0.691
0.487 0.865 0.124
0.404 0.058 -0.721
0.495 -0.308 0.206
0.069 0.930 0.361
0.324 0.022 -0.455
-0.152 -0.490 0.260
-0.114 0.842 0.528
0.153 0.068 -0.480
-0.769 -0.316 -0.531
-0.386 0.921 0.049
0.020 0.064 -0.482
-0.319 -0.281 -1.357
-0.152 0.938 -0.311
-0.254 0.109 -0.673
0.416 -0.247 -1.324
0.237 0.934 -0.266
-0.002 0.258 -0.753
0.979 0.453 -0.780
-0.197 0.980 -0.027
0.161 -0.010 -0.608
0.880 -0.687 -0.451
0.661 0.736 0.145
-0.022 -0.100 -1.079
0.523 -0.885 -1.373
0.728 0.617 -0.298
0.300 0.166 -1.110
1.253 -0.065 -0.915
0.230 0.973 0.030
0.212 0.211 -0.928
1.068 0.103 -0.422
0.083 0.994 0.070
0.225 0.089 -0.562
0.529 -0.455 0.220
0.176 0.838 0.516
0.015 -0.061 -0.654
-0.338 -0.899 -0.237
-0.528 0.546 0.650
0.131 0.259 -0.722
-0.483 0.299 0.066
0.022 0.999 -0.033
0.171 0.339 -0.707
-0.674 0.711 -0.323
0.324 0.927 -0.186
0.094 0.131 -0.627
-0.818 -0.261 -0.750
-0.387 0.920 -0.065
0.074 -0.041 -0.621
-0.375 -0.797 -1.098
-0.580 0.652 -0.488
0.212 0.171 -0.367
-0.182 -0.042 -1.261
-0.087 0.977 -0.194
0.135 0.144 -0.380
-0.704 -0.068 -0.881
-0.176 0.977 -0.118
