22
1.057 0.416 -0.737
1.344 0.257 0.207
0.028 0.987 0.158
0.936 0.329 -0.932
0.864 -0.092 -0.027
-0.104 0.905 0.412
1.699 0.271 -1.115
1.094 -0.163 -0.448
-0.260 0.900 0.349
1.427 0.313 -1.171
0.688 -0.161 -0.693
-0.431 0.879 0.206
0.666 0.337 -1.315
-0.118 -0.104 -0.880
-0.353 0.895 0.271
-0.241 0.412 -1.032
-1.169 0.056 -0.922
-0.342 0.931 0.129
0.402 0.381 -0.454
-0.579 0.186 -0.450
-0.193 0.970 0.146
1.469 0.342 -0.736
0.557 0.021 -0.481
-0.280 0.942 0.183
1.808 0.329 -0.931
1.175 -0.104 -0.289
-0.293 0.901 0.319
1.519 0.371 0.113
0.554 0.112 0.163
-0.259 0.966 0.011
1.069 0.398 0.504
0.513 0.084 -0.265
-0.089 0.943 -0.320
1.041 0.306 0.395
1.233 -0.166 -0.465
0.122 0.881 -0.456
0.352 0.339 0.695
1.285 0.050 0.483
0.272 0.956 -0.110
0.217 0.326 0.535
0.964 0.059 1.143
0.249 0.961 0.117
1.473 0.252 0.484
2.081 -0.305 1.049
0.437 0.830 0.347
1.653 0.434 -0.413
1.223 0.170 0.450
-0.143 0.964 0.224
0.917 0.427 -0.262
-0.048 0.187 -0.154
-0.238 0.971 0.024
1.437 0.283 1.250
0.716 -0.094 0.669
-0.359 0.921 -0.153
0.344 0.398 1.003
-0.533 0.129 0.605
-0.230 0.963 -0.144
1.609 0.331 0.767
0.887 -0.071 0.203
-0.273 0.914 -0.302
1.721 0.294 -1.077
0.939 -0.210 -0.710
-0.454 0.864 0.220
1.939 0.301 -0.817
1.076 -0.201 -0.770
-0.499 0.864 0.072
1.838 0.393 -0.891
1.513 0.037 -0.015
-0.234 0.928 0.290
