17
-1.056 -0.137 -1.682
-0.247 -0.354 -1.135
0.180 0.976 0.122
-2.456 -0.078 -1.097
-1.601 -0.361 -0.664
0.253 0.959 0.128
-1.379 0.061 -0.696
-0.418 -0.115 -0.480
0.172 0.984 0.039
1.509 -0.181 0.964
1.371 -0.783 0.178
-0.104 0.798 -0.593
1.346 0.125 -0.508
0.556 -0.487 -0.480
-0.612 0.791 0.021
-2.038 -0.205 1.274
-1.066 -0.357 1.096
0.150 0.988 -0.027
2.408 0.036 -0.327
1.416 -0.081 -0.358
-0.118 0.993 -0.004
1.658 0.180 0.763
0.720 -0.035 0.491
-0.206 0.977 -0.060
-1.793 0.131 0.275
-0.906 -0.210 -0.035
0.322 0.940 -0.112
-1.603 0.089 -1.774
-0.948 -0.376 -1.178
0.344 0.885 0.313
1.623 -0.087 -0.589
0.813 -0.421 -0.107
-0.287 0.943 0.171
-0.498 -0.019 -0.395
0.215 -0.358 0.218
0.257 0.941 0.221
1.594 -0.006 -0.428
0.950 -0.516 0.142
-0.383 0.860 0.339
-0.573 -0.200 0.949
0.153 -0.391 0.288
0.141 0.982 -0.128
1.153 -0.092 1.724
0.309 -0.144 1.190
-0.044 0.999 -0.027
-1.325 -0.072 -0.687
-0.546 -0.697 -0.749
0.622 0.781 -0.050
1.593 -0.034 0.486
0.923 -0.289 -0.211
-0.177 0.967 -0.184
