17
-1.121 -0.146 0.355
-1.600 -0.621 -0.383
-0.279 0.880 -0.385
-0.948 -0.020 0.393
-0.815 -0.231 -0.575
0.004 0.977 -0.212
-1.180 -0.048 -0.486
-0.350 -0.440 -0.883
0.367 0.920 -0.140
-0.737 -0.014 -0.570
-0.149 -0.348 0.166
0.258 0.941 0.220
-0.542 -0.005 -0.685
-1.090 -0.322 0.089
-0.156 0.948 0.278
0.036 0.027 -0.795
-0.613 -0.301 -0.110
-0.244 0.944 0.221
0.251 0.032 -0.974
-0.714 -0.177 -1.130
-0.213 0.977 0.005
-0.101 -0.001 -0.962
-0.936 -0.199 -0.449
-0.177 0.980 0.090
-1.158 -0.092 -0.351
-0.748 -0.443 0.491
0.161 0.936 0.312
-0.434 -0.080 0.690
0.503 -0.417 0.780
0.335 0.942 0.032
0.156 -0.404 1.149
0.806 -0.632 0.424
0.141 0.974 -0.179
0.157 -0.106 1.026
0.851 -0.483 0.412
0.258 0.926 -0.277
0.019 0.053 0.984
-0.242 -0.169 0.045
-0.081 0.975 -0.208
-0.233 -0.049 0.835
-1.108 -0.373 0.473
-0.299 0.946 -0.126
-0.448 0.149 0.897
-1.407 0.242 0.631
0.069 0.993 0.098
-1.040 -0.161 0.356
-1.238 -0.635 -0.502
-0.099 0.881 -0.463
-1.389 -0.082 -0.673
-0.509 -0.529 -0.837
0.446 0.894 -0.044
0.160 -0.118 -1.108
0.566 -0.560 -0.308
0.259 0.895 0.363
