374
-0.503 -0.035 1.547
-1.225 -0.634 1.891
-0.574 0.798 0.186
-1.181 -0.044 1.047
-1.777 -0.690 1.525
-0.513 0.763 0.393
-1.907 0.081 -0.352
-1.664 -0.583 0.355
0.266 0.747 0.609
-1.448 0.247 -1.158
-0.712 -0.179 -1.683
0.379 0.903 -0.202
-0.183 0.046 -0.636
0.518 -0.598 -0.943
0.657 0.750 -0.076
0.813 0.089 0.417
1.749 -0.254 0.341
0.344 0.939 -0.002
0.974 0.158 1.024
1.164 -0.091 1.974
0.107 0.967 0.232
1.189 0.107 0.737
0.646 -0.313 1.464
-0.237 0.907 0.348
0.346 0.026 -0.092
-0.438 -0.555 0.131
-0.557 0.815 0.162
-0.690 0.212 -0.274
-1.486 0.031 0.303
-0.081 0.978 0.195
-0.788 0.229 -0.746
-1.504 0.080 -1.429
-0.103 0.989 -0.107
-1.299 0.026 -0.680
-0.833 -0.579 -1.326
0.457 0.790 -0.409
