9
0.133 0.612 -2.583
-0.091 -0.085 -3.264
-0.218 0.717 -0.663
-0.166 0.722 -4.130
-0.469 0.083 -3.423
-0.252 0.769 0.588
-1.123 0.740 1.884
-0.655 0.297 1.120
0.232 0.896 -0.378
0.046 0.670 0.624
-0.201 -0.242 0.954
-0.546 0.412 0.730
-0.550 0.931 -4.063
0.045 0.256 -3.628
0.545 0.737 0.399
-1.357 0.624 -2.037
-0.548 0.087 -2.276
0.515 0.844 -0.152
0.518 0.689 1.389
0.236 -0.220 1.695
-0.616 0.416 0.669
-0.796 0.891 0.284
-0.123 0.171 0.115
0.699 0.694 -0.176
0.013 0.801 -0.145
-0.240 -0.099 0.210
-0.523 0.437 0.732
