17
0.078 0.685 0.179
-0.282 -0.225 -0.024
-0.793 0.414 -0.448
-0.743 0.368 -0.360
-0.385 -0.320 0.272
0.339 0.726 0.599
0.979 0.533 -0.235
0.276 -0.177 -0.261
-0.710 0.704 -0.026
1.139 0.419 -0.229
0.429 -0.284 -0.197
-0.702 0.712 0.032
0.456 0.353 0.193
-0.384 -0.184 0.122
-0.535 0.844 -0.045
1.067 0.711 -0.679
0.356 0.143 -0.264
-0.490 0.823 0.286
1.247 0.509 -0.225
0.361 0.104 -0.001
-0.393 0.914 0.099
0.670 0.447 0.118
0.472 -0.379 -0.410
-0.291 0.564 -0.773
0.594 0.721 -0.166
0.317 -0.064 0.388
-0.351 0.619 0.702
0.220 0.613 0.212
0.274 -0.202 -0.365
0.076 0.579 -0.812
0.550 0.450 -0.210
0.990 -0.425 -0.009
0.796 0.484 0.363
0.145 0.589 -0.125
-0.076 -0.166 0.491
-0.255 0.655 0.711
1.471 0.335 0.424
0.576 -0.103 0.515
-0.436 0.899 0.044
1.108 0.427 0.442
1.036 -0.308 -0.232
-0.078 0.678 -0.731
-0.165 0.496 0.229
0.638 -0.100 0.242
0.596 0.803 0.010
0.667 0.681 -0.209
1.132 -0.190 -0.048
0.823 0.492 0.283
0.146 0.527 -0.150
0.201 -0.248 0.480
0.068 0.632 0.772
