17
0.621 0.310 -0.088
0.266 -0.269 0.646
-0.225 0.815 0.534
0.579 0.524 -0.109
0.055 0.383 0.731
-0.080 0.990 0.116
0.316 0.344 0.348
-0.301 -0.185 0.930
-0.475 0.840 0.260
-0.330 0.302 0.204
-0.811 -0.491 -0.169
-0.748 0.594 -0.297
0.285 0.220 0.268
-0.361 -0.441 -0.114
-0.628 0.745 -0.227
0.484 -0.181 0.091
-0.313 -0.606 -0.337
-0.372 0.905 -0.206
0.048 -0.199 -0.067
0.077 -1.010 -0.651
-0.246 0.561 -0.790
0.013 0.055 -0.150
0.085 -0.830 -0.610
0.098 0.466 -0.879
0.338 -0.106 0.083
0.329 -0.972 -0.417
0.016 0.499 -0.866
0.268 0.282 0.106
0.371 -0.250 -0.734
0.068 0.847 -0.528
0.044 0.567 0.025
0.526 0.420 -0.839
0.125 0.987 -0.099
0.299 0.430 -0.275
1.213 0.121 -0.539
0.305 0.950 -0.059
0.623 0.197 -0.221
1.132 -0.552 -0.645
0.451 0.652 -0.609
0.779 0.240 0.049
1.269 -0.430 -0.509
0.297 0.730 -0.616
0.373 0.153 -0.337
1.011 -0.556 -0.037
0.670 0.704 0.237
0.199 0.234 -0.167
0.379 -0.356 0.620
0.161 0.807 0.569
0.192 0.509 -0.222
0.350 0.522 0.765
-0.072 0.997 -0.001
0.179 0.347 0.227
-0.145 -0.103 1.060
-0.108 0.892 0.439
