10
1.647 0.760 -2.027
1.550 0.365 -1.114
-0.042 0.918 0.393
-0.275 0.813 -3.654
-0.076 0.726 -2.678
0.017 0.996 0.085
1.375 1.045 2.642
0.943 0.773 1.782
-0.122 0.962 -0.244
2.661 0.750 -2.672
1.859 0.424 -2.171
-0.276 0.945 0.173
2.213 0.985 -0.352
1.401 1.073 -0.929
0.072 0.996 0.051
-0.471 1.004 -3.698
0.055 0.849 -2.862
0.082 0.988 0.131
-0.854 1.010 -2.213
-0.168 0.964 -1.487
0.031 0.999 0.033
1.297 0.843 2.938
0.726 0.667 2.136
-0.102 0.984 -0.143
-1.929 1.000 -0.037
-1.231 0.592 -0.625
0.312 0.913 -0.263
-0.598 0.780 -2.832
-0.066 0.830 -1.986
-0.027 0.999 -0.042
