12
-0.644 0.368 0.866
0.092 0.149 0.226
0.165 0.976 -0.144
-0.804 0.260 2.524
-0.379 0.262 1.618
-0.001 1.000 0.002
-1.897 0.229 -0.419
-0.910 0.247 -0.581
-0.018 1.000 0.003
-1.065 0.297 1.071
-0.274 0.311 0.459
-0.011 1.000 0.009
-0.977 0.356 1.029
-0.174 0.392 0.434
-0.028 0.999 0.021
-1.757 0.116 -0.488
-0.810 0.265 -0.201
-0.143 0.989 -0.043
-1.441 0.236 -2.071
-0.669 0.482 -1.485
-0.196 0.969 -0.149
-2.321 0.450 -0.212
-1.478 0.028 -0.548
0.391 0.907 -0.156
2.473 0.121 0.541
1.829 -0.179 -0.163
-0.202 0.954 -0.221
-2.722 0.353 -0.795
-1.894 -0.058 -0.413
0.373 0.912 0.172
-0.616 0.453 1.991
-0.515 0.418 0.996
0.004 0.999 -0.034
0.167 0.185 -2.658
0.251 0.031 -1.673
0.013 0.988 0.153
