10
1.692 0.156 0.109
1.603 -0.453 -0.680
-0.076 0.793 -0.604
1.454 0.286 -0.086
0.898 -0.096 -0.824
-0.252 0.924 -0.288
1.418 0.354 -0.276
0.502 0.045 -0.022
-0.287 0.951 0.118
1.516 0.158 -0.061
1.041 -0.483 0.542
-0.405 0.767 0.497
1.535 0.384 -0.186
0.819 0.272 0.503
-0.129 0.991 0.027
0.963 0.172 0.133
0.167 -0.313 -0.229
-0.446 0.874 -0.193
1.558 0.162 0.176
1.443 -0.461 -0.598
-0.087 0.783 -0.616
1.044 0.239 0.082
0.567 -0.157 -0.703
-0.245 0.918 -0.313
0.297 0.157 -0.254
-0.266 -0.394 -0.870
-0.442 0.831 -0.339
-0.556 0.183 -0.700
-1.324 -0.313 -0.295
-0.437 0.868 0.235
-1.134 0.228 -0.972
-1.006 0.002 -0.007
0.030 0.974 0.224
