22
1.280 0.301 -1.210
0.374 0.137 -0.820
-0.151 0.986 0.065
0.340 0.202 -0.978
-0.583 0.147 -0.598
-0.050 0.999 0.021
-1.953 0.245 -1.708
-2.867 0.294 -1.304
0.044 0.999 -0.020
-2.984 0.344 0.420
-2.984 -0.159 -0.444
0.000 0.864 -0.503
1.406 0.498 1.828
0.652 0.331 1.192
-0.128 0.986 -0.108
1.013 0.298 0.018
0.022 0.359 0.136
0.062 0.998 -0.007
0.932 0.445 -0.885
0.111 0.365 -0.320
-0.066 0.997 0.045
1.756 0.315 0.933
0.757 0.320 0.910
0.005 1.000 0.000
-2.275 0.450 -1.748
-2.732 -0.095 -1.045
-0.297 0.839 0.456
-1.341 0.323 1.164
-1.792 0.228 0.276
-0.043 0.995 -0.085
0.283 0.287 -0.374
-0.624 0.065 -0.017
-0.207 0.975 0.081
0.877 0.171 -0.886
-0.117 0.272 -0.892
0.101 0.995 0.001
1.280 0.152 -1.017
0.619 -0.324 -0.436
-0.357 0.880 0.314
1.489 0.302 0.928
0.497 0.410 0.997
0.108 0.994 -0.007
-2.233 0.481 0.969
-2.312 -0.002 0.097
-0.043 0.875 -0.482
1.301 0.195 -0.878
0.512 -0.301 -0.516
-0.450 0.869 0.207
1.455 0.117 0.026
0.698 -0.451 0.351
-0.522 0.823 0.224
0.325 0.411 -0.824
-0.231 -0.016 -0.111
-0.263 0.904 0.337
1.552 0.289 0.929
0.862 -0.111 0.326
-0.301 0.917 -0.263
-1.539 0.219 -0.252
-0.730 -0.339 -0.067
0.545 0.829 0.124
2.181 0.249 -0.463
1.559 -0.260 0.133
-0.367 0.861 0.351
-0.560 0.149 -1.032
-0.602 -0.341 -0.161
-0.024 0.872 0.489
