11
-0.840 0.584 -1.420
-0.122 0.508 -0.729
0.055 0.997 0.053
-1.011 0.406 0.211
-0.130 -0.012 0.437
0.404 0.909 0.103
-1.510 0.516 -1.369
-0.607 0.157 -1.135
0.348 0.933 0.090
-0.878 0.634 1.820
-0.015 0.161 1.644
0.463 0.881 -0.094
0.734 0.432 1.658
0.254 0.347 0.785
-0.041 0.996 -0.075
2.321 0.629 1.171
2.245 0.020 0.381
-0.059 0.793 -0.606
-0.877 0.486 1.759
-0.649 0.108 0.862
0.093 0.926 -0.366
1.935 0.307 1.479
1.236 0.232 0.767
-0.052 0.997 -0.053
2.341 0.443 1.490
1.716 0.299 0.721
-0.091 0.990 -0.111
-0.911 0.452 1.189
-0.635 -0.054 0.372
0.162 0.863 -0.479
-0.546 0.349 1.795
-0.173 -0.083 0.974
0.179 0.902 -0.394
