378
0.059 0.162 -0.108
0.208 -0.261 0.785
0.096 0.906 0.413
-0.012 0.075 -0.294
0.500 -0.437 0.395
0.322 0.859 0.398
-0.066 0.103 0.322
0.528 -0.393 0.955
0.314 0.868 0.384
-0.174 0.220 -0.225
0.224 -0.059 0.649
0.108 0.960 0.257
0.163 0.209 0.282
1.118 -0.071 0.180
0.276 0.959 -0.055
1.066 0.226 0.745
1.429 -0.075 -0.137
0.095 0.954 -0.286
0.301 0.195 0.793
0.230 -0.084 -0.164
-0.055 0.960 -0.276
0.026 0.132 0.315
-0.478 -0.180 -0.490
-0.153 0.950 -0.272
-0.704 0.086 0.066
-1.084 -0.267 -0.788
-0.187 0.935 -0.303
0.122 0.155 -0.235
-0.793 -0.139 -0.509
-0.298 0.954 -0.030
0.293 0.159 -0.751
-0.512 -0.205 -0.282
-0.294 0.930 0.219
0.387 0.220 -0.609
0.351 -0.082 0.343
-0.006 0.953 0.302
