9
-1.647 0.432 -0.132
-0.914 0.479 -0.810
-0.035 0.999 0.032
-1.735 0.300 0.265
-1.153 0.181 -0.539
0.069 0.993 -0.096
-0.941 0.418 -1.421
0.014 0.127 -1.351
0.290 0.957 0.021
1.087 0.606 1.223
0.402 0.524 0.499
-0.057 0.997 -0.060
-1.629 0.364 0.508
-0.681 0.062 0.405
0.300 0.953 -0.032
1.071 0.296 -0.858
0.450 -0.243 -0.289
-0.397 0.842 0.364
-0.857 0.536 -1.402
-0.581 -0.076 -0.660
0.214 0.791 0.574
-1.701 0.367 0.113
-1.058 -0.200 -0.403
0.442 0.824 -0.354
-0.166 0.498 -0.694
0.261 -0.039 0.034
0.272 0.843 0.464
