9
1.442 0.400 -0.074
0.499 0.137 -0.274
-0.264 0.964 -0.028
-0.048 0.257 -0.110
-0.640 -0.276 -0.714
-0.391 0.846 -0.364
0.065 0.499 -0.010
-0.877 0.348 -0.312
-0.182 0.980 0.076
1.365 0.315 -0.189
0.760 -0.379 0.203
-0.614 0.719 0.325
1.670 0.481 -0.435
1.297 0.187 0.445
-0.186 0.953 0.239
1.739 0.216 0.713
0.785 -0.049 0.572
-0.279 0.956 0.091
0.987 0.263 0.164
0.342 -0.491 0.042
-0.729 0.656 -0.197
0.803 0.230 0.905
0.178 -0.332 0.362
-0.410 0.827 -0.385
1.458 0.299 0.070
0.781 -0.244 -0.427
-0.469 0.838 -0.278
1.959 0.267 -0.952
1.271 -0.410 -0.691
-0.633 0.736 0.240
