9
0.623 0.029 0.238
-0.312 -0.314 0.154
-0.341 0.939 -0.031
0.931 0.240 0.751
0.052 -0.157 0.485
-0.380 0.918 -0.115
0.542 0.248 0.258
-0.218 -0.375 0.446
-0.604 0.783 0.149
-0.745 0.040 -0.578
-0.220 -0.563 0.024
0.396 0.798 0.454
-0.053 -0.100 1.046
-0.030 -0.409 0.095
0.008 0.951 -0.309
-0.311 -0.071 -0.680
0.298 -0.580 -0.072
0.361 0.861 0.360
-0.563 0.104 0.430
0.224 -0.259 -0.070
0.306 0.932 -0.194
0.087 -0.100 0.993
0.209 -0.473 0.073
0.049 0.928 -0.369
0.968 0.128 0.938
0.566 -0.280 0.118
-0.179 0.913 -0.366
