11
-0.245 0.247 0.495
0.285 -0.410 -0.042
0.480 0.754 -0.448
-0.844 0.291 0.848
-0.456 -0.357 0.193
0.382 0.760 -0.526
-0.875 0.498 0.978
-0.029 0.545 0.448
-0.072 0.997 -0.027
-1.047 0.288 0.420
-0.335 -0.383 0.214
0.661 0.740 -0.126
-1.161 0.452 0.331
-0.439 0.195 0.972
0.205 0.966 0.155
-0.779 0.318 0.359
-1.014 -0.248 1.150
-0.058 0.820 0.570
0.746 0.279 0.292
-0.125 -0.188 0.447
-0.466 0.884 0.045
0.462 0.219 0.281
0.030 -0.420 -0.355
-0.298 0.767 -0.569
-0.750 0.338 0.425
0.036 -0.076 -0.034
0.347 0.910 -0.227
-0.602 0.471 0.699
-0.891 0.478 -0.258
-0.063 0.998 0.026
0.539 0.158 -0.011
-0.184 -0.526 -0.115
-0.685 0.728 -0.031
0.262 0.441 -0.238
-0.211 0.516 0.639
0.136 0.991 -0.011
