17
-1.165 0.230 0.643
-0.277 -0.103 0.327
0.307 0.943 -0.131
-1.174 0.303 0.694
-0.330 0.155 0.177
0.120 0.989 -0.088
-0.563 0.132 1.203
0.116 -0.401 0.698
0.429 0.846 -0.316
0.652 0.183 0.823
0.941 -0.220 -0.046
0.088 0.915 -0.395
1.590 0.093 0.505
1.450 -0.330 -0.391
-0.016 0.905 -0.425
1.053 0.263 0.746
0.260 0.080 0.165
-0.166 0.983 -0.083
1.104 0.145 0.930
0.191 -0.233 1.081
-0.368 0.925 0.095
1.029 0.235 0.896
0.067 -0.029 0.819
-0.265 0.964 0.004
0.119 0.128 1.319
-0.600 -0.393 0.859
-0.394 0.851 -0.348
-0.935 0.257 1.033
-1.499 0.000 0.248
-0.131 0.966 -0.222
-1.501 0.136 0.915
-1.793 -0.279 0.053
-0.140 0.910 -0.391
-1.664 0.063 0.659
-0.863 -0.413 0.296
0.427 0.879 -0.210
-1.695 0.174 0.974
-0.911 -0.060 1.549
0.201 0.972 0.122
-1.926 0.163 0.914
-1.573 -0.133 1.802
0.084 0.955 0.285
-1.793 0.220 0.966
-0.924 0.020 1.418
0.177 0.980 0.093
-1.646 0.117 0.805
-1.066 -0.237 0.071
0.203 0.935 -0.291
-1.686 0.127 0.610
-1.869 -0.214 -0.312
-0.129 0.938 -0.321
-1.363 0.171 0.890
-2.067 -0.151 0.257
-0.239 0.947 -0.216
