15
3.318 0.406 0.712
2.591 -0.184 0.359
-0.530 0.808 -0.257
-3.500 0.434 1.491
-2.514 0.300 1.390
0.133 0.991 -0.014
-0.686 0.687 -2.372
-0.412 0.220 -1.531
0.144 0.884 0.444
-2.724 0.497 0.935
-1.742 0.430 1.112
0.066 0.998 0.012
-2.823 0.672 1.056
-1.946 0.291 0.766
0.362 0.924 -0.120
-2.214 0.614 0.580
-1.402 0.087 0.831
0.503 0.850 0.156
-0.858 0.443 -2.164
-0.814 0.046 -1.247
0.019 0.918 0.397
-0.193 0.487 3.616
-0.427 0.260 2.671
-0.055 0.974 -0.221
-1.055 0.658 -0.431
-0.515 0.288 0.325
0.215 0.929 0.301
-3.000 0.723 1.271
-2.078 0.673 0.886
0.046 0.999 -0.019
2.827 0.506 0.231
1.864 0.260 0.342
-0.244 0.969 0.028
-1.980 0.381 0.764
-1.058 0.060 0.983
0.312 0.947 0.074
-1.673 0.624 2.036
-1.090 0.224 1.329
0.255 0.916 -0.309
-0.087 0.396 -1.591
0.424 0.073 -0.795
0.175 0.946 0.272
0.057 0.437 -0.900
-0.362 0.353 0.004
-0.035 0.996 0.076
