12
1.829 0.549 1.663
0.994 0.300 1.173
-0.215 0.969 -0.126
3.095 0.304 1.223
2.139 0.068 1.046
-0.232 0.972 -0.043
2.866 0.275 1.446
1.908 0.081 1.233
-0.190 0.981 -0.042
1.470 0.469 1.273
0.508 0.403 1.007
-0.064 0.998 -0.018
1.531 0.478 0.655
1.166 0.498 -0.276
0.007 1.000 0.018
2.864 0.319 1.447
1.983 -0.031 1.130
-0.329 0.937 -0.118
-0.649 0.539 1.450
-0.386 0.406 0.494
0.035 0.991 -0.128
-0.447 0.669 -2.695
-1.023 0.219 -2.012
-0.290 0.893 0.344
2.886 0.658 0.214
2.261 0.677 -0.567
0.012 1.000 0.015
3.174 0.531 0.527
2.224 0.240 0.642
-0.289 0.957 0.035
-0.682 0.381 -3.167
-0.406 0.137 -2.237
0.069 0.970 0.234
-2.745 0.626 -1.435
-2.031 -0.026 -1.692
0.613 0.758 -0.221
