13
-0.311 0.105 0.946
0.524 -0.205 0.492
0.272 0.951 -0.148
-1.327 0.153 -1.490
-0.380 -0.029 -1.755
0.175 0.983 -0.049
-0.808 -0.142 -0.185
-0.037 -0.359 -0.783
0.172 0.976 -0.133
0.395 0.091 -0.385
1.324 0.035 -0.749
0.052 0.998 -0.020
-0.714 0.101 -1.207
0.153 -0.296 -0.907
0.376 0.918 0.130
-0.781 0.185 0.328
-0.145 0.081 -0.436
0.066 0.995 -0.080
-1.163 -0.002 -1.773
-0.436 -0.370 -1.193
0.288 0.930 0.230
2.498 0.036 0.653
1.792 -0.174 -0.023
-0.152 0.978 -0.146
-1.312 0.133 -1.088
-0.800 -0.107 -1.914
0.126 0.971 -0.204
0.438 0.036 0.965
1.187 -0.574 0.706
0.576 0.792 -0.199
-1.186 -0.140 -2.128
-0.622 -0.725 -1.545
0.407 0.811 0.421
0.148 0.076 -2.396
0.592 0.027 -1.502
0.021 0.999 0.043
-1.195 0.024 -2.279
-0.724 -0.570 -1.627
0.348 0.805 0.481
