30
-1.317 0.246 -0.552
-1.130 0.392 0.420
-0.028 0.989 -0.144
-0.129 0.433 -0.600
-0.469 0.342 0.337
-0.031 0.996 0.086
2.172 0.476 -1.373
1.566 0.144 -0.650
-0.213 0.944 0.254
-0.929 0.498 1.149
-0.360 -0.078 0.563
0.402 0.817 -0.413
-0.950 0.330 0.935
-0.369 -0.236 0.349
0.399 0.824 -0.402
1.915 0.403 -1.282
1.250 0.237 -0.554
-0.111 0.986 0.122
2.258 0.415 -0.716
1.518 0.052 -0.150
-0.288 0.932 0.221
1.630 0.280 -0.885
0.793 0.038 -0.393
-0.208 0.970 0.123
-0.733 0.543 -0.663
-0.224 -0.144 -0.145
0.482 0.726 0.491
2.621 0.539 0.891
1.878 0.069 0.414
-0.395 0.883 -0.254
2.152 0.534 -1.550
1.704 0.523 -0.656
-0.005 1.000 0.010
-1.038 0.373 1.284
-0.486 -0.009 0.543
0.228 0.924 -0.307
1.987 0.345 -1.884
1.250 -0.142 -1.415
-0.411 0.873 0.262
-1.385 0.548 0.717
-0.603 0.118 0.266
0.373 0.903 -0.215
1.079 0.423 -0.467
0.607 0.100 0.353
-0.162 0.946 0.280
-0.733 0.177 -0.665
-0.045 -0.413 -0.245
0.504 0.807 0.308
-1.521 0.524 1.188
-0.955 -0.128 0.685
0.488 0.758 -0.433
-0.356 0.548 0.907
0.269 0.280 0.174
0.174 0.964 -0.204
2.263 0.222 0.474
1.400 0.350 0.962
0.111 0.992 -0.063
1.608 0.416 -1.082
1.272 -0.181 -0.353
-0.250 0.802 0.542
2.592 0.212 0.586
1.776 -0.306 0.327
-0.493 0.856 -0.156
1.423 0.478 0.822
0.892 0.164 0.034
-0.176 0.949 -0.261
1.028 0.198 -0.925
0.453 -0.367 -0.333
-0.394 0.826 0.404
0.823 0.303 0.778
0.306 -0.102 0.024
-0.229 0.914 -0.334
-1.431 0.530 1.316
-0.579 0.158 0.947
0.341 0.928 -0.148
1.894 0.164 -1.280
1.227 -0.310 -0.706
-0.360 0.880 0.310
2.634 0.295 1.033
2.119 0.143 0.189
-0.079 0.988 -0.129
-1.579 0.480 0.580
-1.055 -0.012 -0.115
0.296 0.871 -0.393
-2.223 0.296 -0.405
-1.374 -0.111 -0.065
0.377 0.914 0.151
1.888 0.259 -1.875
1.076 -0.244 -1.577
-0.472 0.865 0.173
