18
-2.175 0.214 1.911
-1.885 -0.040 0.988
0.076 0.967 -0.242
0.709 0.285 0.574
0.047 0.176 -0.167
-0.072 0.994 -0.081
-0.556 0.193 1.772
-0.785 -0.036 0.826
-0.054 0.973 -0.222
-3.397 0.333 2.508
-2.755 0.090 1.781
0.161 0.970 -0.182
-1.923 0.062 2.664
-1.563 -0.201 1.769
0.098 0.965 -0.244
2.476 0.170 0.877
1.630 0.247 0.349
0.066 0.997 0.041
0.843 0.412 0.974
0.566 0.053 0.082
-0.106 0.934 -0.342
2.231 0.050 0.147
1.345 -0.212 -0.236
-0.240 0.965 -0.104
2.203 0.079 0.061
1.253 0.123 -0.249
0.041 0.999 0.014
4.077 0.213 0.684
3.121 -0.041 0.538
-0.252 0.967 -0.038
-3.873 0.230 1.000
-3.094 -0.146 0.496
0.315 0.927 -0.204
-3.270 0.293 2.461
-2.539 -0.079 1.890
0.293 0.928 -0.229
4.020 0.363 -1.004
3.026 0.328 -0.894
-0.035 0.999 0.004
0.706 0.320 0.564
0.721 -0.125 -0.332
0.007 0.896 -0.445
-0.493 0.068 1.960
-0.568 -0.302 1.034
-0.030 0.929 -0.369
-4.183 0.415 1.114
-3.237 0.359 0.794
0.053 0.998 -0.018
-3.730 0.051 2.240
-3.411 -0.446 1.433
0.183 0.868 -0.462
-3.720 0.259 2.272
-3.242 -0.302 1.596
0.324 0.828 -0.459
