22
-0.218 0.282 -0.100
-0.516 -0.660 0.057
-0.833 0.337 0.439
0.630 0.518 0.477
-0.082 -0.138 0.728
-0.619 0.755 0.218
-0.282 0.356 0.207
-0.585 -0.547 -0.099
-0.636 0.430 -0.641
0.328 0.334 0.548
-0.322 -0.378 0.283
-0.659 0.702 -0.269
0.353 0.382 -0.400
0.078 -0.332 0.244
-0.279 0.701 0.657
0.353 0.359 -0.691
-0.322 -0.359 -0.517
-0.695 0.696 0.179
-0.632 0.250 -0.290
-0.026 -0.413 0.150
0.537 0.749 0.389
-0.477 0.476 -0.113
-0.789 -0.431 0.169
-0.672 0.421 0.609
0.045 0.272 -0.444
-0.334 -0.363 0.229
-0.311 0.773 0.553
-0.588 0.524 -0.105
-0.233 -0.287 0.360
0.492 0.585 0.644
-0.046 0.571 0.073
-0.198 -0.272 -0.441
-0.239 0.537 -0.809
0.010 0.491 0.467
-0.155 -0.450 0.761
-0.461 0.337 0.821
-0.409 0.488 0.200
-0.782 -0.370 -0.153
-0.623 0.514 -0.590
0.638 0.248 0.254
0.056 -0.238 0.906
-0.324 0.874 0.363
0.206 0.601 0.542
-0.451 -0.052 0.165
-0.566 0.758 -0.325
0.047 0.243 -0.706
-0.660 -0.418 -0.452
-0.621 0.751 0.224
0.483 0.593 -0.560
0.655 0.155 0.323
0.084 0.899 0.429
-0.590 0.552 -0.057
0.032 -0.160 0.271
0.629 0.702 0.333
-0.056 0.449 -0.269
0.348 -0.321 0.224
0.488 0.638 0.596
0.476 0.584 0.556
0.033 -0.007 -0.118
-0.325 0.807 -0.493
-0.266 0.308 -0.423
0.285 -0.298 0.151
0.419 0.796 0.437
-0.472 0.549 -0.594
0.028 -0.003 0.073
0.331 0.834 0.442
