16
1.958 0.092 -0.320
0.987 -0.128 -0.220
-0.219 0.975 0.023
-0.971 0.355 1.376
-0.159 0.095 0.854
0.219 0.966 -0.141
2.179 0.253 0.342
1.245 0.055 0.044
-0.189 0.980 -0.060
-1.731 0.051 0.539
-0.762 0.052 0.292
-0.000 1.000 0.000
1.463 0.276 -1.759
0.616 -0.138 -1.425
-0.385 0.910 0.152
2.091 0.256 -0.851
1.144 0.381 -0.556
0.119 0.992 -0.037
1.658 0.257 -0.622
0.846 0.472 -0.079
0.179 0.977 -0.120
-0.356 0.399 -1.353
-0.431 0.046 -0.420
-0.028 0.936 0.352
-1.813 0.246 1.920
-1.324 -0.328 1.263
0.342 0.819 -0.460
-1.608 0.236 1.717
-1.244 0.231 0.785
0.002 1.000 -0.004
2.167 0.202 0.348
1.304 0.413 0.806
0.187 0.977 -0.099
-1.016 0.157 1.400
-0.388 -0.372 0.830
0.392 0.848 -0.356
-0.783 0.089 1.513
-1.249 -0.276 0.707
-0.183 0.931 -0.316
1.033 0.126 -1.125
0.581 -0.266 -0.323
-0.193 0.920 0.342
-2.128 0.104 -0.032
-1.181 -0.177 0.125
0.277 0.960 0.046
-2.717 0.144 -0.177
-1.727 0.168 -0.038
-0.024 1.000 -0.003
