8
-1.982 0.488 -0.466
-1.051 0.135 -0.546
0.357 0.934 0.031
-0.163 -0.122 -0.292
-0.078 -0.495 0.632
0.041 0.928 0.371
0.452 0.490 0.275
1.378 0.298 0.599
0.176 0.981 0.076
0.746 0.223 0.287
1.662 -0.141 0.452
0.355 0.931 0.086
1.074 0.561 0.362
1.873 0.339 -0.197
0.163 0.975 -0.154
1.446 0.489 0.081
1.715 0.123 -0.810
0.064 0.930 -0.363
1.293 0.296 0.120
0.818 -0.294 -0.533
-0.392 0.806 -0.443
-0.328 0.370 -0.013
-0.634 -0.134 -0.821
-0.081 0.859 -0.505
-1.077 0.433 -0.629
-0.259 0.054 -0.195
0.309 0.924 0.225
