24
-0.477 0.215 0.726
-0.292 0.018 -0.237
0.037 0.980 -0.193
-0.568 0.170 2.509
-0.026 -0.092 1.710
0.147 0.965 -0.217
-1.522 0.460 1.267
-0.769 0.304 0.627
0.119 0.988 -0.101
-2.301 0.135 0.694
-1.750 -0.344 0.011
0.301 0.878 -0.373
2.233 0.165 -1.960
1.270 0.274 -2.208
0.106 0.994 0.027
-2.214 0.507 0.328
-1.575 -0.121 -0.117
0.515 0.779 -0.359
-0.696 0.346 -3.188
0.088 -0.226 -2.946
0.547 0.820 0.168
-0.609 0.238 1.279
-0.033 -0.272 0.640
0.341 0.860 -0.379
-0.916 0.470 -3.242
-0.532 0.031 -2.430
0.188 0.898 0.397
-0.780 0.394 -2.715
-0.359 -0.009 -1.902
0.186 0.915 0.359
2.733 0.170 -2.083
2.267 -0.427 -1.430
-0.347 0.802 0.486
-1.515 0.318 -1.553
-0.957 -0.252 -0.952
0.388 0.821 0.418
-1.050 0.439 -2.357
-0.517 0.110 -1.578
0.186 0.944 0.272
0.405 0.296 2.363
0.178 -0.244 1.553
-0.146 0.841 -0.520
-1.491 0.311 -1.547
-1.046 -0.269 -0.866
0.318 0.814 0.486
1.823 0.283 -2.072
0.851 0.338 -2.300
0.053 0.999 0.013
-2.265 0.245 0.544
-1.802 -0.209 -0.217
0.236 0.891 -0.388
-0.684 0.273 1.596
-0.660 -0.384 0.842
0.021 0.754 -0.657
0.591 0.488 2.435
0.825 0.008 1.589
0.128 0.877 -0.462
1.524 0.149 -0.306
0.696 -0.219 -0.730
-0.327 0.930 -0.168
-0.817 0.175 -2.555
-0.733 -0.446 -1.776
0.067 0.783 0.618
0.897 0.253 2.293
0.363 0.143 1.454
-0.059 0.994 -0.093
-1.369 0.306 0.316
-0.630 -0.367 0.287
0.673 0.740 -0.027
-0.897 0.191 -2.220
-0.570 -0.416 -1.495
0.249 0.795 0.553
