11
-0.767 0.482 -0.679
-0.204 0.325 0.133
0.090 0.988 0.129
0.769 0.334 -1.632
0.316 0.198 -0.752
-0.062 0.991 0.121
1.285 0.595 0.857
0.340 0.293 0.983
-0.299 0.953 0.040
1.679 0.675 -1.473
0.967 0.284 -0.889
-0.302 0.921 0.248
1.324 0.466 0.853
0.462 -0.041 0.867
-0.507 0.862 0.009
0.484 0.476 -0.864
0.573 0.144 0.075
0.031 0.943 0.331
1.629 0.646 -1.847
1.541 0.418 -0.878
-0.021 0.974 0.227
-0.803 0.637 -0.951
-0.010 0.514 -0.354
0.099 0.992 0.074
1.771 0.436 -0.774
1.596 0.489 0.209
0.009 0.999 -0.052
1.406 0.535 -1.697
0.601 0.156 -1.240
-0.329 0.925 0.187
-1.119 0.405 0.970
-0.555 -0.155 0.363
0.382 0.828 -0.411
