1549
-1.248 0.173 1.123
-0.544 -0.124 0.479
0.267 0.952 -0.148
-1.808 0.226 0.869
-1.053 -0.235 0.403
0.406 0.887 -0.221
-2.065 0.158 1.052
-1.264 -0.400 1.268
0.552 0.829 0.090
-2.401 0.228 1.364
-1.830 -0.199 2.065
0.337 0.900 0.275
-1.305 0.195 0.811
-1.489 -0.144 1.734
-0.050 0.941 0.336
-1.159 0.146 1.027
-2.117 -0.120 1.136
-0.261 0.964 0.057
-1.018 0.037 0.942
-1.781 -0.445 0.512
-0.365 0.871 -0.329
-0.796 0.088 -0.183
-1.697 -0.332 -0.291
-0.418 0.907 -0.044
-1.612 0.212 1.032
-1.992 -0.103 0.163
-0.058 0.946 -0.319
-1.864 0.266 0.970
-1.721 -0.075 0.041
0.156 0.935 -0.319
-2.125 0.304 1.739
-1.508 -0.046 1.035
0.286 0.934 -0.214
-1.978 0.224 0.988
-1.092 -0.238 0.971
0.460 0.885 -0.070
-2.277 0.279 2.306
-2.208 -0.085 1.377
0.110 0.928 -0.356
-2.226 0.252 1.990
-2.102 -0.133 1.075
0.179 0.916 -0.360
-1.356 0.184 0.530
-0.437 -0.209 0.533
0.393 0.918 -0.056
-0.724 0.128 -0.245
-0.444 -0.363 0.580
0.226 0.869 0.441
0.250 0.120 0.553
0.063 -0.277 1.452
0.040 0.911 0.411
1.572 0.074 0.872
0.738 -0.454 1.035
-0.533 0.846 0.012
1.957 0.066 1.358
1.096 -0.437 1.428
-0.505 0.863 -0.006
1.340 0.115 1.152
0.664 -0.276 1.776
-0.236 0.918 0.319
