46
-1.248 0.173 1.123
-0.544 -0.124 0.479
0.267 0.952 -0.148
-1.808 0.226 0.869
-1.053 -0.235 0.403
0.406 0.887 -0.221
-2.065 0.158 1.052
-1.264 -0.400 1.268
0.552 0.829 0.090
-2.401 0.228 1.364
-1.830 -0.199 2.065
0.337 0.900 0.275
-1.305 0.195 0.811
-1.489 -0.144 1.734
-0.050 0.941 0.336
-1.159 0.146 1.027
-2.117 -0.120 1.136
-0.261 0.964 0.057
-1.018 0.037 0.942
-1.781 -0.445 0.512
-0.365 0.871 -0.329
-0.796 0.088 -0.183
-1.697 -0.332 -0.291
-0.418 0.907 -0.044
-1.612 0.212 1.032
-1.992 -0.103 0.163
-0.058 0.946 -0.319
-1.864 0.266 0.970
-1.721 -0.075 0.041
0.156 0.935 -0.319
-2.125 0.304 1.739
-1.508 -0.046 1.035
0.286 0.934 -0.214
-1.978 0.224 0.988
-1.092 -0.238 0.971
0.460 0.885 -0.070
-2.277 0.279 2.306
-2.208 -0.085 1.377
0.110 0.928 -0.356
-2.226 0.252 1.990
-2.102 -0.133 1.075
0.179 0.916 -0.360
-1.356 0.184 0.530
-0.437 -0.209 0.533
0.393 0.918 -0.056
-0.724 0.128 -0.245
-0.444 -0.363 0.580
0.226 0.869 0.441
0.250 0.120 0.553
0.063 -0.277 1.452
0.040 0.911 0.411
1.572 0.074 0.872
0.738 -0.454 1.035
-0.533 0.846 0.012
1.957 0.066 1.358
1.096 -0.437 1.428
-0.505 0.863 -0.006
1.340 0.115 1.152
0.664 -0.276 1.776
-0.236 0.918 0.319
0.236 0.176 0.835
0.008 -0.110 1.766
-0.108 0.957 0.268
-0.830 0.091 0.383
-0.068 -0.432 0.766
0.478 0.852 0.213
-0.824 0.188 0.751
-0.004 -0.171 0.303
0.338 0.932 -0.129
-0.354 0.157 0.538
0.553 -0.186 0.783
0.326 0.939 0.109
0.786 0.096 1.038
1.591 -0.427 0.757
0.481 0.852 -0.207
0.220 0.115 1.160
0.250 -0.278 0.241
0.032 0.919 -0.392
1.526 0.123 1.456
1.667 -0.255 0.541
0.024 0.925 -0.378
2.552 0.123 -0.022
1.983 -0.220 -0.770
-0.237 0.939 -0.251
2.581 0.177 -1.851
1.633 -0.105 -2.002
-0.292 0.955 0.050
1.420 0.254 -2.913
0.499 -0.005 -3.206
-0.262 0.965 -0.029
0.628 0.283 -3.547
-0.276 -0.144 -3.542
-0.427 0.903 0.044
1.297 0.195 -2.626
0.490 -0.138 -3.113
-0.301 0.943 -0.145
1.671 0.195 -2.115
1.235 -0.073 -2.975
-0.127 0.963 -0.236
1.406 0.149 -2.282
1.284 -0.213 -3.206
-0.008 0.931 -0.364
1.114 0.181 -2.281
1.196 -0.163 -3.217
0.109 0.936 -0.335
1.218 0.117 -2.004
1.908 -0.333 -2.570
0.410 0.888 -0.207
1.977 0.112 -1.277
2.765 -0.416 -1.594
0.543 0.838 -0.045
2.698 0.099 -0.475
2.836 -0.202 -1.419
0.175 0.945 -0.276
1.719 0.143 -1.423
1.710 -0.183 -2.368
-0.018 0.945 -0.326
0.846 0.236 -3.245
1.729 -0.163 -3.491
0.414 0.910 0.011
1.076 0.205 -3.044
1.918 -0.263 -2.775
0.436 0.883 0.171
1.765 0.221 -3.277
2.280 -0.339 -2.629
0.289 0.826 0.483
1.594 0.266 -3.226
1.245 -0.104 -2.365
-0.137 0.929 0.343
2.018 0.165 -2.475
1.255 -0.300 -2.027
-0.367 0.883 0.291
2.604 0.091 -0.455
1.762 -0.385 -0.204
-0.445 0.879 0.172
1.490 0.137 1.510
0.800 -0.186 0.863
-0.195 0.945 -0.264
0.312 0.135 1.385
0.503 -0.256 0.485
0.071 0.920 -0.385
