10
-2.676 0.922 -1.384
-1.886 1.053 -0.786
-0.104 0.991 -0.079
-2.822 0.842 1.024
-1.933 0.522 0.695
0.300 0.948 -0.111
-1.271 1.067 -3.436
-0.591 1.071 -2.702
-0.003 1.000 -0.003
1.217 0.877 1.055
0.423 0.313 1.281
-0.543 0.826 0.154
0.316 0.898 -1.322
-0.122 0.335 -0.621
-0.299 0.826 0.478
-0.669 0.931 -2.737
0.001 0.624 -2.061
0.216 0.952 0.218
0.059 0.891 -1.108
-0.297 0.249 -0.428
-0.297 0.767 0.568
-1.083 0.915 -3.217
-0.422 0.546 -2.563
0.262 0.930 0.259
-4.602 0.952 -0.621
-3.621 1.134 -0.553
-0.181 0.983 -0.013
2.069 0.989 0.346
1.315 0.339 0.254
-0.645 0.760 -0.079
