32
-1.178 0.053 0.269
-0.866 -0.409 1.098
0.162 0.887 0.433
-1.048 0.149 0.394
-0.261 -0.088 0.964
0.189 0.971 0.144
-0.353 0.131 0.454
-0.076 -0.250 -0.428
0.118 0.925 -0.362
0.113 0.156 0.532
-0.822 -0.142 0.343
-0.283 0.954 -0.101
-0.175 0.150 0.390
-0.353 -0.074 1.348
-0.076 0.974 0.213
-0.209 0.064 0.408
-0.559 -0.405 1.219
-0.205 0.883 0.421
0.743 0.033 1.151
0.238 -0.576 1.763
-0.413 0.793 0.448
0.416 0.224 0.843
-0.467 0.187 1.311
-0.057 0.998 -0.028
-0.907 0.070 0.476
-1.132 -0.328 1.366
-0.223 0.910 0.351
-1.341 0.228 0.673
-1.577 -0.050 1.605
-0.088 0.960 0.264
-1.264 0.504 0.621
-1.536 0.707 1.561
0.115 0.977 -0.178
-1.302 0.000 0.641
-1.435 -0.680 1.362
-0.104 0.733 0.672
-0.860 0.052 0.078
-1.454 -0.451 0.706
-0.285 0.862 0.420
-1.323 0.074 1.076
-1.730 -0.398 0.294
-0.171 0.880 -0.442
-1.127 0.056 0.772
-0.796 -0.485 -0.001
0.294 0.838 -0.460
-1.043 0.107 0.969
-0.174 -0.366 0.822
0.467 0.881 -0.067
0.278 0.122 1.415
0.799 -0.413 2.080
0.383 0.843 0.378
0.790 0.108 1.705
1.196 -0.727 1.333
0.624 0.550 -0.554
0.689 0.256 1.863
0.891 -0.121 0.959
0.141 0.925 -0.354
0.705 -0.038 1.885
0.864 -0.652 1.111
0.157 0.789 -0.593
0.601 0.006 1.572
0.837 -0.744 0.954
0.231 0.661 -0.714
1.076 -0.030 0.194
1.351 -0.756 -0.437
0.392 0.684 -0.615
1.388 -0.039 0.128
1.213 -0.768 -0.534
-0.329 0.677 -0.658
1.231 0.038 -0.864
1.641 -0.535 -1.574
0.216 0.817 -0.534
0.981 -0.037 -1.319
1.631 -0.523 -1.904
0.446 0.867 -0.224
1.127 0.108 -0.808
0.735 -0.327 -1.619
-0.166 0.900 -0.402
1.403 0.052 -1.043
0.967 -0.694 -1.545
-0.567 0.661 -0.491
1.227 0.146 -0.887
0.302 -0.225 -0.969
-0.374 0.927 0.036
1.363 0.086 -0.866
1.117 -0.461 -0.066
-0.167 0.837 0.521
1.438 -0.057 -1.109
1.507 -0.844 -0.496
0.046 0.617 0.786
1.444 -0.019 -1.153
1.878 -0.743 -0.617
0.286 0.675 0.680
1.187 0.076 -0.037
1.034 -0.460 0.793
-0.186 0.841 0.508
0.676 0.055 0.360
-0.118 -0.306 0.849
-0.363 0.927 0.095
