15
1.881 -0.085 -0.583
0.937 -0.317 -0.347
-0.225 0.973 0.056
0.297 -0.047 1.865
-0.087 -0.345 0.992
-0.120 0.954 -0.273
0.639 0.116 -0.897
0.180 -0.176 -0.058
-0.140 0.956 0.257
1.921 0.143 -0.681
1.251 -0.263 -0.059
-0.297 0.914 0.276
-1.815 -0.075 -1.595
-2.156 -0.162 -0.658
-0.030 0.996 0.082
-1.026 -0.021 -2.352
-0.683 -0.427 -1.506
0.153 0.914 0.376
0.624 0.063 -0.860
0.362 -0.568 -0.129
-0.213 0.776 0.594
1.760 -0.219 -1.391
0.778 -0.031 -1.420
0.188 0.982 0.006
1.562 -0.157 -0.100
0.799 -0.588 -0.582
-0.364 0.903 -0.230
0.648 0.073 -0.918
0.624 -0.451 -0.067
-0.015 0.851 0.524
-1.710 0.154 -1.850
-1.585 -0.277 -0.957
0.059 0.902 0.427
-1.420 -0.220 -2.553
-1.812 -0.747 -1.798
-0.242 0.850 0.468
-0.238 0.144 -2.096
0.192 -0.044 -1.212
0.082 0.982 0.169
1.666 -0.225 1.317
0.828 -0.760 1.208
-0.530 0.845 -0.069
-1.385 0.071 -1.130
-0.643 -0.401 -0.655
0.398 0.881 0.255
