42
3.353 0.374 -2.548
2.598 -0.003 -2.011
-0.307 0.926 0.219
3.392 0.122 -1.344
2.521 -0.241 -1.014
-0.340 0.932 0.129
3.522 0.059 -2.448
2.668 -0.327 -2.100
-0.358 0.922 0.146
-3.257 0.317 2.423
-2.510 0.006 1.836
0.245 0.950 -0.192
0.073 0.371 -4.079
0.108 -0.225 -3.277
0.026 0.803 0.596
-0.037 0.141 -3.874
-0.039 -0.097 -2.903
-0.000 0.971 0.238
3.155 0.078 -1.965
2.410 -0.471 -1.586
-0.490 0.835 0.249
-2.750 0.408 2.750
-2.479 -0.075 1.918
0.150 0.876 -0.459
-3.291 0.133 2.027
-2.381 -0.088 1.677
0.206 0.975 -0.079
0.248 0.413 3.584
0.282 0.201 2.608
0.007 0.977 -0.212
2.094 0.174 -1.893
1.407 -0.299 -1.340
-0.368 0.881 0.296
0.413 0.293 -2.775
0.367 -0.203 -1.908
-0.026 0.868 0.495
-2.625 0.141 2.533
-2.025 -0.084 1.765
0.138 0.974 -0.177
3.130 0.202 -1.980
2.330 -0.391 -2.071
-0.590 0.805 -0.068
2.681 0.283 -2.946
1.891 -0.253 -3.244
-0.501 0.845 -0.189
-2.545 0.411 2.396
-2.169 0.100 1.523
0.123 0.950 -0.286
0.989 0.226 -3.835
1.160 -0.061 -2.893
0.051 0.958 0.283
-0.081 0.157 -3.075
0.056 -0.393 -2.252
0.091 0.835 0.543
2.716 0.032 -2.630
1.880 -0.403 -2.293
-0.404 0.900 0.163
-2.075 0.108 2.787
-1.936 -0.106 1.820
0.030 0.977 -0.211
-2.624 0.280 1.727
-1.881 -0.260 1.331
0.476 0.842 -0.254
0.192 0.048 -3.029
-0.383 -0.471 -2.396
-0.349 0.855 0.384
0.947 0.375 2.332
0.809 -0.161 1.499
-0.088 0.844 -0.529
2.449 0.042 -2.383
1.579 -0.208 -1.957
-0.224 0.968 0.110
-1.761 0.307 2.243
-1.663 -0.036 1.310
0.036 0.939 -0.342
-0.541 0.218 -2.650
-0.255 -0.266 -1.823
0.158 0.875 0.458
0.147 0.385 -3.642
0.810 -0.201 -3.176
0.480 0.810 0.337
2.780 0.390 -1.486
1.864 0.015 -1.339
-0.370 0.927 0.059
-0.328 0.299 3.377
-0.216 -0.111 2.472
0.050 0.912 -0.407
-2.684 0.334 1.691
-1.824 0.162 1.211
0.150 0.985 -0.084
2.113 0.360 -1.881
1.388 -0.232 -1.529
-0.532 0.806 0.258
-0.431 0.209 3.556
0.113 -0.233 2.843
0.268 0.897 -0.351
-1.113 0.156 -1.586
-0.283 -0.340 -1.330
0.474 0.868 0.147
-0.648 0.417 2.727
-0.496 0.370 1.739
0.007 0.999 -0.046
1.653 0.030 -3.199
0.848 -0.027 -2.608
-0.046 0.998 0.034
0.503 0.201 -3.607
0.279 -0.449 -2.881
-0.192 0.760 0.621
-2.504 0.160 1.095
-1.629 0.186 0.612
-0.022 1.000 0.012
0.138 0.394 -2.942
0.804 -0.198 -2.487
0.488 0.806 0.334
0.568 0.215 -3.726
0.774 0.112 -2.753
0.021 0.995 0.100
1.680 0.382 -1.979
1.158 -0.049 -1.244
-0.250 0.902 0.351
1.029 0.251 -3.312
0.783 -0.362 -2.560
-0.191 0.791 0.582
-0.958 0.379 3.305
-1.339 0.173 2.404
-0.080 0.979 -0.190
