520
-0.681 0.269 -1.487
-1.377 -0.027 -0.833
-0.193 0.955 0.227
-0.673 0.586 -1.187
-1.380 0.462 -0.491
-0.051 0.991 0.126
-0.731 0.244 -0.862
-1.364 -0.120 -0.179
-0.236 0.931 0.278
-0.558 0.074 -0.202
-1.423 -0.428 -0.185
-0.498 0.861 0.102
-0.306 0.193 -0.560
-0.481 -0.241 0.324
-0.107 0.901 0.421
-0.174 0.472 -0.176
0.570 0.301 0.469
0.146 0.985 0.092
-0.086 0.172 0.131
0.715 -0.248 0.557
0.363 0.907 0.213
0.091 0.388 0.333
1.025 0.329 -0.020
0.065 0.998 0.008
-0.003 0.135 0.299
0.616 -0.278 -0.369
0.300 0.910 -0.285
1.352 0.157 0.011
2.046 -0.412 -0.429
0.453 0.821 -0.347
1.471 0.184 -0.061
1.491 -0.290 -0.942
-0.053 0.879 -0.474
1.169 0.247 0.109
0.241 -0.104 -0.016
-0.354 0.935 0.006
0.122 0.148 0.085
-0.614 -0.334 0.560
-0.411 0.876 0.251
0.181 0.387 -0.247
0.802 0.196 0.514
0.137 0.981 0.134
0.215 0.237 -0.375
1.125 -0.097 -0.129
0.342 0.940 0.012
-0.313 0.171 -0.120
0.512 -0.215 -0.534
0.386 0.918 -0.087
