20
1.210 0.395 1.469
0.531 -0.171 1.001
-0.465 0.825 -0.321
1.791 0.290 1.017
1.145 -0.143 0.388
-0.310 0.901 -0.302
0.939 0.200 1.435
0.376 -0.347 0.816
-0.368 0.837 -0.405
-0.973 0.196 0.498
-0.512 -0.293 -0.242
0.258 0.872 -0.416
-0.908 0.423 -0.830
-0.644 -0.141 -0.048
0.180 0.826 0.535
-1.561 0.317 -1.243
-1.419 -0.302 -0.470
0.112 0.786 0.608
-1.649 0.456 -0.602
-1.044 -0.036 0.024
0.343 0.870 0.354
0.439 0.552 -0.299
-0.139 -0.021 0.282
-0.404 0.819 0.407
-0.849 0.421 -1.265
-0.943 -0.111 -0.424
-0.059 0.846 0.529
1.380 0.502 0.545
0.545 0.135 0.137
-0.330 0.930 -0.161
0.778 0.394 -0.736
0.059 -0.242 -0.457
-0.593 0.771 0.230
0.789 0.471 0.002
0.096 -0.162 -0.342
-0.567 0.774 -0.282
-1.749 0.201 -1.586
-1.203 -0.336 -0.943
0.348 0.844 0.409
1.211 0.280 -0.761
0.625 -0.198 -0.106
-0.318 0.879 0.356
-1.318 0.312 -1.544
-0.782 0.040 -0.745
0.152 0.962 0.226
-1.552 0.253 -1.314
-0.942 0.009 -0.560
0.153 0.970 0.190
0.552 0.349 -0.660
-0.250 -0.246 -0.622
-0.595 0.803 0.028
0.356 0.482 1.051
0.569 -0.148 0.304
0.173 0.777 -0.606
-0.854 0.313 0.015
-0.192 -0.341 -0.352
0.572 0.757 -0.317
1.291 0.502 0.575
0.480 -0.036 0.805
-0.517 0.843 0.146
