280
0.458 0.425 -0.655
-0.390 -0.105 -0.650
-0.529 0.848 0.029
0.312 0.487 -0.595
-0.455 0.044 -0.130
-0.351 0.895 0.274
-0.633 0.485 -0.789
-0.576 -0.052 0.052
0.107 0.841 0.530
-0.544 0.474 -0.684
-0.772 -0.034 0.147
-0.126 0.861 0.492
-1.287 0.405 0.520
-1.452 -0.231 1.274
-0.077 0.770 0.633
-1.373 0.444 0.092
-0.623 -0.217 0.125
0.660 0.750 0.028
-1.548 0.573 0.362
-1.576 0.182 -0.558
-0.011 0.920 -0.391
-1.461 0.413 0.368
-1.382 -0.331 -0.296
0.093 0.668 -0.738
-1.156 0.434 -0.252
-0.943 -0.222 -0.975
0.165 0.754 -0.635
