9
-1.641 0.306 1.256
-1.048 -0.324 0.755
0.482 0.776 -0.407
0.094 0.314 2.591
-0.190 -0.243 1.811
-0.191 0.830 -0.524
-0.338 0.333 -2.281
-0.374 -0.306 -1.513
-0.030 0.769 0.639
-0.265 0.325 -2.585
-0.278 -0.090 -1.675
-0.006 0.910 0.415
-0.345 0.386 -2.249
-0.040 -0.208 -1.505
0.225 0.805 0.549
0.133 0.146 2.744
-0.069 -0.069 1.788
-0.044 0.977 -0.210
-1.074 0.159 -0.874
-0.298 -0.450 -1.042
0.595 0.794 -0.129
-0.478 0.322 -0.729
0.161 -0.442 -0.810
0.759 0.644 -0.096
-1.248 0.103 1.151
-0.306 -0.100 0.884
0.196 0.979 -0.055
