442
2.637 0.400 0.800
1.910 -0.194 1.143
-0.595 0.796 0.115
2.181 0.431 0.575
1.276 0.031 0.712
-0.411 0.910 -0.050
1.359 0.415 0.549
0.765 -0.053 -0.105
-0.302 0.883 -0.359
0.019 0.435 -0.240
0.432 -0.050 -1.011
0.326 0.869 -0.372
0.225 0.419 -0.028
1.040 -0.042 0.322
0.394 0.885 0.247
0.088 0.443 0.413
-0.268 0.049 1.260
-0.277 0.911 0.306
-0.307 0.587 1.449
-1.044 0.252 0.861
-0.118 0.919 -0.376
0.079 0.508 1.086
0.457 0.115 0.248
0.217 0.918 -0.333
-0.930 0.488 1.979
-0.080 -0.032 1.896
0.495 0.843 -0.210
-1.507 0.604 2.263
-1.717 0.140 1.402
-0.036 0.883 -0.467
-1.840 0.563 0.954
-1.949 0.073 0.089
0.107 0.859 -0.500
-1.740 0.434 -1.243
-0.920 -0.064 -1.525
0.473 0.867 -0.158
0.180 0.381 -2.549
0.841 -0.140 -2.010
0.377 0.853 0.360
1.787 0.413 -1.923
1.639 0.089 -0.988
-0.074 0.946 0.316
