298
-1.533 0.545 0.209
-1.048 0.147 -0.569
0.303 0.912 -0.278
-1.672 0.514 0.143
-1.076 0.073 -0.527
0.333 0.896 -0.293
-0.718 0.512 -0.294
0.226 0.190 -0.363
0.324 0.946 0.010
-0.077 0.460 -0.673
0.813 0.099 -0.394
0.345 0.932 0.107
0.062 0.449 -0.610
0.343 0.087 0.279
0.124 0.932 0.340
0.258 0.401 -0.246
-0.234 0.044 0.548
-0.126 0.932 0.341
0.556 0.324 0.017
-0.401 0.038 -0.023
-0.287 0.957 0.041
-0.962 0.474 0.172
-1.477 0.059 -0.578
-0.211 0.910 -0.358
-1.196 0.468 0.164
-0.754 0.078 -0.644
0.273 0.916 -0.293
