15
-0.108 0.355 -0.101
-0.566 -0.079 0.674
-0.113 0.894 0.434
-0.144 0.309 -0.232
-0.741 -0.169 0.413
-0.217 0.870 0.444
0.351 0.412 -0.007
-0.604 0.138 0.105
-0.267 0.961 0.075
0.184 0.412 0.159
-0.616 0.281 -0.426
-0.133 0.990 -0.040
0.331 0.228 0.020
-0.133 -0.133 -0.789
-0.209 0.932 -0.297
-0.317 0.233 0.107
0.108 -0.204 -0.686
0.160 0.898 -0.410
-0.778 0.088 -0.119
-0.144 -0.417 -0.706
0.342 0.863 -0.372
-0.375 0.336 0.011
0.203 0.027 -0.745
0.201 0.951 -0.235
-0.357 0.365 0.012
0.544 0.095 -0.328
0.267 0.962 -0.054
-0.227 0.442 -0.537
0.707 0.193 -0.279
0.236 0.969 0.078
-0.363 0.369 -0.391
0.424 -0.039 0.071
0.349 0.913 0.213
-0.653 0.390 0.041
0.137 0.035 0.540
0.248 0.930 0.269
-0.709 0.490 0.064
-0.145 0.321 0.872
0.077 0.985 0.153
-0.401 0.320 -0.033
-0.198 -0.136 0.834
0.067 0.889 0.452
0.493 0.240 -0.217
-0.139 -0.306 0.333
-0.370 0.837 0.404
