28
-0.422 -0.098 -0.075
-1.266 -0.543 -0.372
-0.425 0.895 -0.132
-0.279 -0.266 -0.192
-0.683 -0.870 -0.879
-0.303 0.797 -0.523
-0.261 0.125 0.054
-1.101 0.281 -0.465
0.113 0.987 0.114
-0.301 0.129 0.091
-0.954 0.294 -0.648
0.080 0.985 0.150
-0.810 -0.060 -0.078
-0.722 -0.358 -1.029
-0.019 0.954 -0.300
-0.465 -0.158 0.176
0.046 -0.595 -0.565
0.270 0.900 -0.343
-0.488 0.094 -0.062
-0.047 0.192 -0.954
-0.077 0.994 0.071
-0.495 0.085 -0.107
0.494 0.159 -0.231
-0.071 0.997 0.028
-0.583 -0.187 -0.721
0.167 -0.604 -1.234
0.318 0.908 -0.273
-0.451 -0.189 -0.559
0.087 -0.772 0.050
0.370 0.813 0.451
-0.412 0.033 -0.223
-0.687 -0.182 0.714
-0.110 0.975 0.192
-0.276 -0.053 -0.424
-0.475 -0.458 0.468
-0.140 0.913 0.383
-0.184 -0.107 -0.066
-1.105 -0.486 -0.152
-0.383 0.923 0.038
-0.223 -0.048 -0.467
-1.011 -0.390 -0.980
-0.277 0.940 -0.200
-0.471 -0.061 -0.181
-0.407 -0.440 -1.104
0.007 0.925 -0.379
0.449 -0.118 -0.548
0.834 -0.559 -1.359
0.089 0.892 -0.443
1.094 -0.058 -0.719
1.339 -0.344 -1.645
-0.074 0.947 -0.311
1.026 -0.058 -0.655
1.890 -0.412 -1.012
0.340 0.935 -0.104
0.596 0.029 -0.846
1.572 -0.077 -0.656
0.101 0.994 0.041
0.625 -0.133 -1.190
1.280 -0.648 -0.637
0.377 0.857 0.351
1.113 -0.048 -1.116
1.415 -0.336 -0.207
0.078 0.958 0.278
1.193 0.036 -1.202
1.719 -0.147 -0.372
0.050 0.981 0.185
0.479 -0.109 -0.987
0.670 -0.642 -0.163
0.111 0.846 0.521
0.752 -0.128 -1.314
0.717 -0.785 -0.562
-0.032 0.753 0.657
0.349 0.013 -1.092
0.508 -0.084 -0.110
-0.065 0.992 0.108
-0.053 -0.125 -0.386
-0.166 -0.586 0.494
-0.063 0.887 0.457
-0.338 0.116 -0.497
-0.479 0.129 0.493
-0.010 1.000 -0.015
-0.299 -0.181 -0.358
-0.975 -0.710 0.153
-0.440 0.848 0.296
-0.517 -0.025 -0.051
-1.182 -0.300 -0.746
-0.170 0.961 -0.218
