13
-1.373 0.311 0.606
-1.171 -0.187 -0.238
0.116 0.867 -0.484
-1.371 0.263 0.978
-0.989 -0.017 0.098
0.112 0.960 -0.257
0.171 0.305 -0.531
-0.703 -0.168 -0.417
-0.469 0.881 0.061
0.264 0.411 1.400
-0.115 0.438 0.475
0.010 1.000 0.025
0.381 0.220 -0.542
-0.544 0.315 -0.174
0.088 0.995 -0.035
0.375 0.504 1.394
-0.127 0.260 0.564
-0.126 0.970 -0.208
1.000 0.521 0.391
0.075 0.170 0.535
-0.347 0.936 0.054
0.417 0.256 0.423
-0.360 -0.363 0.314
-0.613 0.785 -0.087
0.427 0.215 -0.931
-0.053 -0.015 -0.085
-0.114 0.973 0.200
0.560 0.224 0.744
0.104 0.082 -0.134
-0.065 0.990 -0.125
0.449 0.457 -0.042
-0.223 -0.020 0.525
-0.365 0.879 0.308
1.526 0.279 0.651
0.890 -0.269 0.108
-0.417 0.836 -0.356
0.806 0.434 0.402
-0.086 0.464 -0.050
0.027 1.000 0.013
