10
-1.288 0.292 1.955
-0.906 0.420 1.040
-0.049 0.992 0.118
1.424 0.359 -1.278
0.483 0.243 -0.960
-0.110 0.993 0.037
-0.417 0.614 -1.411
-0.360 0.615 -0.412
-0.000 1.000 -0.001
0.462 0.573 1.340
-0.051 0.639 0.485
0.034 0.998 0.057
-2.312 0.221 -0.199
-1.650 0.276 0.548
-0.036 0.999 -0.041
-3.214 0.582 0.706
-2.502 0.655 0.007
-0.052 0.997 0.051
-0.919 0.443 3.174
-1.140 0.681 2.228
0.054 0.971 0.232
0.343 0.406 1.192
0.311 0.000 0.279
-0.014 0.914 -0.405
1.113 0.606 -3.041
1.502 0.487 -2.128
0.047 0.993 0.110
1.795 0.587 -1.610
1.005 0.097 -1.243
-0.444 0.872 0.206
