26
-0.345 0.164 0.187
0.330 -0.332 0.733
0.412 0.867 0.280
-0.002 0.228 0.473
0.697 -0.188 1.056
0.329 0.909 0.255
1.004 0.072 1.077
1.516 -0.741 1.355
0.856 0.509 -0.090
0.849 0.278 1.438
1.183 -0.480 1.997
0.298 0.648 0.700
1.067 0.069 1.516
1.364 -0.883 1.583
0.671 0.259 0.695
0.039 0.178 0.279
0.344 -0.412 1.028
0.192 0.807 0.558
0.116 0.246 1.393
0.329 -0.297 2.205
0.219 0.837 0.502
0.110 -0.079 1.468
-0.206 -0.972 1.790
-0.607 0.451 0.654
-0.138 0.054 1.617
-0.513 -0.772 2.038
-0.612 0.562 0.557
0.357 0.234 0.201
-0.172 -0.268 0.884
-0.289 0.864 0.412
0.153 0.340 0.048
-0.690 0.176 0.561
-0.153 0.986 0.064
-0.853 0.207 0.288
-0.561 -0.448 0.985
0.191 0.754 0.629
-0.450 -0.121 0.350
-0.524 -0.845 1.036
-0.079 0.690 0.720
-0.211 0.187 0.660
-1.091 -0.284 0.606
-0.466 0.881 -0.083
-0.297 0.332 0.356
-0.945 0.272 1.116
0.007 0.996 0.085
-1.016 0.186 0.359
-1.547 -0.527 -0.099
-0.519 0.701 -0.490
-1.047 0.090 -0.083
-0.766 -0.622 -0.726
0.333 0.701 -0.631
-0.521 0.164 -0.208
-0.450 -0.528 -0.927
-0.004 0.721 -0.693
0.044 -0.065 0.355
-0.460 -0.725 -0.202
-0.375 0.748 -0.547
-0.360 0.329 0.063
0.301 0.005 -0.615
0.202 0.946 -0.255
-0.253 0.359 0.020
0.315 0.190 -0.786
0.106 0.986 -0.133
0.055 0.160 0.123
0.740 -0.434 -0.299
0.456 0.800 -0.389
-0.452 0.283 0.045
0.464 0.007 0.334
0.269 0.961 0.065
0.425 0.179 -0.130
0.424 -0.581 -0.781
0.123 0.645 -0.754
0.366 0.166 -0.213
0.641 -0.566 -0.836
0.330 0.681 -0.653
1.170 0.303 0.182
1.252 0.130 -0.799
0.109 0.980 -0.165
1.267 0.370 0.389
0.285 0.183 0.391
-0.186 0.977 -0.101
