310
0.554 0.113 0.310
0.377 -0.166 -0.634
-0.054 0.960 -0.274
0.541 0.126 0.531
-0.188 -0.221 -0.059
-0.234 0.936 -0.262
0.697 -0.029 0.329
-0.036 -0.668 0.094
-0.605 0.770 -0.205
1.355 -0.017 0.173
0.686 -0.729 -0.040
-0.646 0.699 -0.307
1.588 0.071 0.019
1.485 -0.535 -0.770
-0.068 0.796 -0.602
1.802 0.019 0.085
0.975 -0.507 -0.111
-0.510 0.850 -0.132
1.955 -0.006 0.020
1.300 -0.388 0.671
-0.298 0.923 0.242
2.004 0.179 -0.045
1.273 0.180 0.637
-0.076 0.994 -0.083
2.157 -0.017 0.018
1.415 -0.684 0.087
-0.670 0.742 -0.029
2.233 0.062 0.297
1.374 -0.288 -0.079
-0.288 0.934 -0.211
