11
-0.459 0.612 -0.547
0.031 -0.237 -0.748
0.785 0.529 -0.321
-0.675 0.503 -0.217
0.090 -0.122 -0.059
0.612 0.781 0.126
0.123 0.754 0.115
-0.286 0.057 -0.475
-0.397 0.717 -0.573
-0.234 0.550 0.362
-0.704 -0.267 0.028
-0.666 0.577 -0.473
-0.318 0.735 -0.239
-0.729 -0.148 -0.464
-0.774 0.468 -0.426
-0.460 0.841 -0.524
0.052 0.075 -0.912
0.610 0.643 -0.463
0.357 0.769 -0.220
-0.364 0.103 -0.412
-0.643 0.746 -0.171
0.334 0.729 -0.582
-0.151 0.100 0.026
-0.391 0.778 0.491
0.395 0.616 0.379
-0.216 0.179 -0.280
-0.298 0.899 -0.321
-0.268 0.624 -0.815
0.449 -0.063 -0.697
0.678 0.726 0.111
-0.028 0.820 -0.815
0.618 0.068 -0.688
0.738 0.659 0.145
