26
-1.469 0.433 -1.622
-0.910 -0.128 -1.011
0.378 0.828 0.414
2.702 0.425 1.768
2.024 -0.143 1.301
-0.468 0.823 -0.322
0.431 0.385 1.649
0.131 -0.234 0.923
-0.236 0.785 -0.572
3.145 0.396 -1.552
2.339 0.189 -0.998
-0.171 0.978 0.117
-0.342 0.626 1.314
0.203 -0.016 0.776
0.457 0.766 -0.451
-1.846 0.408 1.248
-1.114 -0.201 0.941
0.561 0.794 -0.235
-1.110 0.413 1.442
-0.944 -0.259 0.721
0.151 0.741 -0.655
1.194 0.333 1.146
0.659 -0.128 0.437
-0.277 0.888 -0.368
0.430 0.537 1.565
0.805 -0.056 0.852
0.276 0.805 -0.524
-1.556 0.619 -1.824
-0.886 0.295 -1.157
0.230 0.946 0.229
-1.117 0.509 0.861
-0.379 0.001 0.416
0.435 0.861 -0.263
-0.703 0.507 -1.158
-0.087 0.030 -0.531
0.334 0.879 0.340
-1.947 0.695 1.246
-1.185 0.234 0.790
0.395 0.888 -0.237
2.106 0.635 0.999
1.462 0.166 0.394
-0.342 0.883 -0.321
2.371 0.396 -0.786
1.862 -0.167 -0.135
-0.346 0.827 0.443
-2.653 0.675 1.042
-1.923 0.305 0.468
0.291 0.929 -0.229
0.069 0.505 -1.577
0.210 -0.054 -0.760
0.095 0.829 0.551
-2.244 0.381 -0.677
-1.559 -0.227 -0.275
0.525 0.794 0.308
0.067 0.417 -1.297
0.404 -0.115 -0.520
0.212 0.847 0.488
3.138 0.691 -0.463
2.255 0.313 -0.182
-0.360 0.926 0.115
2.324 0.508 -0.539
1.472 -0.008 -0.451
-0.513 0.857 0.053
2.766 0.387 1.768
2.082 -0.277 1.465
-0.607 0.748 -0.268
3.140 0.345 -0.866
2.587 -0.310 -0.350
-0.478 0.756 0.446
-0.704 0.556 -0.946
-0.283 -0.004 -0.232
0.285 0.828 0.482
-1.878 0.454 1.493
-1.562 0.050 0.634
0.139 0.915 -0.379
-2.245 0.607 -0.543
-1.736 -0.033 0.033
0.423 0.769 0.480
