12
-0.217 0.334 2.737
0.570 -0.128 2.328
0.339 0.878 -0.337
-0.340 0.405 2.579
-0.065 0.029 1.694
0.111 0.927 -0.359
-0.266 0.461 2.113
-0.546 0.158 1.202
-0.129 0.952 -0.277
-0.278 0.506 2.456
-1.188 0.221 2.155
-0.266 0.959 -0.101
0.053 0.413 1.929
-0.855 0.024 1.773
-0.369 0.918 -0.146
0.531 0.371 0.108
-0.405 0.057 0.264
-0.311 0.950 0.037
0.187 0.381 -0.711
-0.350 0.065 0.071
-0.139 0.948 0.287
0.332 0.409 -0.686
0.680 0.055 0.183
0.144 0.935 0.323
0.373 0.361 -0.648
1.229 -0.145 -0.758
0.513 0.857 0.051
0.346 0.366 -0.998
0.561 -0.231 -1.771
0.229 0.800 -0.554
-0.291 0.413 -1.274
-0.830 0.035 -2.027
-0.292 0.922 -0.253
-0.377 0.469 -1.175
-1.301 0.206 -0.899
-0.216 0.958 0.190
0.148 0.416 -1.039
0.028 0.055 -0.115
-0.033 0.932 0.360
