18
-1.533 0.367 1.975
-1.640 -0.358 1.295
-0.113 0.689 -0.716
-0.072 0.445 -0.458
-0.710 -0.014 0.161
-0.329 0.889 0.320
1.138 0.432 -0.994
0.280 0.028 -0.676
-0.379 0.915 0.141
0.972 0.256 -0.396
0.150 -0.248 -0.129
-0.479 0.864 0.155
-0.462 0.332 2.224
-0.599 -0.344 1.500
-0.126 0.737 -0.664
0.946 0.185 0.007
0.125 -0.262 0.361
-0.411 0.894 0.177
0.633 0.088 2.036
-0.260 -0.092 1.622
-0.163 0.984 -0.075
-2.928 0.183 1.403
-2.226 -0.278 0.860
0.364 0.887 -0.282
0.469 0.259 1.768
-0.074 -0.315 1.155
-0.381 0.818 -0.430
-0.644 0.309 1.311
-1.535 -0.127 1.185
-0.432 0.900 -0.061
-2.869 0.142 1.249
-1.968 -0.290 1.219
0.432 0.902 -0.015
0.345 0.309 1.145
0.018 -0.316 0.437
-0.262 0.780 -0.568
1.466 0.371 -0.867
0.506 0.125 -0.729
-0.244 0.969 0.035
-2.460 0.156 2.871
-2.005 -0.057 2.007
0.099 0.977 -0.189
-0.905 0.072 -1.101
-1.631 -0.097 -0.435
-0.125 0.986 0.114
-2.400 0.111 2.752
-2.323 -0.442 1.922
0.051 0.833 -0.551
0.877 0.424 -0.135
-0.028 0.496 0.284
0.066 0.997 -0.030
0.988 0.121 0.023
0.111 0.205 0.496
0.074 0.996 -0.040
