604
0.332 0.154 0.298
-0.207 -0.372 -0.358
-0.348 0.850 -0.396
0.222 0.406 0.258
-0.336 0.360 -0.570
-0.007 0.999 -0.050
0.193 0.150 0.557
-0.309 -0.328 -0.164
-0.269 0.878 -0.396
0.276 0.107 0.562
-0.549 -0.450 0.457
-0.554 0.831 -0.057
0.460 0.187 0.183
-0.130 -0.359 0.777
-0.397 0.837 0.376
-0.129 0.259 0.152
-0.813 -0.174 0.739
-0.369 0.899 0.235
-1.617 0.316 -0.292
-1.892 -0.145 0.552
-0.144 0.888 0.438
-1.055 0.221 -0.169
-1.375 -0.405 0.542
-0.266 0.780 0.566
-0.026 0.157 1.078
0.112 -0.507 1.813
0.130 0.748 0.651
-0.248 0.148 1.783
-0.885 -0.480 2.230
-0.508 0.778 0.369
-1.989 0.217 2.208
-2.467 -0.540 2.654
-0.500 0.651 0.571
-2.779 0.082 2.383
-2.408 -0.690 2.899
0.582 0.626 0.520
-2.280 0.125 2.196
-1.553 -0.556 2.288
0.686 0.726 -0.040
-1.470 0.210 1.763
-0.567 -0.211 1.680
0.420 0.907 -0.022
-0.372 0.237 1.499
0.487 -0.233 1.299
0.447 0.882 -0.151
0.063 0.117 0.402
0.833 -0.511 0.292
0.618 0.778 -0.114
0.662 0.238 -0.191
1.521 -0.156 -0.518
0.356 0.918 -0.173
0.357 0.133 0.320
0.349 -0.488 -0.463
-0.087 0.781 -0.619
0.191 0.215 0.543
-0.606 -0.223 0.128
-0.386 0.899 -0.208
