15
1.032 0.285 -1.490
0.530 -0.336 -2.091
-0.398 0.783 -0.477
1.034 0.209 -0.824
0.041 0.098 -0.824
-0.112 0.994 0.000
1.035 0.178 -0.714
0.139 0.213 -1.157
0.032 0.999 0.016
-1.794 0.453 -0.758
-1.493 0.433 0.195
0.006 1.000 0.020
-1.603 0.438 -0.906
-0.825 -0.187 -0.850
0.624 0.780 0.045
-0.007 0.381 -0.816
-0.688 -0.351 -0.849
-0.731 0.681 -0.035
0.252 0.415 -0.246
-0.694 0.156 -0.440
-0.253 0.966 -0.052
-0.741 0.166 1.489
-1.324 -0.071 0.712
-0.142 0.972 -0.189
0.807 0.186 -1.307
0.092 -0.177 -0.708
-0.278 0.932 0.233
-1.289 0.273 1.207
-1.445 -0.452 0.536
-0.164 0.689 -0.706
-1.077 0.505 0.968
-1.334 0.302 0.023
-0.053 0.979 -0.196
-1.045 0.331 -0.928
-0.352 -0.183 -0.424
0.416 0.858 0.302
-0.006 0.356 -0.581
-0.966 0.133 -0.753
-0.219 0.975 -0.039
-1.777 0.181 -0.006
-1.721 -0.419 0.792
0.042 0.800 0.599
-0.245 0.355 1.814
-0.816 -0.439 2.021
-0.747 0.608 0.271
