14
-0.814 -0.048 1.673
-0.174 -0.241 0.929
0.126 0.981 -0.147
-1.399 -0.041 0.342
-0.473 -0.053 -0.035
0.011 1.000 -0.005
0.184 -0.043 2.307
0.250 -0.345 1.356
0.021 0.953 -0.301
-1.360 0.233 0.389
-0.786 -0.313 -0.221
0.375 0.837 -0.398
0.043 -0.078 1.695
-0.050 -0.388 0.749
-0.030 0.951 -0.309
-1.582 0.296 1.633
-0.721 0.524 1.179
-0.201 0.974 0.106
0.196 -0.054 2.290
0.945 -0.016 1.628
-0.029 0.999 0.025
-0.665 0.203 1.459
0.036 -0.299 0.951
0.407 0.865 -0.295
2.059 0.046 -1.220
1.065 0.061 -1.115
0.015 1.000 -0.002
0.851 0.002 -1.794
0.457 -0.272 -0.916
-0.112 0.962 0.249
2.223 0.125 -1.112
1.277 0.108 -1.436
-0.016 1.000 -0.005
0.760 0.186 0.753
-0.215 -0.015 0.664
-0.200 0.980 -0.018
1.765 0.064 -1.040
0.909 -0.365 -0.753
-0.407 0.903 0.136
1.810 0.163 -1.103
1.179 0.413 -0.368
0.163 0.968 -0.190
