21
-0.111 0.459 0.839
0.532 -0.282 0.643
0.708 0.672 -0.216
-0.058 0.338 1.079
0.117 -0.196 0.252
0.110 0.845 -0.523
0.681 0.486 0.899
-0.017 -0.146 0.563
-0.569 0.775 -0.274
0.195 0.538 -1.517
0.360 0.056 -0.657
0.091 0.876 0.474
-0.037 0.299 -0.942
0.362 -0.133 -0.132
0.191 0.902 0.387
0.673 0.542 -1.176
0.760 -0.017 -0.352
0.059 0.829 0.557
-0.653 0.600 1.439
0.197 0.205 1.091
0.366 0.919 -0.150
0.624 0.377 -0.397
1.000 -0.410 0.093
0.479 0.617 0.624
1.241 0.554 -1.149
0.602 0.074 -0.548
-0.350 0.877 0.329
0.667 0.475 1.467
0.077 0.176 0.717
-0.185 0.954 -0.235
-0.590 0.232 1.435
0.345 0.056 1.128
0.167 0.984 -0.055
-0.479 0.375 0.984
0.279 -0.205 1.281
0.540 0.815 0.211
0.468 0.334 -1.527
0.845 -0.266 -0.821
0.283 0.800 0.529
0.491 0.564 0.337
0.003 -0.192 -0.098
-0.565 0.654 -0.504
-0.626 0.278 1.068
-0.067 0.020 0.280
0.149 0.966 -0.210
-0.720 0.316 0.875
-0.256 -0.300 0.237
0.362 0.788 -0.498
0.809 0.408 -0.971
1.120 -0.321 -0.362
0.332 0.684 0.649
1.250 0.510 -0.842
1.205 0.177 0.100
-0.016 0.943 0.333
-0.082 0.505 0.106
0.147 -0.127 -0.634
0.186 0.775 -0.604
-0.480 0.416 0.292
0.401 0.074 -0.035
0.320 0.940 -0.119
-1.030 0.472 1.432
-0.235 -0.120 1.568
0.583 0.806 0.099
