729
0.517 0.125 -0.105
0.409 -0.355 -0.976
-0.034 0.877 -0.479
0.610 0.327 0.031
0.458 0.247 -0.954
0.014 0.996 -0.083
0.694 0.344 0.072
0.057 0.377 -0.698
0.068 0.998 -0.013
0.624 0.079 0.203
0.076 -0.537 -0.363
-0.394 0.787 -0.476
0.445 0.138 -0.012
-0.232 -0.268 -0.626
-0.218 0.907 -0.360
0.689 0.176 -0.274
-0.187 -0.229 -0.014
-0.375 0.913 0.159
0.760 0.403 -0.271
-0.038 0.556 0.310
0.164 0.986 -0.034
0.654 0.054 -0.033
0.017 -0.493 0.511
-0.392 0.836 0.383
0.671 0.168 0.143
-0.248 -0.066 0.461
-0.191 0.968 0.161
0.682 0.023 0.031
0.093 -0.529 0.621
-0.314 0.829 0.462
0.594 0.209 -0.467
0.368 -0.047 0.473
-0.063 0.967 0.249
0.771 0.386 0.015
0.243 0.469 0.860
0.032 0.996 -0.078
0.554 0.210 -0.338
0.662 -0.152 0.588
0.033 0.932 0.360
0.335 0.452 -0.319
0.790 0.615 0.557
-0.140 0.984 -0.111
0.350 0.414 -0.386
0.867 0.602 0.449
-0.181 0.977 -0.108
0.339 0.469 -0.500
0.778 0.961 0.252
-0.236 0.871 -0.432
0.439 0.107 -0.315
0.965 -0.464 0.315
0.349 0.821 0.452
0.394 0.001 -0.522
1.037 -0.730 -0.295
0.717 0.679 0.159
0.350 0.307 -0.535
1.326 0.180 -0.361
0.128 0.992 0.004
0.397 0.389 -0.508
1.319 0.482 -0.885
-0.126 0.990 -0.064
