48
2.853 -0.565 -2.541
2.854 -1.113 -1.704
0.001 0.837 0.548
2.055 -0.744 -0.756
1.114 -0.689 -1.089
0.052 0.998 0.018
2.857 -0.781 -2.347
2.984 -1.007 -1.381
0.029 0.974 0.224
1.125 -0.750 -0.946
0.293 -0.626 -1.486
0.104 0.992 0.068
2.453 -0.947 -1.332
1.509 -0.910 -1.661
0.035 0.999 0.012
2.051 -0.776 -0.755
1.112 -0.650 -1.076
0.119 0.992 0.041
1.888 -0.582 -2.939
0.972 -0.791 -2.597
-0.196 0.978 0.073
2.181 -0.766 -1.960
1.203 -0.813 -2.162
-0.046 0.999 -0.009
2.202 -0.869 -1.432
1.312 -1.043 -1.854
-0.158 0.985 -0.075
-1.775 -0.713 -2.990
-0.879 -0.716 -2.547
0.003 1.000 0.002
2.534 -0.710 -0.789
1.618 -0.962 -1.102
-0.239 0.968 -0.082
-2.048 -0.636 -2.427
-1.167 -0.832 -1.997
0.176 0.981 0.086
-2.214 -0.732 -1.870
-1.305 -0.646 -1.461
-0.078 0.996 -0.035
2.301 -0.800 -2.742
2.510 -0.597 -1.785
-0.044 0.979 -0.199
-1.412 -0.834 -0.817
-0.452 -0.767 -1.090
-0.065 0.998 0.018
-0.402 -0.603 0.705
-0.717 -0.711 -0.238
-0.034 0.994 -0.102
-2.170 -0.785 -2.420
-1.238 -0.526 -2.167
-0.250 0.966 -0.068
2.249 -0.574 -1.866
1.267 -0.521 -2.043
0.053 0.999 0.010
1.648 -0.818 -1.577
0.727 -0.564 -1.872
0.242 0.967 0.077
1.053 -0.791 1.928
0.406 -0.781 1.165
0.006 1.000 0.007
-2.221 -0.681 -1.870
-1.333 -0.396 -1.509
-0.263 0.959 -0.107
-1.956 -0.926 -2.432
-1.007 -1.106 -2.175
0.174 0.984 0.047
0.033 -0.709 2.682
0.062 -1.251 1.843
0.019 0.840 -0.543
2.699 -0.958 -1.349
1.751 -0.648 -1.277
0.309 0.951 -0.023
-2.067 -0.958 -2.217
-1.471 -0.921 -1.414
-0.022 0.999 -0.030
1.441 -0.780 2.818
0.572 -1.114 2.452
-0.308 0.943 -0.130
1.676 -0.609 2.603
0.926 -0.532 1.946
0.058 0.997 0.051
-2.140 -0.739 -1.443
-1.178 -0.745 -1.717
0.006 1.000 -0.002
0.572 -0.736 2.569
0.227 -0.832 1.635
-0.033 0.995 -0.090
-1.588 -0.812 -3.000
-0.617 -1.030 -2.901
0.216 0.976 0.022
-2.687 -0.597 -1.619
-1.763 -0.907 -1.845
0.301 0.951 -0.074
-1.690 -0.585 -1.350
-0.927 -0.880 -0.775
0.235 0.956 0.177
1.624 -0.847 -2.920
0.686 -0.502 -2.876
0.345 0.939 -0.016
-0.423 -0.790 -2.153
-0.289 -0.669 -1.169
-0.016 0.993 -0.120
-0.433 -0.654 -2.628
-0.563 -0.548 -1.642
0.014 0.994 -0.105
-1.507 -0.775 -1.659
-0.731 -0.702 -1.032
-0.057 0.997 -0.046
1.121 -0.620 -1.052
0.196 -0.249 -1.136
0.370 0.929 0.033
-0.171 -0.598 1.743
0.669 -1.113 1.568
0.504 0.857 -0.105
0.123 -0.597 -2.221
-0.362 -0.640 -1.347
-0.021 0.999 0.038
-0.012 -0.736 2.261
-0.321 -0.937 1.331
-0.063 0.980 -0.190
-0.432 -0.679 -2.583
-0.317 -1.068 -1.669
0.049 0.921 0.386
0.586 -0.824 2.882
-0.019 -0.902 2.090
-0.047 0.997 -0.061
-1.406 -0.623 -1.366
-0.614 -0.935 -0.840
0.260 0.950 0.173
-1.592 -0.849 -1.808
-0.698 -0.466 -2.039
-0.370 0.924 0.096
-0.970 -0.936 -2.160
-0.643 -0.515 -1.313
-0.152 0.907 -0.392
-2.140 -0.769 -1.072
-1.350 -1.059 -1.613
0.239 0.957 -0.164
-0.977 -0.798 -2.462
-0.605 -1.206 -1.629
0.166 0.913 0.373
-1.570 -0.813 -3.001
-1.107 -0.459 -2.189
-0.175 0.935 -0.307
