48
0.660 0.297 -2.782
0.788 -0.398 -2.075
-0.043 0.709 0.704
0.515 0.420 -2.811
0.455 0.030 -1.892
-0.207 0.905 0.371
0.167 0.388 -1.992
-0.336 -0.086 -1.269
-0.342 0.877 0.336
-0.409 0.374 -1.215
-1.214 -0.151 -1.491
-0.502 0.851 -0.152
-0.731 0.378 -0.713
-0.660 -0.010 -1.632
-0.087 0.915 -0.393
-1.004 0.294 -1.110
-0.163 -0.035 -1.539
0.245 0.939 -0.239
-0.309 0.342 -2.373
0.629 -0.006 -2.352
0.347 0.937 0.046
0.386 0.380 -2.595
1.045 -0.166 -2.078
0.333 0.829 0.450
0.226 0.427 -2.452
0.304 0.027 -1.538
-0.144 0.902 0.407
-0.763 0.427 -1.667
-0.426 0.218 -0.749
0.009 0.976 0.219
-1.071 0.372 -1.003
-0.687 -0.040 -0.177
0.118 0.910 0.398
-0.669 0.430 0.598
0.008 -0.134 1.071
0.479 0.826 0.299
-0.368 0.556 1.194
0.227 -0.220 1.406
0.781 0.620 0.075
-0.301 0.466 0.765
-0.009 -0.270 1.375
0.372 0.675 0.637
0.476 0.550 1.123
0.830 -0.272 1.569
0.434 0.567 0.700
0.527 0.728 1.098
1.405 0.264 1.209
0.472 0.880 -0.059
-0.300 0.606 0.944
0.665 0.523 1.191
0.098 0.994 -0.045
0.613 0.654 1.472
1.014 -0.218 1.753
0.754 0.488 0.440
0.805 0.693 2.313
1.041 -0.262 2.491
0.246 0.236 0.940
0.576 0.617 1.908
0.865 -0.253 2.306
0.211 0.464 0.860
0.383 0.526 1.380
0.237 -0.315 1.901
-0.372 0.535 0.758
0.221 0.555 1.807
-0.162 -0.160 2.392
-0.572 0.681 0.457
0.179 0.695 2.368
-0.548 0.159 2.798
-0.533 0.835 0.139
0.100 0.725 2.939
-0.599 0.011 2.890
-0.705 0.698 -0.128
0.292 0.084 3.007
-0.459 -0.576 2.984
-0.659 0.751 -0.035
0.213 0.212 2.789
-0.489 -0.491 2.671
-0.651 0.700 -0.294
0.072 0.618 2.804
-0.508 -0.162 2.571
-0.669 0.620 -0.410
0.198 0.631 2.677
-0.126 -0.189 2.204
-0.425 0.573 -0.701
0.318 -0.185 2.851
0.077 -0.910 2.206
-0.306 0.687 -0.659
0.288 0.263 2.772
-0.172 -0.440 2.229
-0.408 0.710 -0.574
0.148 0.623 1.906
-0.311 0.032 1.243
-0.319 0.807 -0.498
0.006 0.585 0.992
-0.889 0.191 0.783
-0.358 0.914 -0.191
0.045 0.610 1.188
-0.765 0.292 1.681
-0.355 0.935 0.020
-0.168 0.411 0.660
-0.722 -0.166 0.059
-0.400 0.816 -0.416
-0.828 0.283 -0.282
-0.969 -0.245 -1.119
-0.195 0.844 -0.499
-0.642 0.406 -0.841
-1.418 -0.225 -0.853
-0.631 0.775 -0.033
-0.877 0.371 -2.244
-1.591 -0.185 -1.818
-0.498 0.831 0.248
-1.026 0.371 -2.333
-1.830 0.057 -2.836
-0.320 0.944 -0.077
-1.763 0.286 -1.355
-2.198 -0.188 -2.121
-0.290 0.879 -0.379
-1.753 0.247 -0.903
-2.157 -0.641 -1.125
-0.455 0.405 -0.793
-1.334 0.321 -0.997
-2.070 0.000 -1.594
-0.168 0.940 -0.297
-1.012 -0.138 -0.800
-1.642 -0.789 -1.223
-0.541 0.759 -0.363
-1.043 0.139 -1.261
-1.703 -0.494 -0.856
-0.597 0.769 0.228
-1.174 0.122 -2.173
-1.656 -0.586 -1.657
-0.480 0.707 0.519
-0.332 0.264 -2.651
-0.959 -0.491 -2.843
-0.749 0.652 -0.116
0.152 -0.214 -2.167
-0.565 -0.608 -2.743
-0.316 0.919 -0.236
-0.304 0.331 -1.852
-0.494 -0.159 -2.702
-0.203 0.867 -0.454
-0.630 0.370 -0.812
-0.158 0.151 -1.666
-0.008 0.968 -0.252
-0.682 0.333 -0.573
0.135 -0.095 -0.959
0.352 0.900 -0.255
