1624
0.660 0.297 -2.782
0.788 -0.398 -2.075
-0.043 0.709 0.704
0.515 0.420 -2.811
0.455 0.030 -1.892
-0.207 0.905 0.371
0.167 0.388 -1.992
-0.336 -0.086 -1.269
-0.342 0.877 0.336
-0.409 0.374 -1.215
-1.214 -0.151 -1.491
-0.502 0.851 -0.152
-0.731 0.378 -0.713
-0.660 -0.010 -1.632
-0.087 0.915 -0.393
-1.004 0.294 -1.110
-0.163 -0.035 -1.539
0.245 0.939 -0.239
-0.309 0.342 -2.373
0.629 -0.006 -2.352
0.347 0.937 0.046
0.386 0.380 -2.595
1.045 -0.166 -2.078
0.333 0.829 0.450
0.226 0.427 -2.452
0.304 0.027 -1.538
-0.144 0.902 0.407
-0.763 0.427 -1.667
-0.426 0.218 -0.749
0.009 0.976 0.219
-1.071 0.372 -1.003
-0.687 -0.040 -0.177
0.118 0.910 0.398
-0.669 0.430 0.598
0.008 -0.134 1.071
0.479 0.826 0.299
-0.368 0.556 1.194
0.227 -0.220 1.406
0.781 0.620 0.075
-0.301 0.466 0.765
-0.009 -0.270 1.375
0.372 0.675 0.637
0.476 0.550 1.123
0.830 -0.272 1.569
0.434 0.567 0.700
0.527 0.728 1.098
1.405 0.264 1.209
0.472 0.880 -0.059
-0.300 0.606 0.944
0.665 0.523 1.191
0.098 0.994 -0.045
0.613 0.654 1.472
1.014 -0.218 1.753
0.754 0.488 0.440
0.805 0.693 2.313
1.041 -0.262 2.491
0.246 0.236 0.940
0.576 0.617 1.908
0.865 -0.253 2.306
0.211 0.464 0.860
