10
-1.541 0.281 1.105
-1.056 -0.142 0.340
0.226 0.906 -0.357
-1.451 0.583 0.917
-0.625 0.151 0.554
0.395 0.902 -0.174
-1.851 0.417 -2.940
-1.275 0.075 -2.197
0.209 0.940 0.270
-1.323 0.499 -2.633
-0.833 0.306 -1.783
0.096 0.981 0.167
-3.257 0.380 -0.938
-2.338 -0.015 -0.920
0.394 0.919 0.008
-1.787 0.500 1.617
-1.242 -0.096 1.026
0.404 0.803 -0.438
-3.753 0.465 0.080
-2.860 0.047 -0.088
0.411 0.908 -0.077
2.425 0.496 0.885
1.464 0.218 0.877
-0.277 0.961 -0.002
-0.724 0.310 -2.375
-0.360 -0.258 -1.638
0.252 0.823 0.510
1.247 0.548 3.025
0.711 0.328 2.210
-0.121 0.975 -0.184
