10
1.525 0.756 0.779
0.638 0.561 0.360
-0.176 0.981 -0.083
2.148 0.691 -0.610
1.159 0.810 -0.526
0.119 0.993 -0.010
1.508 0.498 0.089
0.624 0.629 -0.359
0.116 0.991 0.059
1.531 0.822 -0.595
0.901 0.233 -0.090
-0.460 0.808 0.368
-1.795 0.444 0.610
-0.994 -0.135 0.462
0.570 0.815 -0.105
-0.915 0.546 -0.686
-0.453 -0.118 -0.099
0.411 0.747 0.522
-1.483 0.610 0.615
-0.763 0.143 0.102
0.380 0.884 -0.271
1.656 0.819 1.028
0.668 0.959 1.099
0.140 0.990 -0.010
-1.938 0.732 -1.018
-1.213 0.284 -0.495
0.363 0.894 0.262
1.550 0.787 1.031
0.573 0.577 1.036
-0.211 0.978 0.001
