19
-0.067 0.500 -0.407
0.492 -0.296 -0.174
0.734 0.605 0.307
0.151 0.367 -0.031
0.150 -0.503 -0.525
-0.002 0.494 -0.869
0.508 0.330 0.127
0.275 -0.412 -0.502
-0.257 0.671 -0.696
0.385 0.493 -0.042
0.760 -0.432 -0.104
0.912 0.380 -0.153
-0.199 0.333 -0.534
0.271 -0.536 -0.685
0.828 0.494 -0.265
-0.097 0.640 -0.049
0.507 -0.157 -0.049
0.796 0.605 -0.001
0.862 0.501 0.430
0.287 -0.100 -0.125
-0.432 0.800 -0.418
0.339 0.333 0.317
0.812 -0.523 0.105
0.781 0.518 -0.349
-0.922 0.575 -0.300
-0.296 -0.139 -0.616
0.637 0.700 -0.321
0.141 0.463 0.026
-0.377 -0.392 0.042
-0.855 0.519 0.028
-0.340 0.444 0.371
-0.497 -0.387 -0.162
-0.234 0.556 -0.798
0.314 0.266 0.317
0.850 -0.536 0.052
0.719 0.597 -0.355
0.507 0.651 0.175
0.616 -0.112 -0.461
0.129 0.645 -0.753
0.548 0.321 0.027
0.142 -0.452 0.515
-0.494 0.635 0.594
0.189 0.262 0.017
0.018 -0.559 0.563
-0.244 0.572 0.783
-0.540 0.439 -0.414
0.334 -0.045 -0.466
0.483 0.875 -0.029
-0.106 0.441 -0.408
0.280 -0.195 0.260
0.318 0.772 0.551
-0.332 0.280 -0.707
-0.727 -0.387 -0.075
-0.354 0.745 0.566
0.490 0.279 -0.324
-0.342 -0.274 -0.290
-0.552 0.833 0.022
