13
1.752 -0.041 0.601
0.788 -0.237 0.420
-0.192 0.981 -0.036
-0.297 0.024 -1.226
-0.769 -0.301 -0.407
-0.162 0.946 0.282
1.844 0.112 0.063
0.845 0.066 0.099
-0.046 0.999 0.002
-1.748 -0.076 1.393
-1.995 0.204 0.465
0.072 0.960 0.270
-0.351 0.227 2.178
-1.279 -0.067 1.949
-0.286 0.956 -0.071
1.947 0.199 0.265
0.954 0.158 0.376
-0.040 0.999 0.004
0.459 -0.092 0.163
-0.476 0.011 -0.176
0.097 0.995 0.035
0.733 0.278 0.703
-0.112 -0.208 0.481
-0.470 0.874 -0.123
-0.228 0.259 2.114
-1.111 0.193 1.649
-0.058 0.998 -0.031
1.517 0.040 0.721
0.641 -0.356 0.446
-0.378 0.918 -0.119
0.497 0.176 0.238
-0.178 -0.149 -0.425
-0.232 0.946 -0.228
-0.308 0.237 2.018
-0.224 -0.050 1.064
0.025 0.958 -0.287
-0.564 -0.009 1.516
-0.984 -0.310 0.660
-0.133 0.953 -0.271
