11
0.877 0.730 -1.439
0.178 0.625 -0.732
-0.074 0.995 0.074
0.623 0.734 -1.743
0.170 0.391 -0.920
-0.166 0.939 0.300
-0.386 0.569 -1.388
-0.481 0.433 -0.402
-0.013 0.991 0.135
1.026 0.612 0.863
0.159 0.201 0.581
-0.391 0.912 -0.127
1.296 0.678 0.803
0.335 0.424 0.910
-0.253 0.967 0.028
-1.622 0.763 -1.103
-0.860 0.347 -0.608
0.349 0.909 0.227
-1.576 0.504 -0.704
-0.873 0.081 -0.133
0.328 0.906 0.266
0.848 0.680 -1.758
0.434 0.106 -1.051
-0.290 0.819 0.495
0.176 0.793 1.052
-0.622 0.191 1.070
-0.602 0.798 0.014
-0.300 0.621 -0.643
-0.153 0.104 0.200
0.089 0.856 0.509
0.997 0.522 -0.422
0.063 0.433 -0.769
-0.083 0.996 -0.031
