23
-1.280 0.202 0.625
-0.383 0.081 0.199
0.109 0.993 -0.052
-0.779 0.160 -0.531
0.217 0.149 -0.618
0.011 1.000 -0.001
-1.652 0.300 1.185
-0.677 0.296 1.405
0.005 1.000 0.001
-1.494 0.259 -0.018
-0.544 -0.024 -0.153
0.281 0.959 -0.040
-1.107 0.275 1.262
-0.253 -0.097 0.899
0.342 0.928 -0.145
-1.337 0.449 -0.609
-0.642 0.239 0.079
0.149 0.978 0.147
-1.293 0.485 0.623
-0.421 0.076 0.889
0.392 0.912 0.119
-0.363 0.405 0.334
0.230 0.270 -0.460
0.080 0.991 -0.108
-0.757 0.517 -1.140
-0.332 0.076 -0.350
0.209 0.898 0.388
0.960 0.257 -0.302
0.829 0.395 0.679
0.018 0.990 -0.137
-1.568 0.360 -0.641
-0.868 -0.111 -0.103
0.374 0.882 0.287
-1.495 0.516 -0.290
-1.476 0.370 0.699
0.003 0.989 0.146
-0.256 0.251 -0.375
-0.588 -0.056 0.516
-0.107 0.951 0.289
0.328 0.228 -0.173
0.205 0.013 0.796
-0.027 0.976 0.214
1.065 0.211 -1.016
0.842 0.335 -0.050
0.028 0.992 -0.121
1.435 0.301 0.621
0.935 0.514 -0.219
0.109 0.977 0.184
-1.149 0.393 1.256
-0.346 -0.187 1.392
0.571 0.815 0.097
0.719 0.156 1.287
0.463 0.103 0.321
-0.014 0.999 -0.052
0.721 0.461 1.273
0.594 0.249 0.304
-0.028 0.977 -0.210
1.400 0.458 0.847
0.567 0.317 0.313
-0.119 0.990 -0.076
1.038 0.131 1.178
0.554 0.314 0.323
0.090 0.983 0.159
0.152 0.312 0.984
0.267 0.495 0.008
-0.022 0.983 0.182
-0.679 0.504 -1.130
-0.056 -0.117 -0.654
0.493 0.784 0.377
