24
-2.410 0.216 1.153
-1.723 -0.078 0.490
0.212 0.956 -0.205
-1.368 0.379 0.620
-0.743 0.350 -0.160
0.018 1.000 -0.022
1.848 0.457 -2.065
0.933 0.126 -2.300
-0.320 0.944 -0.082
-1.481 0.384 1.095
-1.259 0.051 0.179
0.079 0.943 -0.324
-2.196 0.263 0.251
-1.501 -0.159 -0.332
0.324 0.906 -0.272
-0.587 0.401 1.188
0.045 0.078 0.483
0.216 0.946 -0.240
-0.825 0.154 -2.524
-0.706 -0.260 -1.622
0.054 0.911 0.410
0.153 0.369 -2.785
0.083 -0.033 -1.873
-0.031 0.915 0.402
-1.790 0.496 -0.703
-0.996 0.056 -0.283
0.389 0.898 0.206
-1.296 0.264 0.321
-0.626 -0.317 -0.141
0.479 0.814 -0.329
-1.074 0.459 -1.446
-0.512 -0.171 -0.910
0.456 0.777 0.435
-0.476 0.449 0.723
-0.442 -0.203 -0.034
0.029 0.758 -0.651
-1.220 0.354 -2.399
-0.642 -0.240 -1.839
0.427 0.804 0.413
0.348 0.351 2.556
0.035 0.420 1.608
0.022 0.998 0.066
-0.548 0.482 -2.235
0.201 0.120 -1.680
0.291 0.932 0.216
-2.275 0.368 0.583
-1.327 0.067 0.476
0.299 0.954 -0.034
1.735 0.244 -1.172
0.872 -0.205 -1.406
-0.434 0.893 -0.117
1.763 0.320 0.682
0.986 0.082 0.099
-0.190 0.971 -0.143
-0.875 0.277 -3.232
0.060 0.037 -2.970
0.231 0.971 0.064
0.906 0.460 2.296
0.487 -0.019 1.524
-0.228 0.878 -0.421
1.245 0.447 -1.306
0.360 0.006 -1.155
-0.435 0.898 0.074
0.257 0.232 2.860
0.170 0.408 1.880
0.016 0.984 0.176
-0.449 0.304 0.611
-0.059 -0.419 0.040
0.408 0.691 -0.596
0.479 0.351 2.115
0.842 0.493 1.194
-0.052 0.990 0.132
