768
0.515 0.058 -0.644
0.032 -0.381 -1.402
-0.200 0.898 -0.392
1.021 0.048 -0.654
0.676 -0.403 -1.477
-0.183 0.892 -0.413
0.739 0.097 -0.879
0.050 -0.340 -1.457
-0.355 0.899 -0.256
0.863 0.158 -1.259
-0.025 -0.076 -0.863
-0.227 0.972 0.065
-0.309 0.094 -1.125
-1.090 -0.324 -0.662
-0.364 0.908 0.205
-0.139 0.212 -2.167
-0.682 -0.039 -1.365
-0.191 0.966 0.174
-0.216 0.096 -2.168
-0.380 -0.414 -1.323
-0.091 0.860 0.502
-0.031 0.076 -1.438
0.643 -0.371 -0.849
0.292 0.893 0.344
0.121 0.179 -0.999
0.547 -0.087 -1.864
0.145 0.963 -0.225
0.181 0.129 -1.072
1.031 -0.280 -0.741
0.366 0.912 0.185
0.159 0.149 -0.793
0.996 -0.102 -0.308
0.203 0.967 0.152
0.306 0.182 -0.311
0.756 -0.034 0.555
0.036 0.974 0.223
0.569 0.254 0.163
0.283 0.207 1.120
-0.022 0.999 0.042
0.778 0.166 1.071
-0.054 -0.111 1.552
-0.253 0.960 0.116
0.836 0.158 1.425
-0.052 -0.183 1.736
-0.335 0.940 0.072
0.861 0.137 1.173
0.219 -0.300 0.543
-0.196 0.888 -0.416
0.842 0.133 0.501
0.791 -0.192 -0.443
-0.006 0.946 -0.325
0.952 0.102 0.538
0.351 -0.187 -0.207
-0.203 0.957 -0.208
0.203 0.131 -0.535
0.081 -0.073 -1.507
-0.065 0.978 -0.197
-0.788 0.009 -1.247
-0.137 -0.402 -1.885
0.318 0.911 -0.263
