12
0.527 0.309 -0.349
0.483 0.217 0.645
-0.004 0.996 0.092
1.550 0.133 1.152
0.648 -0.150 1.478
-0.266 0.959 0.096
1.464 0.211 -1.357
0.720 0.084 -0.701
-0.095 0.992 0.084
1.557 0.278 -1.372
0.751 0.215 -0.783
-0.051 0.998 0.037
-2.061 0.086 -0.789
-1.184 0.314 -0.366
-0.206 0.974 -0.099
-1.376 0.227 -0.005
-0.491 0.023 0.414
0.184 0.979 0.087
0.487 0.429 -0.611
-0.233 0.127 0.013
-0.228 0.953 0.198
-1.038 0.294 -1.310
-0.227 0.270 -0.726
0.020 1.000 0.014
-1.736 0.123 0.045
-0.742 0.022 0.091
0.101 0.995 0.005
1.872 0.083 1.102
1.067 -0.281 0.633
-0.314 0.932 -0.183
-0.849 0.311 -1.111
-0.047 0.493 -0.541
-0.149 0.983 -0.106
-2.042 0.363 -0.665
-1.459 -0.208 -0.087
0.406 0.821 0.402
