13
-0.399 0.689 0.809
0.150 -0.092 0.513
0.689 0.623 -0.370
-0.506 0.523 -0.198
-0.756 -0.271 -0.751
-0.327 0.607 -0.724
-0.802 0.641 0.757
-0.072 -0.001 0.523
0.611 0.767 -0.195
-0.242 0.379 0.829
0.100 -0.240 0.122
0.270 0.785 -0.558
-0.493 0.530 -0.370
-0.978 -0.204 -0.845
-0.525 0.679 -0.514
1.025 0.748 -0.681
0.462 0.064 -0.218
-0.529 0.729 0.434
-0.604 0.606 -0.912
-0.149 -0.054 -0.315
0.400 0.752 0.525
-0.462 0.387 -0.903
0.020 -0.344 -0.420
0.516 0.683 0.517
-0.914 0.439 -0.119
-0.100 -0.094 0.112
0.512 0.846 0.146
-1.078 0.706 -0.133
-0.531 -0.101 0.090
0.747 0.591 0.305
0.103 0.491 -1.210
-0.247 -0.182 -0.559
-0.320 0.739 0.593
0.391 0.550 0.607
-0.156 -0.011 -0.014
-0.371 0.828 -0.421
1.052 0.571 -1.061
0.461 -0.030 -0.522
-0.444 0.799 0.405
