13
2.253 0.251 -0.929
1.565 -0.071 -0.279
-0.234 0.947 0.221
2.110 0.406 -0.891
1.121 0.303 -0.777
-0.102 0.995 0.012
-1.013 0.197 0.478
-0.722 -0.127 -0.423
0.099 0.946 -0.308
1.796 0.395 -0.455
0.843 0.228 -0.704
-0.162 0.986 -0.042
-3.098 0.280 1.383
-2.426 -0.236 0.852
0.405 0.856 -0.320
-2.446 0.372 0.626
-1.506 0.294 0.295
0.074 0.997 -0.026
1.672 0.406 -0.412
0.889 -0.200 -0.556
-0.596 0.796 -0.110
-2.318 0.439 0.564
-1.596 0.046 -0.006
0.309 0.919 -0.244
-2.271 0.539 0.542
-1.684 -0.124 0.078
0.521 0.749 -0.410
-1.998 0.330 1.068
-1.748 -0.063 0.183
0.107 0.919 -0.378
-3.181 0.266 1.181
-2.567 -0.012 0.443
0.178 0.961 -0.214
-0.952 0.557 0.249
-0.611 -0.261 0.711
0.486 0.575 0.658
0.118 0.466 -0.139
-0.117 -0.263 0.504
-0.251 0.685 0.684
