9
2.180 0.531 -1.415
1.764 0.025 -0.659
-0.244 0.862 0.444
-0.024 0.553 1.258
0.465 0.067 0.534
0.272 0.874 -0.403
0.158 0.378 -2.366
0.492 -0.062 -1.533
0.164 0.898 0.409
0.785 0.542 1.413
1.239 0.042 0.676
0.263 0.866 -0.426
0.044 0.270 1.266
0.602 -0.290 0.653
0.377 0.828 -0.415
-0.567 0.430 -2.442
-0.057 -0.144 -1.801
0.357 0.819 0.449
0.796 0.518 1.353
1.150 0.224 0.465
0.109 0.956 -0.273
0.373 0.404 -1.577
0.717 0.289 -0.645
0.040 0.993 0.108
-0.731 0.377 -0.637
0.128 0.205 -0.155
0.150 0.985 0.084
