20
-1.834 0.320 -0.741
-0.903 0.071 -1.008
0.242 0.968 -0.063
-2.148 0.254 -0.207
-1.669 0.066 -1.064
0.059 0.981 -0.183
-1.975 0.084 -0.138
-1.102 -0.398 -0.218
0.479 0.876 -0.047
-1.625 0.180 0.289
-0.794 -0.166 0.724
0.327 0.937 0.122
-0.705 0.165 1.242
0.147 -0.206 0.871
0.321 0.928 -0.191
0.606 0.151 1.085
0.855 -0.145 0.163
-0.009 0.952 -0.307
1.527 0.106 0.942
1.174 -0.118 0.033
-0.152 0.972 -0.181
1.185 0.296 1.397
0.282 0.272 0.967
-0.025 1.000 -0.002
1.041 0.141 1.443
0.166 -0.216 1.771
-0.332 0.934 0.131
-0.418 0.094 1.374
-1.249 -0.311 0.992
-0.359 0.914 -0.188
-1.874 0.234 0.937
-1.999 0.019 -0.031
-0.026 0.977 -0.213
-2.153 0.121 -0.442
-1.367 -0.213 -0.963
0.264 0.942 -0.207
-1.150 0.217 -1.346
-0.242 -0.063 -1.034
0.269 0.960 0.079
0.250 0.120 -1.277
0.556 -0.167 -0.369
0.158 0.956 0.248
1.458 -0.239 -1.601
1.634 -0.397 -0.629
0.048 0.987 0.152
0.628 -0.011 -1.367
0.580 -0.275 -0.404
0.005 0.965 0.264
-0.070 0.100 -1.271
-0.580 -0.190 -0.461
-0.144 0.957 0.251
-1.020 0.138 -0.945
-1.185 -0.178 -0.011
-0.063 0.949 0.309
-1.965 0.057 -0.022
-1.201 -0.230 0.557
0.251 0.957 0.144
-1.135 0.021 1.185
-0.288 -0.325 0.781
0.282 0.936 -0.212
0.505 -0.015 1.166
1.107 -0.326 0.431
0.165 0.949 -0.267
