14
-1.004 0.512 0.547
-0.781 -0.207 -0.112
0.230 0.695 -0.681
0.416 0.654 -0.559
-0.182 -0.111 -0.321
-0.710 0.644 0.284
0.531 0.428 0.010
0.162 -0.289 -0.580
-0.380 0.697 -0.608
-1.255 0.552 0.046
-0.689 -0.125 -0.426
0.520 0.736 -0.433
-0.203 0.626 0.464
-0.842 -0.105 0.223
-0.684 0.682 -0.258
-0.993 0.593 -0.535
-0.385 -0.089 -0.128
0.566 0.732 0.379
0.187 0.499 -0.461
-0.519 -0.138 -0.153
-0.584 0.771 0.255
0.109 0.358 0.195
-0.679 -0.160 -0.140
-0.476 0.856 -0.203
0.208 0.442 0.124
0.321 -0.254 -0.585
0.110 0.718 -0.687
-0.144 0.503 -0.321
-0.659 -0.312 -0.587
-0.724 0.579 -0.375
0.108 0.657 -0.553
-0.362 -0.182 -0.826
-0.725 0.544 -0.422
-0.125 0.708 -0.327
-0.618 0.013 0.197
-0.476 0.719 0.506
-0.136 0.363 -0.302
-0.783 -0.359 -0.551
-0.674 0.692 -0.259
0.279 0.599 0.203
0.137 0.001 -0.586
-0.106 0.802 -0.589
