533
-1.109 0.157 0.105
-0.296 -0.419 0.193
0.574 0.817 0.056
-1.094 0.361 0.168
-0.094 0.370 0.163
-0.008 0.998 -0.066
-0.135 0.176 0.581
0.576 -0.349 0.113
0.417 0.850 -0.321
-0.124 0.326 0.299
0.154 0.036 -0.617
0.037 0.956 -0.291
1.164 0.235 0.127
1.452 -0.069 -0.781
0.041 0.951 -0.305
0.887 0.319 0.170
0.583 0.110 -0.760
-0.090 0.978 -0.190
0.747 0.208 0.018
-0.051 -0.214 -0.412
-0.374 0.906 -0.196
0.621 0.311 0.203
-0.284 0.007 0.499
-0.276 0.952 0.135
-0.801 0.204 -0.010
-1.134 -0.298 0.788
-0.212 0.864 0.456
-1.213 0.189 0.246
-0.430 -0.263 0.673
0.359 0.890 0.283
-1.275 0.376 0.274
-0.285 0.441 0.152
-0.072 0.996 -0.059
-0.595 0.121 0.492
0.184 -0.473 0.289
0.590 0.803 -0.083
-0.073 0.364 0.669
0.457 0.217 -0.167
0.044 0.988 -0.145
-0.094 0.179 -0.766
0.753 -0.309 -0.975
0.475 0.873 -0.108
0.063 0.108 -0.242
0.405 -0.479 0.491
0.169 0.806 0.567
-0.116 0.399 0.018
-0.977 0.325 0.521
-0.028 0.995 0.098
