9
0.835 0.928 -3.875
1.574 0.362 -3.509
0.512 0.824 0.243
0.670 0.922 -3.445
0.781 0.423 -2.586
0.075 0.867 0.493
-1.036 0.871 -3.369
-1.368 0.341 -2.589
-0.193 0.848 0.494
-1.807 0.873 -1.746
-1.230 0.323 -1.142
0.395 0.835 0.382
-2.290 0.849 0.970
-1.683 0.303 1.549
0.434 0.837 0.334
-1.424 0.912 3.072
-0.580 0.384 3.165
0.531 0.847 -0.012
-0.150 0.866 2.163
0.448 0.408 1.505
0.312 0.889 -0.336
0.330 0.827 -0.474
0.996 0.333 -1.033
0.331 0.867 -0.373
0.992 0.886 -3.011
1.804 0.303 -3.051
0.584 0.811 0.033
-0.020 0.898 -3.291
0.359 0.439 -2.487
0.202 0.888 0.412
