21
2.502 0.431 -1.876
2.624 0.007 -0.979
0.057 0.906 0.420
-0.760 0.183 -1.764
0.113 0.362 -1.310
-0.159 0.984 -0.082
-2.235 0.437 0.566
-1.372 0.516 0.067
-0.068 0.997 0.039
-0.984 0.375 -1.707
0.008 0.445 -1.610
-0.070 0.998 -0.007
-2.238 0.341 1.011
-1.455 0.148 0.421
0.154 0.981 -0.116
-1.730 0.175 1.205
-0.730 0.183 1.207
-0.008 1.000 -0.000
2.831 0.320 1.242
1.998 0.171 0.710
-0.126 0.989 -0.080
-0.894 0.514 -1.730
-0.226 0.349 -1.005
0.112 0.986 0.121
1.967 0.523 0.390
0.984 0.403 0.531
-0.118 0.993 0.017
2.895 0.169 0.378
2.307 -0.238 -0.321
-0.262 0.913 -0.312
2.000 0.495 1.011
1.641 0.042 0.195
-0.182 0.891 -0.415
1.358 0.456 -1.566
0.824 0.415 -0.721
-0.022 0.999 0.034
1.899 0.410 -1.688
1.349 0.098 -0.913
-0.181 0.950 0.254
2.924 0.384 0.497
2.219 0.408 -0.211
0.017 1.000 0.017
2.663 0.281 -1.098
1.858 -0.073 -0.621
-0.304 0.935 0.180
2.597 0.494 -1.415
1.943 0.034 -0.815
-0.339 0.888 0.311
2.075 0.337 1.314
1.334 -0.162 0.864
-0.426 0.867 -0.259
2.422 0.460 0.288
1.603 -0.108 0.207
-0.566 0.822 -0.056
2.523 0.249 -0.782
1.949 -0.251 -0.134
-0.332 0.866 0.375
1.496 0.303 -1.701
1.072 0.444 -0.806
0.060 0.990 -0.127
0.866 0.425 0.682
0.453 0.155 -0.188
-0.116 0.963 -0.243
