14
-0.788 0.561 -1.285
-0.071 0.552 -0.589
0.007 1.000 0.007
-1.574 0.766 -1.340
-0.803 0.831 -0.706
-0.050 0.998 -0.041
-0.520 0.590 -1.219
0.276 0.088 -0.880
0.461 0.865 0.197
-1.518 0.423 -0.459
-0.648 0.484 0.030
-0.053 0.998 -0.030
-1.076 0.760 -0.332
-0.165 0.394 -0.522
0.358 0.931 -0.075
1.356 0.529 -0.938
0.879 0.003 -0.234
-0.295 0.851 0.435
0.999 0.537 -1.271
0.321 -0.047 -0.824
-0.487 0.812 0.321
0.380 0.633 -1.074
0.213 -0.097 -0.410
-0.178 0.684 0.707
-1.639 0.561 -1.096
-1.001 0.084 -0.492
0.347 0.879 0.329
-0.593 0.502 -1.222
-0.145 0.295 -0.352
0.095 0.978 0.184
-1.336 0.582 -0.414
-0.541 0.089 -0.766
0.451 0.870 -0.200
1.408 0.635 -0.146
0.658 0.025 -0.400
-0.578 0.792 -0.196
-1.519 0.734 -0.459
-0.770 0.104 -0.660
0.609 0.776 -0.164
0.190 0.746 -0.364
0.246 0.013 0.314
0.060 0.680 0.731
