20
0.432 0.289 1.328
-0.047 0.069 0.479
-0.108 0.975 -0.192
-1.289 0.528 -0.908
-0.317 0.334 -1.042
0.193 0.981 -0.027
-0.269 0.618 -0.379
-0.979 0.193 -0.939
-0.334 0.905 -0.263
0.699 0.497 -1.040
-0.241 0.316 -1.327
-0.173 0.984 -0.053
0.686 0.443 1.176
0.181 0.360 0.317
-0.042 0.997 -0.071
0.004 0.537 0.414
-0.558 0.574 -0.413
0.021 0.999 0.031
-0.139 0.435 -1.163
-1.056 0.104 -1.383
-0.322 0.943 -0.077
0.772 0.512 -2.409
0.602 0.068 -1.529
-0.084 0.896 0.435
-0.396 0.656 1.207
-1.237 0.388 0.738
-0.234 0.963 -0.131
-0.812 0.466 -1.633
0.180 0.394 -1.524
0.071 0.997 0.008
-1.033 0.359 1.550
-0.658 -0.187 0.801
0.245 0.838 -0.488
0.383 0.400 0.519
-0.528 0.070 0.271
-0.319 0.944 -0.087
0.721 0.388 -2.150
0.787 0.021 -1.223
0.026 0.930 0.367
-0.838 0.540 0.653
-0.257 0.126 -0.047
0.264 0.910 -0.318
-1.710 0.345 1.070
-1.583 0.228 0.084
0.015 0.993 -0.116
0.787 0.361 0.548
0.431 -0.197 -0.201
-0.239 0.830 -0.504
0.085 0.285 -2.735
-0.505 0.470 -1.949
0.111 0.983 -0.148
-1.953 0.514 0.592
-1.073 0.264 0.188
0.227 0.968 -0.104
-0.063 0.651 -1.152
-0.791 0.454 -0.495
-0.146 0.980 0.132
0.751 0.372 0.770
0.243 0.333 -0.091
-0.020 0.999 -0.034
