63
-1.027 0.265 -0.903
-0.255 -0.054 -0.353
0.260 0.948 0.185
-1.248 0.183 0.816
-0.332 -0.120 1.077
0.292 0.953 0.083
-0.857 -0.114 -0.286
-0.017 -0.272 0.233
0.134 0.987 0.083
-1.582 0.249 0.462
-0.790 -0.093 0.968
0.288 0.940 0.184
-1.151 0.271 -0.468
-0.425 0.176 0.213
0.070 0.995 0.066
-0.755 0.248 -0.267
-0.234 -0.199 0.460
0.261 0.894 0.364
-0.254 0.181 -0.600
0.145 -0.096 0.275
0.114 0.961 0.251
-1.175 0.226 0.536
-0.292 -0.177 0.775
0.389 0.915 0.105
0.352 -0.061 -0.732
0.647 -0.290 0.196
0.069 0.973 0.219
-1.108 0.191 -0.735
-0.735 -0.193 0.109
0.155 0.923 0.351
-1.783 0.265 -0.173
-1.106 -0.236 0.365
0.392 0.865 0.312
2.819 0.201 0.279
2.099 0.260 0.970
0.043 0.998 -0.041
-2.026 -0.076 -0.481
-1.665 -0.475 0.362
0.157 0.917 0.367
-1.161 0.078 0.245
-0.308 0.130 0.764
-0.045 0.999 -0.027
-0.483 -0.095 -0.989
-0.536 -0.341 -0.022
-0.013 0.969 0.246
2.311 0.262 -0.195
2.309 0.396 0.796
0.000 0.991 -0.133
2.025 0.264 -0.233
1.565 0.260 0.655
-0.002 1.000 0.003
-1.051 0.115 -1.093
-0.833 -0.437 -0.289
0.144 0.833 0.533
-1.384 -0.034 -0.675
-0.921 -0.513 0.071
0.253 0.878 0.407
-1.764 0.223 2.188
-1.131 -0.384 1.707
0.484 0.795 -0.367
-1.691 0.248 -0.731
-0.973 -0.384 -0.439
0.586 0.774 0.239
-1.200 0.209 1.704
-0.319 -0.202 1.936
0.397 0.912 0.105
-1.440 -0.116 -0.488
-0.784 -0.622 0.071
0.386 0.862 0.329
-0.829 0.099 -0.652
-0.532 -0.436 0.139
0.188 0.845 0.501
-0.043 -0.092 -0.096
0.479 -0.579 0.605
0.291 0.873 0.391
1.715 0.065 -0.123
1.192 -0.007 0.726
-0.038 0.997 0.061
-1.784 0.154 -0.168
-1.320 -0.404 0.520
0.312 0.830 0.463
-0.979 0.214 0.865
-0.264 -0.218 1.414
0.342 0.902 0.263
-1.841 0.204 1.294
-0.990 -0.190 1.641
0.365 0.919 0.149
-0.133 0.102 1.516
0.445 -0.495 0.959
0.429 0.803 -0.414
2.203 -0.016 0.474
1.983 -0.218 1.428
-0.046 0.979 0.198
-1.500 0.037 1.063
-0.501 0.046 1.087
-0.008 1.000 -0.000
-2.028 -0.019 1.553
-1.165 -0.231 2.012
0.187 0.977 0.099
-2.107 0.257 1.246
-1.311 -0.338 1.132
0.589 0.804 -0.084
-1.298 0.249 1.100
-0.451 -0.270 0.991
0.515 0.854 -0.066
-2.165 0.146 2.408
-1.418 -0.326 1.941
0.400 0.882 -0.250
2.593 0.190 -0.134
1.863 -0.054 0.505
-0.184 0.970 0.161
-2.110 0.120 2.125
-1.325 -0.498 2.077
0.616 0.787 -0.037
0.599 0.039 -0.450
0.217 -0.076 0.468
-0.044 0.993 0.106
-1.244 0.067 1.099
-0.373 -0.360 0.855
0.411 0.905 -0.115
-1.752 0.106 2.190
-0.944 -0.453 2.003
0.544 0.829 -0.126
-1.282 -0.073 -0.949
-0.480 -0.567 -0.612
0.455 0.870 0.192
-1.328 0.059 -1.251
-0.740 0.211 -0.457
-0.090 0.989 -0.121
2.644 0.225 -0.453
1.921 0.267 0.236
0.030 0.999 -0.028
-0.361 -0.094 0.070
-0.581 -0.247 1.033
-0.034 0.988 0.149
2.016 0.130 -0.177
1.306 0.036 0.521
-0.067 0.996 0.066
-1.236 0.177 -0.062
-0.291 -0.145 -0.117
0.321 0.947 -0.019
-0.632 0.194 -0.066
-0.874 -0.056 0.872
-0.063 0.968 0.242
-0.786 0.109 -0.923
-1.115 -0.210 -0.034
-0.111 0.948 0.299
1.652 -0.015 0.268
1.027 -0.356 0.971
-0.226 0.940 0.254
0.946 0.187 -0.790
1.030 -0.312 0.073
0.049 0.866 0.497
0.843 -0.043 -0.155
0.854 -0.486 0.742
0.005 0.896 0.443
1.434 -0.015 -0.197
0.773 -0.530 0.348
-0.398 0.857 0.328
0.059 0.164 -0.725
-0.175 -0.385 0.078
-0.154 0.836 0.526
-0.895 -0.109 -0.244
-0.251 0.048 0.505
-0.102 0.988 -0.119
1.575 0.065 -0.576
0.740 -0.361 -0.229
-0.394 0.905 0.163
1.777 0.099 -0.512
1.811 -0.371 0.370
0.018 0.883 0.470
-2.067 -0.006 -0.224
-1.895 -0.193 0.743
0.033 0.982 0.184
1.481 0.242 0.574
0.745 -0.435 0.584
-0.677 0.736 0.009
1.562 0.158 0.003
0.906 -0.315 0.591
-0.352 0.881 0.316
0.580 -0.049 -0.336
-0.027 -0.421 0.366
-0.244 0.928 0.281
1.450 0.193 -0.292
1.412 -0.214 0.621
-0.017 0.913 0.407
-1.047 0.122 1.732
-0.250 -0.038 1.150
0.129 0.987 -0.094
