414
-0.903 0.350 0.631
-0.088 0.208 0.068
0.123 0.990 -0.072
-0.684 0.363 0.540
0.115 0.185 -0.034
0.145 0.984 -0.103
-0.495 0.115 0.356
0.109 -0.498 -0.155
0.453 0.791 -0.412
-0.464 0.061 0.498
-0.500 -0.634 -0.220
-0.030 0.719 -0.694
-0.150 -0.029 0.255
-0.452 -0.904 -0.124
-0.583 0.484 -0.652
-0.562 0.040 0.399
-0.129 -0.796 0.062
0.612 0.547 -0.571
-0.350 0.098 0.559
0.252 -0.670 0.780
0.745 0.639 0.190
0.037 0.037 0.554
0.253 -0.806 1.045
0.392 0.536 0.747
-0.021 0.090 0.489
0.455 -0.639 0.981
0.563 0.682 0.466
-0.051 0.249 0.428
0.639 -0.129 1.046
0.302 0.925 0.229
-0.031 0.361 0.600
-0.002 0.182 1.584
-0.052 0.982 0.179
-0.523 0.193 0.598
0.302 -0.300 0.874
0.508 0.861 0.020
-1.064 0.137 0.566
-0.235 -0.417 0.627
0.554 0.832 0.022
