11
2.315 0.547 1.062
2.287 0.341 0.084
-0.006 0.979 -0.206
-1.805 0.299 0.272
-0.917 0.151 -0.164
0.133 0.989 -0.066
-0.694 0.356 1.806
-0.089 0.444 1.015
-0.054 0.996 0.070
-0.898 0.373 1.417
-0.168 0.536 0.752
-0.121 0.987 0.110
-0.945 0.599 1.825
-0.108 0.618 1.279
-0.015 1.000 0.010
0.685 0.460 0.844
0.130 0.192 0.056
-0.154 0.963 -0.219
-1.606 0.509 -1.362
-0.840 0.623 -0.729
-0.088 0.993 -0.073
0.723 0.420 1.481
1.109 0.531 0.565
-0.043 0.994 0.102
-1.047 0.536 1.833
-0.196 0.598 1.312
-0.053 0.998 0.033
-0.915 0.444 1.129
-1.003 0.216 0.159
-0.021 0.974 -0.227
-0.312 0.351 -0.600
0.310 0.014 0.108
0.222 0.942 0.253
