13
1.855 0.440 -3.882
1.161 0.387 -3.163
-0.037 0.999 0.038
1.897 0.208 -3.581
1.254 0.139 -2.817
-0.045 0.998 0.053
-2.181 0.255 -2.416
-1.538 0.258 -1.650
-0.002 1.000 -0.002
-2.234 0.304 -2.858
-2.276 -0.274 -2.043
-0.029 0.816 0.577
-0.165 0.379 -3.185
-0.299 0.394 -2.194
0.002 1.000 -0.015
-0.156 0.474 -3.116
-0.374 0.253 -2.165
-0.049 0.975 0.215
-1.836 0.230 -0.513
-0.860 0.011 -0.534
0.219 0.976 -0.005
1.846 0.429 -1.771
1.215 0.289 -1.008
-0.090 0.990 0.108
-0.158 0.232 -3.132
0.088 0.342 -2.169
-0.027 0.994 -0.106
-2.297 0.397 -3.384
-1.817 -0.149 -2.698
0.313 0.838 0.447
-0.938 0.365 3.499
-0.276 0.144 2.783
0.150 0.975 -0.162
0.800 0.324 3.308
0.204 0.357 2.506
0.019 0.999 0.026
1.961 0.137 -3.047
1.343 0.338 -2.287
0.127 0.980 -0.156
