15
1.107 0.409 1.906
0.480 0.356 1.129
-0.033 0.999 -0.041
1.856 0.497 -1.015
0.876 0.317 -1.107
-0.179 0.984 -0.017
1.658 0.347 -1.100
0.733 0.065 -0.843
-0.271 0.960 0.075
2.252 0.399 -0.845
1.298 0.360 -0.548
-0.037 0.999 0.012
1.531 0.376 1.007
0.579 0.101 0.872
-0.272 0.962 -0.039
0.751 0.458 -1.146
0.071 0.122 -0.493
-0.242 0.942 0.232
1.324 0.425 0.918
0.992 -0.093 0.129
-0.201 0.855 -0.477
1.377 0.461 -0.140
0.595 0.206 -0.709
-0.206 0.967 -0.150
-0.508 0.313 0.101
0.227 -0.307 -0.173
0.581 0.784 -0.216
1.373 0.436 0.721
0.874 0.058 -0.059
-0.204 0.926 -0.318
0.846 0.172 0.713
-0.048 -0.225 0.507
-0.387 0.918 -0.089
-1.792 0.258 0.569
-1.022 -0.325 0.309
0.552 0.812 -0.186
1.400 0.529 0.657
1.002 0.078 -0.142
-0.200 0.893 -0.403
1.774 0.157 0.030
0.956 -0.365 -0.209
-0.502 0.853 -0.146
1.298 0.382 0.073
0.414 0.016 0.363
-0.348 0.931 0.114
