11
5.031 0.148 1.023
4.084 0.038 0.723
-0.105 0.994 -0.033
-0.510 0.203 -2.655
0.059 0.080 -1.842
0.070 0.992 0.101
5.107 0.325 1.133
4.125 0.354 0.947
0.028 1.000 0.005
-0.934 0.175 -3.323
-0.507 0.146 -2.419
0.012 1.000 0.026
2.547 0.171 1.908
1.732 0.009 1.352
-0.134 0.987 -0.091
2.479 0.244 1.809
1.921 0.009 1.013
-0.135 0.972 -0.192
0.146 0.352 2.042
0.615 0.266 1.163
0.040 0.996 -0.076
-3.003 0.443 -1.827
-2.005 0.373 -1.825
0.070 0.998 0.000
1.145 0.415 -2.437
1.274 0.327 -1.449
0.012 0.996 0.088
0.707 0.333 -4.002
0.618 0.385 -3.007
0.005 0.999 -0.052
0.598 0.349 3.569
0.339 0.129 2.629
-0.058 0.975 -0.213
