11
4.149 0.530 -1.371
3.214 0.480 -1.019
-0.046 0.999 0.017
4.091 0.432 -1.365
3.284 0.411 -0.775
-0.017 1.000 0.012
3.317 0.249 -1.232
2.629 0.287 -0.507
0.026 0.999 -0.027
-3.158 0.340 -0.802
-2.275 0.409 -0.338
-0.061 0.998 -0.032
-3.410 0.291 -0.764
-2.414 0.216 -0.799
0.074 0.997 -0.003
-3.303 0.242 -0.756
-2.870 -0.200 0.030
0.214 0.897 0.387
4.767 0.205 -1.430
3.926 -0.227 -1.105
-0.403 0.902 0.156
1.082 0.173 -0.299
1.406 -0.433 0.428
0.246 0.796 0.553
-3.240 0.461 -0.269
-2.722 0.194 0.544
0.143 0.964 0.225
0.957 0.411 -1.267
1.655 0.408 -0.551
0.002 1.000 0.002
-1.163 0.231 -0.928
-0.619 0.039 -0.111
0.107 0.981 0.161
