10
1.109 0.319 -3.987
0.800 -0.024 -3.099
-0.113 0.939 0.324
0.705 0.286 1.715
0.722 -0.208 0.846
0.010 0.869 -0.494
0.616 0.189 2.026
0.469 0.118 1.040
-0.011 0.997 -0.071
4.321 0.298 2.363
3.746 0.169 1.555
-0.075 0.992 -0.105
-1.266 0.072 -4.693
-0.780 0.187 -3.827
-0.056 0.993 -0.100
-2.698 0.271 -1.289
-1.912 -0.295 -1.534
0.540 0.824 -0.169
7.318 0.234 -0.308
6.385 0.275 0.049
0.038 0.999 -0.014
7.733 -0.008 -0.185
6.743 -0.131 -0.114
-0.123 0.992 0.009
6.022 0.267 3.121
5.080 0.145 2.807
-0.116 0.992 -0.039
8.192 -0.002 -2.161
7.263 -0.200 -1.847
-0.188 0.980 0.063
