10
0.348 0.550 -0.057
0.416 0.056 0.810
-0.102 0.861 0.499
0.185 0.548 0.108
-0.590 0.062 0.512
-0.467 0.871 0.152
0.054 0.641 -0.314
-0.566 0.218 -0.975
-0.293 0.906 -0.304
0.356 0.637 -0.422
0.889 0.238 -1.169
0.213 0.917 -0.338
0.096 0.581 0.036
0.795 0.101 0.566
0.361 0.877 0.318
0.020 0.624 0.412
-0.375 0.139 1.193
-0.255 0.874 0.414
-0.039 0.590 0.038
-0.910 0.105 -0.038
-0.479 0.874 -0.086
0.163 0.624 -0.481
0.068 0.157 -1.360
-0.033 0.884 -0.467
0.317 0.595 -0.465
1.069 0.174 -0.971
0.350 0.907 -0.235
0.144 0.558 0.409
0.789 0.009 0.941
0.367 0.833 0.414
-0.173 0.645 0.666
-1.014 0.236 1.021
-0.396 0.911 0.112
