9
-0.240 0.423 0.883
0.279 -0.290 0.412
0.528 0.701 -0.479
0.502 0.615 1.139
0.183 -0.154 0.586
-0.385 0.639 -0.666
0.534 0.591 0.577
-0.120 -0.150 0.424
-0.721 0.672 -0.168
-0.250 0.748 0.949
0.174 0.061 0.358
0.400 0.727 -0.558
0.640 0.627 0.595
-0.011 -0.076 0.309
-0.643 0.711 -0.283
-1.399 0.786 0.103
-0.612 0.172 0.160
0.613 0.789 0.045
1.529 0.729 -0.485
1.015 0.037 0.023
-0.492 0.722 0.486
1.394 0.682 0.511
1.202 -0.073 -0.118
-0.220 0.657 -0.721
0.838 0.504 0.631
0.058 0.026 0.226
-0.424 0.879 -0.220
