301
-1.065 0.445 -0.001
-0.138 0.073 0.044
0.372 0.928 0.028
-1.095 0.546 -0.053
-0.104 0.443 -0.140
0.100 0.994 -0.041
-1.277 0.351 0.234
-0.455 -0.177 0.448
0.508 0.850 0.144
-1.244 0.470 0.398
-0.369 0.216 -0.016
0.207 0.966 -0.155
-1.504 0.317 0.802
-1.603 -0.228 -0.030
-0.214 0.829 -0.517
-1.555 0.513 0.803
-1.513 0.403 -0.190
-0.076 0.991 -0.113
-1.280 0.321 0.354
-0.412 -0.171 0.284
0.482 0.868 -0.122
-1.050 0.454 -0.124
-0.076 0.333 0.068
0.151 0.977 -0.151
0.526 0.355 -0.529
1.354 -0.071 -0.166
0.445 0.895 0.036
1.025 0.598 -0.330
1.768 0.633 0.338
0.001 0.999 -0.055
