568
-0.828 0.476 0.259
-1.213 0.061 -0.565
-0.160 0.910 -0.384
-1.318 0.516 0.946
-1.342 -0.023 0.105
0.068 0.839 -0.539
-0.175 0.428 0.090
-0.344 -0.006 -0.794
-0.138 0.899 -0.415
0.662 0.402 -0.812
0.633 -0.024 -1.716
-0.050 0.904 -0.424
1.136 0.388 -1.418
0.665 -0.061 -2.178
-0.404 0.875 -0.266
1.327 0.362 -1.843
0.468 -0.147 -1.895
-0.508 0.861 -0.030
0.020 0.345 -1.288
-0.725 -0.259 -1.571
-0.528 0.793 -0.303
-0.590 0.416 -0.448
-0.403 -0.113 -1.276
0.198 0.846 -0.495
-0.870 0.482 -0.046
-0.212 0.041 -0.656
0.326 0.897 -0.297
-1.201 0.451 0.110
-0.318 -0.018 0.099
0.469 0.882 -0.051
-1.030 0.461 0.037
-0.117 0.058 0.110
0.404 0.915 -0.016
-0.070 0.509 0.548
0.765 0.125 0.942
0.363 0.923 0.130
0.072 0.582 1.051
0.537 0.191 1.845
0.293 0.914 0.279
0.395 0.665 1.532
1.276 0.239 1.740
0.439 0.898 -0.017
-0.059 0.680 1.817
0.744 0.284 2.264
0.425 0.904 0.038
1.547 0.541 1.084
1.312 0.112 1.956
-0.210 0.899 0.385
2.381 0.472 0.237
1.493 0.026 0.346
-0.452 0.892 -0.033
1.251 0.401 -0.593
0.682 -0.083 -1.257
-0.275 0.874 -0.401
