16
-2.690 0.065 0.269
-1.772 0.096 -0.126
-0.029 1.000 0.012
-1.070 0.314 -1.493
-0.697 -0.270 -0.772
0.268 0.812 0.518
-2.856 0.052 -0.336
-2.010 0.196 -0.849
-0.123 0.990 0.074
0.843 0.229 1.729
0.788 0.040 0.749
-0.010 0.982 -0.188
0.113 0.124 0.847
0.025 0.087 -0.148
-0.003 0.999 -0.037
-1.585 0.308 -0.469
-0.729 -0.195 -0.585
0.499 0.864 -0.068
-0.770 0.300 0.253
-0.071 -0.151 -0.302
0.353 0.893 -0.281
0.536 0.071 0.656
0.020 -0.252 -0.138
-0.176 0.946 -0.271
-2.389 0.326 -0.774
-1.502 -0.132 -0.844
0.456 0.889 -0.036
-1.247 0.059 -1.353
-0.559 -0.491 -0.879
0.453 0.836 0.311
-0.858 0.294 0.419
-0.063 -0.059 -0.074
0.300 0.936 -0.186
0.954 0.291 -0.328
0.143 -0.289 -0.403
-0.578 0.815 -0.053
-2.876 0.292 -0.298
-1.960 -0.109 -0.330
0.400 0.916 -0.014
0.292 0.216 0.512
-0.008 0.189 -0.442
-0.008 1.000 -0.026
0.826 0.260 1.761
1.061 -0.114 0.864
0.095 0.927 -0.362
-1.530 0.304 -0.572
-1.075 0.055 -1.427
0.117 0.968 -0.220
