14
-0.724 0.547 0.810
0.090 -0.032 0.761
0.578 0.815 -0.035
-1.335 0.212 0.926
-0.523 -0.319 1.169
0.509 0.847 0.152
-0.662 0.479 -0.651
-0.397 -0.173 0.060
0.228 0.759 0.610
-0.326 0.503 1.780
-0.314 -0.118 0.996
0.010 0.784 -0.621
0.392 0.335 -0.916
0.303 -0.219 -0.088
-0.059 0.833 0.551
-0.396 0.241 0.578
0.471 -0.168 0.863
0.389 0.912 0.128
1.331 0.485 0.873
0.601 -0.195 0.934
-0.678 0.733 0.057
0.144 0.293 -0.347
-0.147 -0.080 0.534
-0.117 0.928 0.354
0.536 0.357 1.552
-0.159 -0.307 1.274
-0.616 0.748 -0.246
1.217 0.576 0.002
0.387 0.379 0.523
-0.166 0.981 0.104
-0.667 0.295 1.521
-0.349 -0.034 0.632
0.111 0.944 -0.309
-0.096 0.359 -0.002
-0.307 -0.177 0.816
-0.133 0.845 0.518
-0.419 0.381 0.561
0.477 0.005 0.798
0.363 0.927 0.096
0.373 0.267 -0.675
-0.078 -0.315 0.002
-0.322 0.813 0.484
