22
0.292 0.139 0.052
-0.410 -0.474 -0.310
-0.545 0.790 -0.281
-0.110 0.312 0.057
0.308 -0.461 -0.421
0.509 0.635 -0.581
0.763 0.340 -0.149
-0.110 -0.141 -0.236
-0.478 0.877 -0.048
-0.289 0.281 0.430
0.343 -0.343 -0.031
0.504 0.782 -0.367
0.088 0.485 0.023
0.530 -0.369 -0.250
0.726 0.519 -0.450
-0.251 0.472 -0.351
-0.787 -0.328 -0.082
-0.715 0.600 0.358
0.570 0.198 0.220
-0.221 -0.393 0.378
-0.580 0.806 0.116
0.128 0.483 -0.408
0.478 -0.387 -0.059
0.615 0.494 0.615
0.541 0.262 -0.802
-0.277 -0.064 -0.328
-0.282 0.945 0.163
-0.721 0.346 0.502
0.184 0.147 0.126
0.184 0.980 -0.076
0.265 0.233 -0.121
-0.101 -0.199 -0.946
-0.175 0.902 -0.394
-0.190 0.266 0.666
-0.543 -0.388 -0.003
-0.305 0.757 -0.578
0.036 0.275 0.181
-0.253 -0.611 0.543
-0.553 0.463 0.693
0.236 0.379 -0.306
-0.440 -0.352 -0.393
-0.725 0.682 -0.092
-0.356 0.208 0.287
-0.623 -0.349 -0.499
-0.179 0.831 -0.527
-0.114 0.384 -0.358
-0.217 -0.539 -0.730
-0.247 0.386 -0.889
0.233 0.379 0.343
0.411 -0.060 -0.538
0.087 0.898 -0.431
0.533 0.244 -0.605
-0.315 0.262 -1.135
0.016 1.000 0.010
0.445 0.476 0.579
-0.409 -0.002 0.374
-0.465 0.878 -0.112
0.554 0.291 -0.467
0.097 -0.102 -1.264
-0.196 0.919 -0.341
-0.384 0.138 0.111
0.135 -0.004 -0.732
0.075 0.990 -0.121
-0.390 0.121 0.069
-0.098 -0.647 -0.501
0.350 0.641 -0.683
