8
0.743 0.228 -1.009
0.804 -0.198 -0.106
0.031 0.905 0.425
0.693 0.276 -1.189
0.464 -0.084 -0.284
-0.124 0.933 0.339
1.032 0.204 0.365
0.371 -0.283 0.936
-0.397 0.873 0.285
0.832 0.233 0.429
0.004 -0.176 0.046
-0.362 0.912 -0.192
-0.027 0.225 -1.204
-0.885 -0.108 -1.595
-0.329 0.941 -0.079
0.077 0.095 -0.990
-0.065 -0.550 -0.239
-0.131 0.764 0.631
-0.034 0.181 0.568
-0.334 -0.374 1.344
-0.251 0.830 0.498
0.122 0.207 0.472
-0.365 -0.429 1.071
-0.456 0.770 0.446
0.444 0.216 0.157
-0.364 -0.332 -0.061
-0.512 0.835 -0.200
