25
-1.316 0.465 0.022
-0.317 0.465 -0.021
0.000 1.000 -0.000
-1.354 0.342 0.052
-0.526 0.208 -0.492
0.112 0.991 -0.074
-0.335 0.407 0.642
0.535 0.053 0.299
0.329 0.935 -0.130
-1.370 0.566 0.061
-0.496 0.216 -0.274
0.327 0.937 -0.125
-0.816 0.357 1.462
0.087 0.469 1.048
-0.102 0.994 0.047
-1.002 0.436 0.996
-0.085 0.129 0.742
0.296 0.952 -0.082
-1.455 0.500 0.106
-0.608 0.627 -0.410
-0.109 0.992 0.066
-0.988 0.286 1.553
-0.049 0.088 1.273
0.190 0.980 -0.057
-1.064 0.381 0.845
-0.492 0.372 0.025
0.005 1.000 -0.008
-0.902 0.471 1.508
-0.144 0.111 0.964
0.293 0.933 -0.210
-0.624 0.280 -0.306
0.195 -0.291 -0.365
0.569 0.821 -0.041
1.607 0.369 -0.508
1.143 -0.181 -1.202
-0.306 0.835 -0.458
1.360 0.607 0.107
0.984 -0.062 -0.534
-0.339 0.743 -0.577
-1.139 0.356 -0.447
-0.283 0.195 0.043
0.140 0.987 0.080
-0.444 0.259 0.134
0.260 -0.390 -0.156
0.600 0.761 -0.248
1.687 0.583 0.485
0.778 0.168 0.457
-0.415 0.910 -0.013
0.412 0.230 -1.670
-0.386 0.076 -1.088
-0.124 0.988 0.090
1.530 0.267 -0.716
0.940 -0.346 -0.190
-0.458 0.790 0.408
0.966 0.413 0.433
0.733 -0.221 -0.305
-0.191 0.774 -0.604
1.455 0.268 -0.808
0.700 -0.378 -0.920
-0.639 0.764 -0.095
-0.315 0.397 -1.057
0.215 -0.008 -0.313
0.236 0.914 0.330
1.187 0.329 -0.234
0.807 -0.113 -1.047
-0.187 0.897 -0.400
0.126 0.462 -1.291
-0.303 0.175 -0.434
-0.129 0.958 0.257
1.874 0.491 0.018
0.929 0.220 -0.164
-0.266 0.963 -0.051
-0.840 0.252 1.286
-0.640 0.451 0.327
-0.041 0.980 0.195
