11
0.563 0.532 1.823
-0.063 0.370 1.060
-0.103 0.987 -0.125
1.750 0.210 -0.547
0.840 0.119 -0.142
-0.084 0.996 0.037
0.760 0.400 -0.690
-0.096 0.097 -0.269
-0.272 0.953 0.133
-2.070 0.359 1.055
-1.472 0.528 0.271
-0.102 0.986 0.134
0.427 0.521 0.635
-0.496 0.147 0.728
-0.372 0.927 0.038
1.792 0.439 -0.505
1.013 0.241 0.089
-0.158 0.980 0.120
-1.432 0.471 -1.144
-0.547 0.010 -1.086
0.460 0.887 0.030
-0.697 0.361 1.065
-0.392 -0.159 0.267
0.186 0.854 -0.486
-2.080 0.237 1.125
-1.207 0.124 0.650
0.099 0.994 -0.054
-1.177 0.196 1.645
-0.490 0.131 0.922
0.045 0.998 -0.047
0.990 0.479 2.089
0.579 -0.066 1.358
-0.267 0.839 -0.475
