50
2.047 0.119 0.659
1.137 -0.092 0.303
-0.196 0.978 -0.077
1.881 0.132 -0.072
0.949 -0.153 -0.295
-0.277 0.959 -0.066
-1.483 0.249 0.139
-0.698 -0.332 -0.076
0.560 0.814 -0.154
-1.494 0.253 -0.477
-0.751 -0.385 -0.674
0.618 0.769 -0.163
1.260 0.038 0.579
0.428 -0.312 0.148
-0.311 0.936 -0.161
1.313 0.130 0.229
0.472 -0.293 -0.106
-0.393 0.906 -0.157
0.972 0.086 0.372
0.113 -0.275 0.008
-0.332 0.933 -0.141
1.659 0.270 0.448
0.701 0.184 0.174
-0.083 0.996 -0.024
1.024 0.142 -1.445
0.186 -0.227 -1.041
-0.332 0.929 0.160
-1.329 0.122 -0.501
-0.584 -0.521 -0.328
0.627 0.765 0.146
2.022 0.103 0.579
1.078 0.140 0.253
0.035 0.999 0.012
1.405 0.226 -0.468
0.409 0.308 -0.450
0.082 0.997 -0.001
1.021 0.330 -1.108
0.106 -0.063 -1.019
-0.391 0.920 0.038
-1.081 0.040 -0.465
-0.295 -0.477 -0.126
0.474 0.856 0.205
-1.393 0.033 -0.480
-0.781 -0.556 0.047
0.446 0.808 0.384
2.299 0.014 0.604
1.405 -0.032 0.159
-0.041 0.999 -0.021
0.684 0.160 0.044
-0.088 -0.475 0.035
-0.635 0.772 -0.007
-1.103 0.319 1.331
-0.335 -0.247 1.035
0.529 0.824 -0.204
1.637 -0.041 -0.186
0.788 -0.559 -0.288
-0.515 0.855 -0.062
-1.149 0.064 -1.138
-0.559 -0.368 -0.456
0.283 0.902 0.327
-1.783 0.236 -0.199
-1.098 -0.346 0.240
0.490 0.813 0.314
1.164 0.258 1.261
0.514 -0.252 0.697
-0.385 0.860 -0.334
-0.802 0.288 1.485
-0.141 -0.280 0.995
0.456 0.823 -0.339
1.102 0.160 -1.462
0.203 0.177 -1.023
0.015 1.000 -0.007
0.498 0.325 1.284
-0.018 -0.249 0.648
-0.361 0.819 -0.445
1.402 0.006 -0.858
0.932 -0.442 -0.098
-0.236 0.894 0.381
1.074 0.345 -1.456
0.174 -0.049 -1.269
-0.386 0.919 0.080
-0.487 0.345 1.378
-0.073 -0.302 0.737
0.350 0.763 -0.543
-1.366 0.136 0.612
-1.195 -0.429 -0.196
0.117 0.825 -0.552
1.579 0.254 -0.509
0.672 0.301 -0.091
0.043 0.999 -0.020
-0.485 0.179 1.601
0.097 -0.418 1.049
0.433 0.802 -0.411
-1.075 0.255 0.965
-0.899 -0.237 0.112
0.100 0.870 -0.483
0.163 0.197 1.285
-0.157 -0.214 0.432
-0.145 0.911 -0.385
0.412 0.021 -0.189
0.149 -0.498 0.624
-0.160 0.855 0.494
2.256 0.223 0.614
1.404 0.242 0.090
0.016 1.000 0.010
-0.163 0.039 1.327
-0.471 -0.485 0.533
-0.190 0.852 -0.489
-1.028 0.123 1.662
-0.441 -0.158 0.902
0.171 0.960 -0.222
1.654 -0.024 -0.624
1.106 -0.574 0.006
-0.361 0.835 0.415
-1.352 0.256 0.158
-0.593 -0.186 0.635
0.374 0.897 0.235
1.493 0.345 0.185
0.772 -0.346 0.135
-0.689 0.723 -0.048
-1.590 0.128 -0.208
-0.656 -0.121 -0.463
0.240 0.969 -0.066
-0.691 0.054 -0.528
0.013 -0.306 0.085
0.272 0.933 0.237
-0.002 0.191 -0.481
-0.147 -0.292 0.383
-0.080 0.876 0.476
0.716 0.261 0.373
-0.066 -0.355 0.460
-0.613 0.787 0.068
1.631 0.298 0.322
1.129 -0.349 -0.252
-0.426 0.763 -0.486
2.155 0.258 1.306
1.513 -0.315 0.797
-0.449 0.820 -0.356
0.729 0.257 0.801
0.458 -0.160 -0.067
-0.125 0.909 -0.399
-0.505 0.318 -0.713
0.052 -0.081 0.015
0.243 0.917 0.317
1.295 -0.047 -0.702
1.117 -0.656 0.071
-0.137 0.793 0.593
-0.797 0.122 0.900
0.088 -0.321 1.046
0.437 0.896 0.072
