49
3.658 0.448 2.130
2.904 0.300 1.489
-0.113 0.989 -0.096
-4.743 0.624 -2.098
-4.010 0.140 -1.621
0.406 0.875 0.264
-5.165 0.507 2.639
-4.438 0.242 2.006
0.200 0.964 -0.174
4.072 0.602 -1.865
3.294 0.527 -1.242
-0.059 0.997 0.047
0.711 0.435 -2.735
0.279 0.243 -1.854
-0.085 0.981 0.173
5.134 0.427 2.221
4.406 0.051 1.647
-0.295 0.927 -0.232
-1.272 0.687 -2.743
-0.860 0.232 -1.953
0.210 0.891 0.403
-4.432 0.706 2.526
-4.096 0.094 1.810
0.261 0.791 -0.554
1.446 0.577 2.058
0.785 0.068 1.507
-0.391 0.861 -0.326
5.077 0.599 2.515
4.227 0.473 2.003
-0.108 0.992 -0.065
2.932 0.715 2.481
2.485 0.471 1.621
-0.113 0.970 -0.217
-1.469 0.345 3.067
-1.382 -0.221 2.247
0.059 0.825 -0.562
-0.748 0.432 2.566
-1.216 -0.135 1.888
-0.322 0.824 -0.467
4.354 0.475 1.808
3.633 0.410 1.118
-0.046 0.998 -0.044
-2.236 0.438 -2.764
-1.632 0.151 -2.020
0.181 0.958 0.222
3.665 0.603 -2.503
3.202 0.182 -1.723
-0.215 0.907 0.362
2.180 0.543 -2.893
1.685 0.069 -2.164
-0.266 0.881 0.392
0.718 0.348 2.350
1.029 0.141 1.422
0.065 0.978 -0.196
-2.385 0.595 -1.004
-1.665 0.177 -0.450
0.331 0.909 0.255
-4.789 0.710 -1.360
-3.908 0.657 -0.890
0.047 0.999 0.025
-3.861 0.382 -1.150
-3.384 0.322 -0.273
0.028 0.998 0.052
-2.398 0.601 -1.510
-1.609 0.223 -1.026
0.323 0.926 0.198
-4.466 0.352 0.102
-3.557 0.272 0.511
0.073 0.997 0.033
-4.614 0.337 -1.732
-3.680 0.190 -1.405
0.139 0.989 0.049
-4.477 0.449 2.312
-3.558 0.134 2.073
0.305 0.949 -0.079
2.192 0.656 2.378
1.943 0.113 1.576
-0.161 0.839 -0.519
-4.758 0.698 0.849
-3.866 0.284 0.670
0.406 0.910 -0.082
4.025 0.676 1.821
3.097 0.324 1.699
-0.349 0.936 -0.046
-1.428 0.511 -3.475
-0.778 0.278 -2.751
0.155 0.973 0.173
4.963 0.569 3.256
4.270 0.506 2.538
-0.044 0.998 -0.046
-3.867 0.699 -1.375
-3.127 0.187 -0.940
0.441 0.859 0.259
5.060 0.624 1.042
4.133 0.252 1.016
-0.372 0.928 -0.011
1.435 0.576 -3.137
0.725 0.258 -2.508
-0.238 0.948 0.211
2.924 0.632 -2.651
2.615 0.104 -1.860
-0.192 0.849 0.492
-4.327 0.395 2.307
-3.558 0.159 1.714
0.187 0.972 -0.144
-2.933 0.432 3.350
-2.391 -0.035 2.651
0.286 0.884 -0.369
-1.133 0.476 -3.483
-0.439 0.327 -2.778
0.104 0.989 0.106
2.189 0.457 -2.605
2.058 -0.053 -1.754
-0.077 0.861 0.503
-4.433 0.467 2.511
-4.244 -0.157 1.752
0.150 0.782 -0.605
4.404 0.369 2.426
3.826 0.387 1.609
0.010 1.000 0.014
-5.328 0.480 -0.893
-4.515 0.457 -0.312
0.019 1.000 0.014
4.589 0.632 1.798
3.757 0.597 1.244
-0.029 0.999 -0.019
-5.339 0.436 -1.324
-4.721 -0.155 -0.806
0.453 0.807 0.380
-4.531 0.503 -0.633
-3.548 0.418 -0.470
0.083 0.996 0.014
-4.915 0.533 -1.355
-4.020 0.103 -1.234
0.426 0.903 0.057
-5.088 0.691 -2.085
-4.210 0.242 -1.916
0.441 0.894 0.085
-4.612 0.684 -1.665
-3.956 0.402 -0.965
0.192 0.959 0.206
-3.669 0.726 3.356
-3.353 0.334 2.492
0.135 0.920 -0.369
-0.769 0.420 -2.959
-0.622 -0.062 -2.096
0.081 0.876 0.476
