27
0.157 0.096 -0.385
0.105 -0.022 0.606
-0.006 0.993 0.118
0.569 0.221 -0.700
0.344 0.353 0.265
0.030 0.991 -0.129
0.312 0.352 -0.176
-0.081 -0.447 0.278
-0.523 0.601 0.604
-0.040 0.155 -0.111
-0.463 -0.353 0.640
-0.249 0.861 0.443
0.126 0.104 -0.617
-0.604 0.168 0.064
0.047 0.998 -0.044
0.631 0.090 -0.236
0.081 -0.435 0.413
-0.340 0.851 0.400
1.210 0.397 0.250
0.509 -0.067 0.792
-0.367 0.886 0.283
0.375 0.171 -0.426
0.026 -0.490 0.239
-0.307 0.751 0.585
0.728 0.012 0.460
-0.034 -0.599 0.245
-0.588 0.792 -0.166
0.405 0.321 0.520
-0.152 -0.093 -0.200
-0.253 0.910 -0.328
0.246 0.132 0.550
-0.313 0.006 -0.270
-0.071 0.992 -0.104
0.053 0.306 0.430
0.570 -0.159 1.148
0.272 0.885 0.377
0.645 0.102 -0.144
-0.214 -0.410 -0.162
-0.512 0.859 -0.011
0.331 0.247 -0.418
0.343 -0.426 0.322
0.011 0.740 0.673
0.522 0.163 0.387
1.004 -0.493 0.968
0.419 0.755 0.505
0.157 0.337 0.091
-0.123 -0.623 0.105
-0.959 0.280 0.050
1.328 0.058 0.494
1.980 -0.442 -0.075
0.376 0.866 -0.328
0.753 0.036 -0.334
1.627 -0.309 0.008
0.321 0.939 0.125
-0.190 0.077 0.414
0.335 -0.346 1.152
0.246 0.906 0.345
0.854 0.003 -0.039
-0.021 -0.428 -0.260
-0.419 0.902 -0.105
0.302 0.342 0.302
-0.093 -0.169 -0.462
-0.235 0.860 -0.454
0.229 0.115 0.133
1.045 0.102 0.711
0.011 1.000 0.008
1.373 0.219 -0.109
0.559 -0.286 -0.396
-0.476 0.863 -0.167
0.651 0.273 0.236
0.132 -0.459 -0.205
-0.557 0.682 -0.474
0.342 0.189 0.056
-0.140 -0.639 -0.232
-0.711 0.562 -0.424
1.287 0.076 -0.484
0.369 -0.250 -0.709
-0.317 0.945 -0.078
1.024 0.303 -0.582
0.195 -0.154 -0.905
-0.427 0.889 -0.166
