19
1.186 -0.013 0.183
0.350 -0.205 -0.332
-0.163 0.981 -0.101
0.512 0.009 0.970
-0.046 0.052 0.142
0.024 0.999 0.035
-2.192 0.124 0.878
-2.206 0.295 -0.107
0.002 0.985 0.172
0.985 0.187 0.652
0.081 0.197 0.226
0.009 1.000 0.004
0.984 -0.038 -0.282
-0.007 -0.174 -0.258
-0.136 0.991 0.003
-1.931 0.122 1.619
-1.824 -0.294 0.715
0.049 0.910 -0.413
1.513 0.089 -0.398
0.543 -0.050 -0.199
-0.136 0.990 0.028
-2.495 -0.051 -0.689
-1.758 -0.567 -0.253
0.444 0.857 0.262
-1.198 0.134 1.957
-0.842 -0.025 1.036
0.057 0.987 -0.149
1.100 0.284 -1.844
0.453 -0.046 -1.158
-0.227 0.944 0.241
1.049 0.162 0.836
0.152 -0.243 0.659
-0.397 0.915 -0.078
0.495 0.246 -0.955
-0.383 -0.099 -0.623
-0.323 0.938 0.122
0.560 0.225 0.453
-0.225 -0.289 0.105
-0.469 0.858 -0.208
-1.026 -0.024 1.661
-0.592 -0.155 0.769
0.057 0.991 -0.118
-0.432 -0.032 0.819
-0.650 -0.447 -0.065
-0.100 0.910 -0.403
-1.721 0.070 -0.546
-0.859 -0.137 -1.009
0.182 0.978 -0.098
-1.185 -0.066 1.209
-0.633 -0.230 0.391
0.092 0.986 -0.136
-1.029 0.154 1.653
-0.571 0.153 0.764
0.000 1.000 -0.000
-2.312 0.096 -0.314
-1.478 -0.423 -0.128
0.507 0.855 0.113
