60
0.355 -0.096 -0.213
-0.119 -0.881 0.186
-0.696 0.612 0.376
0.629 -0.013 -0.116
0.378 -0.477 0.734
-0.195 0.884 0.425
0.567 0.143 -0.130
1.477 0.026 0.268
0.092 0.992 0.082
0.640 0.152 -0.538
1.509 -0.049 -0.992
0.199 0.979 -0.053
0.628 0.149 -0.666
0.411 0.001 -1.631
0.011 0.988 -0.154
0.464 0.139 -0.560
-0.504 -0.106 -0.504
-0.246 0.969 -0.026
0.486 0.174 -0.507
-0.489 0.115 -0.723
-0.056 0.998 -0.019
0.444 -0.003 -0.433
-0.285 -0.686 -0.395
-0.684 0.730 0.001
0.579 -0.098 -0.411
0.234 -1.014 -0.204
-0.836 0.400 0.376
0.640 -0.116 -0.566
0.521 -0.924 -1.143
-0.113 0.589 -0.801
0.700 -0.158 -0.708
1.117 -1.031 -0.962
0.737 0.488 -0.468
0.965 -0.000 -0.645
1.530 -0.587 -1.225
0.511 0.801 -0.313
0.673 0.088 -0.556
0.191 -0.415 -1.274
-0.325 0.863 -0.386
0.546 0.018 -0.528
-0.188 -0.642 -0.367
-0.651 0.751 0.113
0.583 -0.395 -0.115
-0.195 -1.022 -0.064
-0.627 0.779 0.017
0.549 -0.103 -0.381
0.435 -0.940 0.153
-0.302 0.541 0.785
0.554 0.139 -0.509
0.756 0.113 0.470
-0.025 0.999 0.032
0.635 0.027 -0.833
1.203 -0.673 -0.400
0.433 0.702 0.565
0.648 0.104 -0.669
1.096 -0.197 0.173
0.127 0.953 0.274
1.519 0.041 -0.554
1.537 -0.542 0.259
-0.119 0.806 0.580
1.581 -0.195 -0.875
1.635 -1.061 -0.378
-0.125 0.488 0.864
1.444 -0.097 -0.952
1.039 -0.968 -1.230
-0.627 0.486 -0.609
1.797 -0.011 -1.090
1.286 -0.740 -1.547
-0.553 0.685 -0.474
1.606 0.146 -0.960
0.921 0.162 -1.687
-0.116 0.985 0.131
1.506 0.127 -0.968
1.016 -0.419 -1.647
-0.383 0.835 -0.395
1.427 0.122 -0.823
0.527 -0.314 -0.859
-0.436 0.900 -0.008
1.371 0.153 -0.981
0.505 -0.346 -0.983
-0.499 0.866 -0.034
1.469 0.061 -0.734
1.159 -0.577 -0.029
-0.446 0.753 0.484
1.650 0.151 -0.805
1.675 -0.309 0.082
-0.016 0.888 0.460
1.307 0.106 -0.388
1.101 -0.224 0.533
-0.090 0.944 0.318
0.219 0.054 0.450
0.644 -0.535 1.137
0.384 0.805 0.453
-0.182 -0.367 0.522
0.529 -0.977 0.873
0.556 0.792 0.251
-0.250 0.168 0.617
0.746 0.248 0.636
-0.079 0.996 -0.037
-0.254 -0.003 0.473
0.331 -0.727 0.105
0.653 0.688 -0.316
-0.354 0.025 0.534
-0.253 -0.533 -0.289
0.106 0.829 -0.548
-0.319 0.142 0.553
-0.041 -0.106 -0.375
0.105 0.968 -0.227
-0.353 0.085 0.341
0.584 -0.189 0.124
0.268 0.962 -0.053
-0.209 -0.082 0.434
0.291 -0.880 0.770
0.669 0.602 0.435
-0.457 0.103 0.538
-0.045 -0.312 1.349
0.129 0.908 0.399
-0.494 0.085 0.607
-0.258 -0.466 1.407
0.090 0.832 0.547
-0.130 -0.027 0.420
0.413 -0.727 0.883
0.516 0.714 0.474
1.012 -0.136 0.470
1.055 -1.034 0.908
0.166 0.439 0.883
0.819 0.089 0.682
0.790 -0.040 1.673
-0.039 0.991 0.128
0.680 0.035 0.878
0.106 -0.463 1.528
-0.340 0.867 0.364
0.557 0.195 0.724
0.024 0.326 1.560
0.076 0.991 -0.108
0.286 0.063 0.848
1.008 -0.403 1.360
0.313 0.880 0.359
0.393 0.088 1.012
0.787 -0.432 1.771
0.149 0.850 0.505
0.469 0.127 0.972
1.175 -0.556 1.162
0.644 0.730 0.229
0.327 0.062 0.944
0.383 -0.619 0.213
0.101 0.732 -0.674
0.280 0.117 0.939
0.291 -0.256 0.011
0.048 0.927 -0.372
0.630 0.391 1.120
1.447 -0.154 1.308
0.544 0.837 0.061
0.457 0.468 1.097
0.768 -0.178 1.794
0.247 0.763 0.597
0.823 -0.045 1.063
0.127 -0.628 1.481
-0.569 0.804 0.173
0.834 0.221 1.000
-0.006 0.038 1.511
-0.168 0.983 0.075
0.617 0.250 0.856
-0.048 0.036 1.572
-0.220 0.972 0.086
0.281 0.005 0.645
0.895 -0.500 1.252
0.349 0.863 0.365
0.176 -0.022 0.464
0.955 -0.561 0.145
0.514 0.842 -0.167
0.011 -0.162 0.426
-0.315 -0.945 -0.104
-0.280 0.615 -0.737
0.407 -0.134 -0.054
-0.332 -0.780 -0.245
-0.637 0.762 -0.115
-0.259 0.254 0.346
0.228 0.268 -0.528
0.003 1.000 0.017
-0.081 0.181 0.334
0.740 0.226 0.902
0.004 0.996 -0.084
