2006
0.355 -0.096 -0.213
-0.119 -0.881 0.186
-0.696 0.612 0.376
0.629 -0.013 -0.116
0.378 -0.477 0.734
-0.195 0.884 0.425
0.567 0.143 -0.130
1.477 0.026 0.268
0.092 0.992 0.082
0.640 0.152 -0.538
1.509 -0.049 -0.992
0.199 0.979 -0.053
0.628 0.149 -0.666
0.411 0.001 -1.631
0.011 0.988 -0.154
0.464 0.139 -0.560
-0.504 -0.106 -0.504
-0.246 0.969 -0.026
0.486 0.174 -0.507
-0.489 0.115 -0.723
-0.056 0.998 -0.019
0.444 -0.003 -0.433
-0.285 -0.686 -0.395
-0.684 0.730 0.001
0.579 -0.098 -0.411
0.234 -1.014 -0.204
-0.836 0.400 0.376
0.640 -0.116 -0.566
0.521 -0.924 -1.143
-0.113 0.589 -0.801
0.700 -0.158 -0.708
1.117 -1.031 -0.962
0.737 0.488 -0.468
0.965 -0.000 -0.645
1.530 -0.587 -1.225
0.511 0.801 -0.313
0.673 0.088 -0.556
0.191 -0.415 -1.274
-0.325 0.863 -0.386
0.546 0.018 -0.528
-0.188 -0.642 -0.367
-0.651 0.751 0.113
0.583 -0.395 -0.115
-0.195 -1.022 -0.064
-0.627 0.779 0.017
0.549 -0.103 -0.381
0.435 -0.940 0.153
-0.302 0.541 0.785
0.554 0.139 -0.509
0.756 0.113 0.470
-0.025 0.999 0.032
0.635 0.027 -0.833
1.203 -0.673 -0.400
0.433 0.702 0.565
0.648 0.104 -0.669
1.096 -0.197 0.173
0.127 0.953 0.274
1.519 0.041 -0.554
1.537 -0.542 0.259
-0.119 0.806 0.580
