30
0.791 0.155 0.221
0.173 -0.621 0.343
-0.756 0.630 0.180
0.795 0.296 0.307
-0.148 0.015 0.484
-0.274 0.960 0.064
0.699 0.358 0.219
-0.289 0.210 0.257
-0.150 0.988 -0.029
0.681 0.255 0.257
-0.103 -0.361 0.178
-0.613 0.788 -0.062
0.847 0.203 0.168
0.390 -0.637 -0.126
-0.715 0.543 -0.441
0.588 0.256 0.045
0.288 -0.519 -0.511
-0.227 0.623 -0.748
0.054 0.226 0.045
0.028 -0.600 -0.519
-0.084 0.564 -0.822
-0.479 0.152 0.086
-0.400 -0.714 -0.407
0.191 0.498 -0.846
-0.808 0.092 0.440
-0.940 -0.669 -0.196
-0.184 0.649 -0.738
-0.735 0.361 0.441
-1.176 0.152 -0.432
-0.092 0.978 -0.187
-0.708 0.375 0.465
-1.349 0.169 -0.275
-0.165 0.978 -0.130
-0.785 0.254 0.613
-1.513 -0.360 0.309
-0.594 0.787 -0.166
-0.829 0.318 0.165
-1.424 -0.463 -0.026
-0.804 0.575 0.151
-0.728 0.302 0.162
-0.931 -0.641 0.426
-0.881 0.294 0.372
-0.711 0.355 0.221
-1.229 -0.400 -0.181
-0.755 0.624 -0.202
-0.457 0.147 0.196
-0.695 -0.700 -0.279
-0.393 0.531 -0.750
-0.058 -0.034 0.135
-0.200 -0.924 -0.298
-0.194 0.454 -0.870
-0.082 0.127 -0.074
0.000 -0.690 -0.644
0.004 0.572 -0.820
0.188 0.207 0.106
0.686 -0.516 -0.373
0.577 0.689 -0.438
-0.081 0.380 0.107
0.820 0.055 -0.182
0.295 0.945 -0.143
-0.118 0.162 0.120
0.437 -0.668 0.180
0.813 0.556 0.175
-0.351 0.236 0.165
0.039 -0.386 0.843
0.260 0.782 0.567
-0.433 0.364 0.114
-0.039 0.092 0.992
0.108 0.962 0.250
-0.285 0.382 0.071
0.509 0.102 0.611
0.221 0.960 0.173
-0.109 0.351 0.233
0.828 0.006 0.177
0.345 0.939 -0.002
0.037 0.380 0.188
1.015 0.178 0.145
0.201 0.979 -0.015
0.615 0.164 0.072
0.536 -0.540 -0.634
0.015 0.707 -0.707
0.778 0.244 0.055
1.074 -0.363 -0.683
0.145 0.791 -0.594
0.790 0.324 0.095
1.190 -0.030 -0.750
0.023 0.926 -0.377
0.647 0.129 0.115
0.309 -0.707 -0.317
-0.493 0.549 -0.675
0.598 0.262 0.217
-0.282 -0.212 0.193
-0.473 0.880 -0.032
