18
-1.063 0.164 0.393
-0.213 -0.044 -0.092
0.180 0.978 -0.103
-1.532 0.367 -0.276
-0.643 -0.020 -0.521
0.373 0.922 -0.103
-1.568 0.384 -0.231
-0.590 0.347 -0.437
0.036 0.999 -0.008
-0.949 0.174 0.248
-0.437 0.115 -0.609
0.030 0.998 -0.051
1.924 0.302 -0.141
1.020 -0.115 -0.051
-0.416 0.909 0.042
-0.632 0.409 0.498
0.274 0.109 0.201
0.285 0.954 -0.093
-0.890 0.197 0.172
-0.368 -0.121 -0.619
0.175 0.948 -0.265
0.512 0.247 0.983
0.205 -0.249 0.171
-0.176 0.868 -0.464
0.410 0.344 -1.659
0.196 -0.176 -0.832
-0.130 0.854 0.503
0.921 0.481 0.311
0.465 -0.180 -0.285
-0.402 0.750 -0.525
0.270 0.146 -1.766
0.346 -0.351 -0.901
0.043 0.868 0.494
-1.369 0.352 -0.067
-0.470 -0.082 -0.121
0.433 0.901 -0.026
-0.834 0.189 1.369
-0.600 -0.241 0.497
0.111 0.903 -0.415
-0.436 0.331 0.860
-0.243 0.419 -0.117
-0.017 0.996 0.086
-0.014 0.327 -1.984
0.162 -0.054 -1.076
0.073 0.924 0.374
1.410 0.155 -0.300
0.633 -0.442 -0.100
-0.578 0.802 0.149
-0.219 0.341 1.852
-0.367 0.261 0.866
-0.012 0.997 -0.079
0.070 0.426 -1.578
0.099 -0.089 -0.722
0.018 0.857 0.515
