19
1.484 0.570 0.343
0.533 0.291 0.203
-0.275 0.960 -0.041
0.416 0.564 1.329
1.194 0.380 0.729
0.146 0.983 -0.113
1.040 0.551 -0.378
0.105 0.351 -0.082
-0.191 0.980 0.060
0.638 0.239 0.647
-0.300 0.187 0.306
-0.049 0.999 -0.018
-0.072 0.563 1.020
-0.556 0.234 0.209
-0.169 0.944 -0.283
0.608 0.420 0.938
1.271 0.224 0.216
0.132 0.981 -0.144
-0.315 0.479 -0.241
0.415 0.027 0.272
0.370 0.892 0.260
-1.208 0.553 0.061
-0.382 0.278 0.553
0.236 0.961 0.141
-0.589 0.252 -0.372
0.213 -0.204 0.013
0.411 0.890 0.198
0.417 0.361 -1.350
0.827 -0.258 -0.680
0.323 0.786 0.528
-0.512 0.552 -0.989
-0.242 0.095 -0.140
0.138 0.890 0.435
-1.057 0.512 -1.373
-1.099 0.190 -0.427
-0.014 0.947 0.321
0.031 0.567 -0.805
0.461 0.139 -0.010
0.204 0.904 0.377
1.698 0.204 0.086
0.955 -0.117 0.672
-0.253 0.947 0.199
-0.559 0.327 -0.889
0.029 0.114 -0.109
0.128 0.977 0.170
0.633 0.368 1.385
-0.098 -0.091 0.881
-0.379 0.888 -0.261
1.475 0.318 -0.567
1.123 0.360 0.368
0.015 0.999 -0.040
0.521 0.379 -0.096
0.349 -0.149 0.736
-0.107 0.849 0.517
0.251 0.203 -1.058
0.112 0.264 -0.070
0.009 0.998 -0.061
