10
-1.465 0.187 -0.434
-0.738 -0.285 0.064
0.390 0.882 0.267
-1.714 0.474 -0.390
-0.803 0.261 -0.036
0.199 0.977 0.077
2.323 0.249 -1.203
1.735 -0.294 -0.603
-0.380 0.840 0.387
0.935 0.271 -0.246
0.712 -0.455 0.405
-0.235 0.687 0.687
-2.176 0.229 -0.308
-1.247 0.137 0.052
0.086 0.996 0.033
2.246 0.499 0.024
1.466 -0.117 -0.084
-0.610 0.788 -0.084
1.000 0.257 0.076
0.685 -0.576 0.530
-0.475 0.552 0.685
-2.321 0.335 0.905
-1.467 0.330 0.384
0.005 1.000 -0.003
0.890 0.491 -0.468
0.552 0.004 0.337
-0.189 0.873 0.450
-2.203 0.473 1.272
-1.405 -0.101 1.084
0.558 0.820 -0.131
