706
-1.765 0.039 -0.159
-1.715 -0.809 -0.687
0.283 0.519 -0.807
-1.523 0.161 -0.044
-0.827 -0.479 -0.371
0.607 0.767 -0.208
-1.556 0.344 0.057
-0.840 0.376 -0.640
-0.008 0.999 0.038
-1.544 0.337 0.130
-0.608 0.279 0.477
0.070 0.997 -0.022
-1.661 0.318 -0.153
-1.500 0.274 0.833
0.015 0.999 0.042
-1.642 0.025 -0.179
-1.259 -0.783 0.268
0.517 0.589 0.621
-1.695 0.082 -0.198
-1.204 -0.719 -0.540
0.732 0.592 -0.337
-1.190 0.200 -0.567
-1.222 -0.269 -1.450
0.086 0.878 -0.470
-0.578 0.302 -0.564
-1.301 0.275 -1.255
-0.015 1.000 -0.024
-0.426 0.123 -0.688
-0.627 -0.541 -1.408
-0.156 0.747 -0.646
-0.459 0.123 -1.046
0.154 -0.560 -1.445
0.592 0.730 -0.341
-0.635 0.273 -0.857
-0.024 0.024 -1.608
0.211 0.966 -0.148
-0.358 0.300 -1.009
0.508 0.013 -0.601
0.236 0.956 0.173
-0.333 0.223 -0.619
-0.332 -0.113 0.322
-0.004 0.942 0.336
0.363 0.233 0.281
1.336 0.004 0.255
0.231 0.969 0.089
1.108 0.249 0.724
0.535 0.070 -0.076
-0.103 0.984 -0.147
1.328 0.162 1.030
0.545 -0.294 1.453
-0.418 0.889 0.184
0.597 0.221 1.460
-0.232 -0.080 0.989
-0.224 0.951 -0.212
0.567 0.268 0.786
0.975 0.269 -0.127
-0.022 1.000 -0.009
0.470 0.171 0.781
1.302 -0.334 1.008
0.456 0.858 0.236
