1122
-0.232 -0.069 -0.276
0.325 -0.415 -1.032
0.124 0.934 -0.335
-0.319 -0.143 -0.983
0.562 -0.552 -1.221
0.371 0.909 -0.189
-0.041 -0.055 -1.400
0.817 -0.437 -1.056
0.365 0.924 0.114
0.111 -0.039 -1.404
0.969 -0.429 -1.070
0.389 0.919 0.072
-0.191 -0.103 -0.551
0.658 -0.617 -0.426
0.514 0.857 0.031
-0.350 0.182 -0.501
0.620 0.206 -0.743
-0.022 1.000 0.011
-0.299 0.116 -0.374
0.647 0.038 -0.059
0.066 0.997 0.049
0.154 -0.165 -0.574
0.721 -0.618 0.114
0.257 0.891 0.375
-0.176 -0.052 -0.353
0.561 -0.446 0.196
0.333 0.919 0.213
-0.310 -0.075 0.915
0.538 -0.583 0.766
0.481 0.858 -0.179
-0.106 -0.030 0.924
0.790 -0.466 0.840
0.425 0.896 -0.131
0.146 0.044 0.140
0.902 -0.137 0.769
0.129 0.983 0.127
0.039 0.252 0.145
0.848 0.359 0.723
-0.102 0.994 -0.040
0.221 -0.005 0.197
0.597 -0.320 1.068
0.059 0.947 0.317
0.365 -0.043 0.116
0.292 -0.550 0.975
-0.135 0.858 0.495
0.525 0.289 0.169
0.417 0.325 1.162
-0.090 0.995 -0.046
-0.053 -0.040 0.075
-0.167 -0.477 0.967
-0.033 0.899 0.436
-0.821 0.131 0.150
-0.544 0.103 1.111
-0.026 0.999 0.037
-0.308 0.000 0.296
-0.760 -0.442 1.071
-0.177 0.895 0.408
0.043 -0.132 1.216
-0.862 -0.548 1.301
-0.415 0.909 0.029
