21
0.221 -0.035 5.079
-0.247 -0.461 4.305
-0.220 0.905 -0.364
-2.692 -0.066 -5.629
-3.070 -0.194 -4.711
-0.049 0.992 0.118
0.779 -0.236 3.708
0.481 -0.686 2.866
-0.150 0.893 -0.424
-1.498 0.013 -4.401
-1.727 -0.366 -3.504
-0.094 0.925 0.368
-1.737 -0.204 2.589
-1.507 -0.696 1.749
0.130 0.871 -0.475
2.771 -0.013 -3.315
2.170 -0.548 -2.723
-0.382 0.844 0.376
-2.209 -0.352 -2.795
-1.822 -0.589 -1.904
0.094 0.971 0.218
0.802 -0.158 5.172
0.615 -0.363 4.211
-0.039 0.979 -0.201
-2.236 -0.244 -4.287
-1.896 -0.462 -3.372
0.076 0.976 0.205
-1.733 -0.020 3.389
-1.190 -0.482 2.688
0.283 0.887 -0.365
-0.055 -0.033 -4.116
-0.691 -0.406 -3.441
-0.256 0.928 0.272
-0.541 -0.185 4.880
-0.852 -0.378 3.949
-0.061 0.981 -0.183
1.804 -0.286 -3.614
1.194 -0.744 -2.968
-0.315 0.889 0.333
2.822 -0.250 -3.505
2.157 -0.787 -2.985
-0.423 0.844 0.330
-1.954 -0.221 -2.754
-1.464 -0.379 -1.898
0.079 0.987 0.137
-1.826 -0.247 4.100
-1.448 -0.730 3.310
0.209 0.876 -0.436
-2.223 0.029 -1.547
-1.358 -0.464 -1.460
0.490 0.870 0.049
-1.341 0.007 2.514
-1.120 -0.176 1.556
0.041 0.983 -0.179
-0.347 -0.205 3.880
-0.764 -0.685 3.108
-0.228 0.877 -0.422
-2.416 -0.000 -4.315
-1.908 -0.105 -3.460
0.054 0.994 0.090
-1.713 -0.071 3.321
-1.197 -0.648 2.688
0.365 0.817 -0.447
