9
0.728 0.706 0.334
-0.049 0.172 0.665
-0.492 0.845 0.209
-1.495 0.376 1.242
-1.129 -0.208 0.517
0.263 0.812 -0.521
0.159 0.644 0.436
-0.269 0.156 -0.324
-0.239 0.873 -0.425
-1.962 0.648 -0.159
-1.552 0.141 0.599
0.241 0.862 0.446
-1.994 0.435 -0.343
-1.217 -0.043 0.066
0.423 0.878 0.223
1.054 0.368 -1.396
0.528 0.019 -0.620
-0.196 0.937 0.289
-0.262 0.670 -0.262
-0.398 0.071 0.526
-0.102 0.800 0.591
-1.990 0.533 -0.343
-0.999 0.400 -0.319
0.133 0.991 0.003
1.473 0.647 -1.426
0.560 0.264 -1.284
-0.379 0.924 0.059
