9
0.246 0.501 -0.254
-0.217 0.232 0.590
-0.124 0.963 0.239
0.134 0.440 -0.005
-0.667 0.023 0.425
-0.369 0.909 0.196
-0.414 0.412 -0.039
-1.233 -0.032 -0.403
-0.415 0.896 -0.159
-0.619 0.281 -0.530
-0.516 -0.362 -1.289
0.103 0.766 -0.634
-0.479 0.351 -0.726
0.333 -0.070 -1.130
0.359 0.906 -0.225
0.121 0.415 -1.076
1.009 0.036 -0.813
0.368 0.926 0.090
0.387 0.424 -0.277
0.964 0.174 0.501
0.148 0.968 0.201
0.807 0.332 0.062
0.359 -0.116 0.836
-0.214 0.894 0.393
0.217 0.412 0.135
-0.715 0.059 0.219
-0.349 0.935 0.056
-0.231 0.354 0.026
-0.605 -0.077 -0.795
-0.242 0.900 -0.363
