19
-0.851 0.064 -0.137
-1.575 -0.418 -0.631
-0.404 0.876 -0.263
-0.902 0.013 -0.048
-1.487 -0.540 -0.641
-0.453 0.830 -0.326
-0.916 0.069 -0.082
-1.636 -0.459 0.370
-0.426 0.848 0.315
-0.664 -0.022 -0.338
-0.466 -0.627 0.433
0.166 0.796 0.582
0.361 0.031 -0.255
0.499 -0.257 0.692
0.108 0.955 0.275
0.830 0.195 -0.389
1.686 0.006 0.091
0.206 0.978 0.019
0.569 0.201 0.060
1.052 -0.019 -0.787
0.097 0.975 -0.198
0.093 -0.038 0.031
-0.002 -0.794 -0.616
-0.135 0.654 -0.744
-0.382 0.086 -0.174
-1.201 -0.387 -0.499
-0.493 0.870 -0.024
-0.955 0.149 -0.391
-1.859 -0.146 -0.081
-0.216 0.940 0.262
-0.766 0.008 -0.469
-0.573 -0.569 0.324
0.181 0.816 0.550
-1.205 0.249 -0.014
-1.338 0.052 0.957
0.069 0.976 0.207
-0.665 -0.001 -0.470
0.109 -0.598 -0.258
0.597 0.799 0.075
0.841 0.068 -0.052
1.588 -0.393 0.428
0.401 0.887 0.228
1.313 0.124 -0.490
2.283 -0.093 -0.382
0.210 0.975 0.073
0.280 0.169 -0.404
0.662 0.046 0.512
0.108 0.990 0.088
0.291 -0.172 -0.479
0.442 -0.921 0.166
0.069 0.659 0.749
0.685 0.049 -0.370
-0.097 -0.534 -0.589
-0.571 0.812 -0.122
1.593 0.098 -0.434
0.927 -0.531 -0.835
-0.655 0.751 -0.090
-1.028 0.096 -0.140
-1.943 -0.221 -0.391
-0.308 0.949 -0.071
