15
0.953 0.595 0.848
0.291 -0.016 0.415
-0.512 0.791 -0.335
0.010 0.612 1.392
-0.367 -0.063 0.757
-0.345 0.738 -0.580
-1.144 0.384 0.693
-0.393 -0.246 0.497
0.610 0.776 -0.159
-0.329 0.483 1.140
0.263 -0.239 0.781
0.618 0.692 -0.374
-0.612 0.508 0.752
-0.098 -0.193 0.257
0.505 0.713 -0.486
0.186 0.508 0.603
0.522 -0.407 0.828
0.760 0.405 0.509
0.457 0.543 0.325
-0.365 0.043 0.052
-0.475 0.866 -0.158
-0.003 0.578 0.326
-0.610 -0.210 0.426
-0.777 0.616 0.129
0.954 0.548 0.848
0.172 0.199 0.332
-0.291 0.937 -0.192
-0.612 0.241 0.901
-0.049 -0.291 0.269
0.355 0.846 -0.398
-0.632 0.558 1.142
0.243 0.168 0.854
0.371 0.921 -0.122
-0.620 0.450 0.609
0.163 -0.131 0.386
0.558 0.814 -0.159
-0.088 0.508 1.138
0.617 0.055 0.593
0.359 0.891 -0.277
0.988 0.618 0.763
0.815 -0.119 0.110
-0.189 0.676 -0.713
0.149 0.548 0.857
-0.678 0.011 0.689
-0.526 0.844 -0.107
