19
0.447 0.287 0.859
0.431 -0.156 -0.037
-0.008 0.897 -0.442
2.870 0.179 0.301
2.076 -0.261 -0.119
-0.389 0.898 -0.206
-0.388 0.405 1.079
-0.270 -0.066 0.206
0.063 0.882 -0.468
-1.043 0.097 0.897
-0.258 -0.349 0.465
0.390 0.895 -0.215
2.771 0.089 -0.565
1.937 -0.422 -0.356
-0.496 0.860 0.124
0.360 0.292 0.531
0.654 -0.365 -0.163
0.256 0.754 -0.605
2.248 0.201 -0.433
1.469 -0.396 -0.624
-0.580 0.802 -0.142
-1.163 0.094 1.530
-1.220 -0.132 0.558
-0.013 0.974 -0.225
2.042 0.262 0.783
1.331 -0.336 0.412
-0.530 0.801 -0.276
-0.863 0.205 0.838
-0.248 -0.398 0.331
0.466 0.797 -0.384
2.116 0.259 0.413
1.536 -0.292 -0.187
-0.383 0.834 -0.396
2.873 0.324 -0.106
2.146 -0.335 -0.305
-0.635 0.753 -0.174
3.358 0.039 0.178
2.392 -0.199 0.277
-0.238 0.971 0.024
2.103 0.387 0.775
1.752 -0.267 0.104
-0.304 0.757 -0.579
-1.141 0.222 1.611
-0.493 0.146 0.854
0.049 0.997 -0.058
-1.131 0.410 0.017
-0.260 -0.059 -0.129
0.463 0.883 -0.078
-0.369 0.193 1.153
-0.338 -0.001 0.172
0.006 0.981 -0.194
-0.844 0.236 -0.077
0.113 0.047 -0.299
0.184 0.982 -0.043
2.327 0.159 -1.344
1.921 -0.365 -0.596
-0.250 0.851 0.461
