14
1.950 0.111 -0.315
1.201 -0.197 -0.903
-0.248 0.951 -0.183
1.923 0.207 -0.304
1.101 0.233 -0.872
0.015 1.000 0.024
1.189 0.142 -0.546
0.239 -0.147 -0.425
-0.293 0.956 -0.010
0.454 0.048 -0.777
-0.251 -0.335 -0.180
-0.347 0.920 0.181
0.341 0.052 -0.535
0.190 -0.314 0.383
-0.164 0.925 0.342
-0.278 0.028 -0.275
0.049 -0.392 0.572
0.106 0.907 0.408
-0.576 -0.010 -0.120
0.246 -0.514 0.145
0.481 0.864 0.152
-0.305 0.065 0.742
0.217 -0.388 0.020
0.222 0.890 -0.398
-0.209 0.104 0.755
-0.196 -0.162 -0.209
0.045 0.963 -0.266
0.332 0.121 -0.513
0.283 -0.208 -1.456
-0.040 0.944 -0.327
0.817 0.113 -0.273
-0.124 -0.198 -0.138
-0.319 0.947 -0.039
1.328 0.198 0.219
0.501 -0.009 0.741
-0.231 0.973 0.020
2.046 0.309 1.200
1.230 -0.073 1.635
-0.400 0.915 0.053
2.612 0.259 1.161
1.758 -0.222 1.360
-0.490 0.872 0.006
2.041 0.265 0.653
1.147 0.067 0.253
-0.164 0.979 -0.117
