22
1.841 0.059 0.119
1.354 -0.168 -0.724
-0.113 0.974 -0.196
1.843 -0.114 0.034
1.202 -0.374 -0.688
-0.172 0.966 -0.194
1.064 -0.321 0.434
0.064 -0.320 0.462
0.001 1.000 -0.000
0.842 -0.030 -1.434
-0.047 0.138 -1.009
0.152 0.986 -0.072
1.223 -0.282 0.143
0.857 -0.027 -0.752
0.096 0.967 0.235
1.423 -0.283 -0.348
0.512 -0.361 0.056
-0.071 0.997 0.031
-0.013 -0.007 0.217
0.608 -0.440 -0.437
0.298 0.901 -0.314
-0.625 0.029 -0.068
-0.058 -0.280 -0.831
0.184 0.951 -0.248
1.762 -0.034 -0.761
0.861 0.222 -0.411
0.239 0.967 -0.093
0.700 -0.135 0.413
-0.135 -0.537 0.035
-0.366 0.916 -0.166
1.420 -0.194 0.455
0.712 -0.084 -0.242
0.078 0.994 0.077
0.831 -0.298 1.039
-0.131 -0.565 1.094
-0.267 0.963 0.015
-0.802 -0.062 1.304
0.002 -0.271 0.746
0.172 0.978 -0.119
1.081 -0.163 -0.801
0.342 -0.355 -0.155
-0.144 0.981 0.126
1.212 -0.308 1.061
0.522 -0.579 0.390
-0.194 0.963 -0.189
-1.212 -0.032 0.062
-0.296 -0.093 -0.336
0.055 0.998 -0.024
1.841 0.070 0.115
1.388 -0.533 -0.542
-0.343 0.798 -0.496
-0.644 -0.307 0.988
-0.306 -0.273 0.047
-0.012 0.999 0.032
0.975 -0.301 -0.808
0.025 -0.127 -1.069
0.167 0.985 0.046
1.467 -0.306 -0.160
0.601 -0.557 0.272
-0.225 0.968 0.112
0.879 -0.008 -0.195
0.039 -0.457 -0.499
-0.423 0.893 -0.153
-1.264 0.017 1.076
-1.027 -0.058 0.108
0.018 0.997 -0.073
