9
-0.451 0.291 1.095
-0.105 0.070 0.183
0.078 0.975 -0.206
1.225 0.426 -1.048
0.242 0.560 -1.171
0.133 0.991 0.017
-1.858 0.543 0.391
-1.397 -0.147 -0.167
0.440 0.724 -0.532
1.719 0.367 -0.233
0.744 0.340 -0.011
-0.027 1.000 0.006
-1.601 0.602 0.312
-0.735 0.212 0.627
0.366 0.921 0.134
-0.541 0.328 -0.812
-0.124 0.081 0.063
0.106 0.969 0.223
0.282 0.508 -0.917
0.288 0.035 -0.035
0.003 0.881 0.472
-0.408 0.331 1.042
0.343 -0.202 0.652
0.473 0.846 -0.246
-0.961 0.556 0.825
-0.006 0.272 0.731
0.282 0.959 -0.028
